"249180020","WARSZOWICE","2012","11","01",1.8,"","W",0,"9",0,"8","","8",".",""
"249180020","WARSZOWICE","2012","11","04",27.4,"","W",0,"9",0,"8","","8",".",""
"249180020","WARSZOWICE","2012","11","05",6.8,"","W",0,"9",0,"8","","8",".",""
"249180020","WARSZOWICE","2012","11","06",1.9,"","W",0,"9",0,"8","","8",".",""
"249180020","WARSZOWICE","2012","11","07",.6,"","W",0,"9",0,"8","","8",".",""
"249180020","WARSZOWICE","2012","11","08",.2,"","W",0,"9",0,"8","","8",".",""
"249180020","WARSZOWICE","2012","11","09",.5,"","W",0,"9",0,"8","","8",".",""
"249180020","WARSZOWICE","2012","11","11",.1,"","W",0,"9",0,"8","","8",".",""
"249180020","WARSZOWICE","2012","11","12",.9,"","W",0,"9",0,"8","","8",".",""
"249180020","WARSZOWICE","2012","11","21",.5,"","W",0,"9",0,"8","","8",".",""
"249180020","WARSZOWICE","2012","11","23",1.6,"","W",0,"9",0,"8","","8",".",""
"249180020","WARSZOWICE","2012","11","28",.4,"","W",0,"9",0,"8","","8",".",""
"249180020","WARSZOWICE","2012","11","29",1.6,"","W",0,"9",0,"8","","8",".",""
"249180020","WARSZOWICE","2012","11","30",3.6,"","S",0,"9",0,"8","","8",".",""
"249180030","CHA£UPKI","2012","11","01",1.4,"","W",0,"9",0,"8","","8",".",""
"249180030","CHA£UPKI","2012","11","02",.3,"","W",0,"9",0,"8","","8",".",""
"249180030","CHA£UPKI","2012","11","04",19.7,"","W",0,"9",0,"8","","8",".",""
"249180030","CHA£UPKI","2012","11","05",5.6,"","W",0,"9",0,"8","","8",".",""
"249180030","CHA£UPKI","2012","11","06",2.3,"","W",0,"9",0,"8","","8",".",""
"249180030","CHA£UPKI","2012","11","07",.4,"","W",0,"9",0,"8","","8",".",""
"249180030","CHA£UPKI","2012","11","08",.0,"","W",0,"9",0,"8","","8",".",""
"249180030","CHA£UPKI","2012","11","11",.0,"","W",0,"9",0,"8","","8",".",""
"249180030","CHA£UPKI","2012","11","12",.9,"","W",0,"9",0,"8","","8",".",""
"249180030","CHA£UPKI","2012","11","19",.2,"","W",0,"9",0,"8","","8",".",""
"249180030","CHA£UPKI","2012","11","21",.6,"","W",0,"9",0,"8","","8",".",""
"249180030","CHA£UPKI","2012","11","23",.5,"","W",0,"9",0,"8","","8",".",""
"249180030","CHA£UPKI","2012","11","29",1.4,"","W",0,"9",0,"8","","8",".",""
"249180030","CHA£UPKI","2012","11","30",4.5,"","W",0,"9",0,"8","","8",".",""
"249180040","WIS£A WIELKA","2012","11","01",.4,"","W",0,"9",0,"8","","8",".",""
"249180040","WIS£A WIELKA","2012","11","04",23.1,"","W",0,"9",0,"8","","8",".",""
"249180040","WIS£A WIELKA","2012","11","05",10.4,"","W",0,"9",0,"8","","8",".",""
"249180040","WIS£A WIELKA","2012","11","06",1.1,"","W",0,"9",0,"8","","8",".",""
"249180040","WIS£A WIELKA","2012","11","07",.6,"","W",0,"9",0,"8","","8",".",""
"249180040","WIS£A WIELKA","2012","11","09",.7,"","W",0,"9",0,"8","","8",".",""
"249180040","WIS£A WIELKA","2012","11","12",.3,"","W",0,"9",0,"8","","8",".",""
"249180040","WIS£A WIELKA","2012","11","20",.4,"","W",0,"9",0,"8","","8",".",""
"249180040","WIS£A WIELKA","2012","11","21",3.3,"","W",0,"9",0,"8","","8",".",""
"249180040","WIS£A WIELKA","2012","11","23",2.1,"","W",0,"9",0,"8","","8",".",""
"249180040","WIS£A WIELKA","2012","11","29",.4,"","W",0,"9",0,"8","","8",".",""
"249180040","WIS£A WIELKA","2012","11","30",1.7,"","W",0,"9",0,"8","","8",".",""
"249180050","GOCZA£KOWICE-ZDR”J","2012","11","01",.0,"","W",0,"9",0,"8","","8",".",""
"249180050","GOCZA£KOWICE-ZDR”J","2012","11","02",.1,"","W",0,"9",0,"8","","8",".",""
"249180050","GOCZA£KOWICE-ZDR”J","2012","11","04",15.8,"","W",0,"9",0,"8","","8",".",""
"249180050","GOCZA£KOWICE-ZDR”J","2012","11","05",10.2,"","W",0,"9",0,"8","","8",".",""
"249180050","GOCZA£KOWICE-ZDR”J","2012","11","06",2.4,"","W",0,"9",0,"8","","8",".",""
"249180050","GOCZA£KOWICE-ZDR”J","2012","11","07",.9,"","W",0,"9",0,"8","","8",".",""
"249180050","GOCZA£KOWICE-ZDR”J","2012","11","09",.6,"","W",0,"9",0,"8","","8",".",""
"249180050","GOCZA£KOWICE-ZDR”J","2012","11","12",2.1,"","W",0,"9",0,"8","","8",".",""
"249180050","GOCZA£KOWICE-ZDR”J","2012","11","21",3.6,"","W",0,"9",0,"8","","8",".",""
"249180050","GOCZA£KOWICE-ZDR”J","2012","11","23",1.1,"","W",0,"9",0,"8","","8",".",""
"249180050","GOCZA£KOWICE-ZDR”J","2012","11","29",.5,"","W",0,"9",0,"8","","8",".",""
"249180050","GOCZA£KOWICE-ZDR”J","2012","11","30",3.7,"","S",0,"9",0,"8","","8",".",""
"249180060","GO£KOWICE","2012","11","01",2.8,"","W",0,"9",0,"8","","8",".",""
"249180060","GO£KOWICE","2012","11","02",.8,"","W",0,"9",0,"8","","8",".",""
"249180060","GO£KOWICE","2012","11","04",30.8,"","W",0,"9",0,"8","","8",".",""
"249180060","GO£KOWICE","2012","11","05",8.5,"","W",0,"9",0,"8","","8",".",""
"249180060","GO£KOWICE","2012","11","06",1.6,"","W",0,"9",0,"8","","8",".",""
"249180060","GO£KOWICE","2012","11","07",.6,"","W",0,"9",0,"8","","8",".",""
"249180060","GO£KOWICE","2012","11","08",.2,"","W",0,"9",0,"8","","8",".",""
"249180060","GO£KOWICE","2012","11","12",.9,"","W",0,"9",0,"8","","8",".",""
"249180060","GO£KOWICE","2012","11","23",1.2,"","W",0,"9",0,"8","","8",".",""
"249180060","GO£KOWICE","2012","11","29",1.2,"","W",0,"9",0,"8","","8",".",""
"249180060","GO£KOWICE","2012","11","30",4.9,"","W",0,"9",0,"8","","8",".",""
"249180070","MAZA—COWICE","2012","11","02",.3,"","W",0,"9",0,"8","","8",".",""
"249180070","MAZA—COWICE","2012","11","04",13.5,"","W",0,"9",0,"8","","8",".",""
"249180070","MAZA—COWICE","2012","11","05",14.8,"","W",0,"9",0,"8","","8",".",""
"249180070","MAZA—COWICE","2012","11","06",3.4,"","W",0,"9",0,"8","","8",".",""
"249180070","MAZA—COWICE","2012","11","07",.9,"","W",0,"9",0,"8","","8",".",""
"249180070","MAZA—COWICE","2012","11","09",.8,"","W",0,"9",0,"8","","8",".",""
"249180070","MAZA—COWICE","2012","11","11",.3,"","W",0,"9",0,"8","","8",".",""
"249180070","MAZA—COWICE","2012","11","12",2.3,"","W",0,"9",0,"8","","8",".",""
"249180070","MAZA—COWICE","2012","11","19",.2,"","W",0,"9",0,"8","","8",".",""
"249180070","MAZA—COWICE","2012","11","21",2.3,"","W",0,"9",0,"8","","8",".",""
"249180070","MAZA—COWICE","2012","11","22",.0,"","W",0,"9",0,"8","","8",".",""
"249180070","MAZA—COWICE","2012","11","23",1.0,"","W",0,"9",0,"8","","8",".",""
"249180070","MAZA—COWICE","2012","11","29",.7,"","W",0,"9",0,"8","","8",".",""
"249180070","MAZA—COWICE","2012","11","30",3.0,"","W",0,"9",0,"8","","8",".",""
"249180080","OCHABY","2012","11","01",.3,"","W",0,"9",0,"8","","8",".",""
"249180080","OCHABY","2012","11","02",.3,"","W",0,"9",0,"8","","8",".",""
"249180080","OCHABY","2012","11","04",20.7,"","W",0,"9",0,"8","","8",".",""
"249180080","OCHABY","2012","11","05",12.4,"","W",0,"9",0,"8","","8",".",""
"249180080","OCHABY","2012","11","06",5.5,"","W",0,"9",0,"8","","8",".",""
"249180080","OCHABY","2012","11","07",.6,"","W",0,"9",0,"8","","8",".",""
"249180080","OCHABY","2012","11","08",.5,"","W",0,"9",0,"8","","8",".",""
"249180080","OCHABY","2012","11","09",.1,"","W",0,"9",0,"8","","8",".",""
"249180080","OCHABY","2012","11","12",2.0,"","W",0,"9",0,"8","","8",".",""
"249180080","OCHABY","2012","11","18",.0,"","W",0,"9",0,"8","","8",".",""
"249180080","OCHABY","2012","11","20",.1,"","W",0,"9",0,"8","","8",".",""
"249180080","OCHABY","2012","11","21",2.7,"","W",0,"9",0,"8","","8",".",""
"249180080","OCHABY","2012","11","22",.0,"","W",0,"9",0,"8","","8",".",""
"249180080","OCHABY","2012","11","23",1.2,"","W",0,"9",0,"8","","8",".",""
"249180080","OCHABY","2012","11","24",.0,"","W",0,"9",0,"8","","8",".",""
"249180080","OCHABY","2012","11","28",.0,"","W",0,"9",0,"8","","8",".",""
"249180080","OCHABY","2012","11","29",1.2,"","W",0,"9",0,"8","","8",".",""
"249180080","OCHABY","2012","11","30",3.3,"","W",0,"9",0,"8","","8",".",""
"249180090","RUDZICA","2012","11","04",17.3,"","W",0,"9",0,"8","","8",".",""
"249180090","RUDZICA","2012","11","05",14.1,"","W",0,"9",0,"8","","8",".",""
"249180090","RUDZICA","2012","11","06",3.9,"","W",0,"9",0,"8","","8",".",""
"249180090","RUDZICA","2012","11","07",.5,"","W",0,"9",0,"8","","8",".",""
"249180090","RUDZICA","2012","11","08",.7,"","W",0,"9",0,"8","","8",".",""
"249180090","RUDZICA","2012","11","09",1.1,"","W",0,"9",0,"8","","8",".",""
"249180090","RUDZICA","2012","11","12",2.2,"","W",0,"9",0,"8","","8",".",""
"249180090","RUDZICA","2012","11","21",2.7,"","W",0,"9",0,"8","","8",".",""
"249180090","RUDZICA","2012","11","23",1.3,"","W",0,"9",0,"8","","8",".",""
"249180090","RUDZICA","2012","11","29",.9,"","W",0,"9",0,"8","","8",".",""
"249180090","RUDZICA","2012","11","30",3.8,"","S",0,"9",0,"8","","8",".",""
"249180110","KACZYCE","2012","11","01",.5,"","W",0,"9",0,"8","","8",".",""
"249180110","KACZYCE","2012","11","02",.1,"","W",0,"9",0,"8","","8",".",""
"249180110","KACZYCE","2012","11","04",19.2,"","W",0,"9",0,"8","","8",".",""
"249180110","KACZYCE","2012","11","05",9.8,"","W",0,"9",0,"8","","8",".",""
"249180110","KACZYCE","2012","11","06",5.1,"","W",0,"9",0,"8","","8",".",""
"249180110","KACZYCE","2012","11","07",.5,"","W",0,"9",0,"8","","8",".",""
"249180110","KACZYCE","2012","11","08",.6,"","W",0,"9",0,"8","","8",".",""
"249180110","KACZYCE","2012","11","11",.0,"","W",0,"9",0,"8","","8",".",""
"249180110","KACZYCE","2012","11","12",1.8,"","W",0,"9",0,"8","","8",".",""
"249180110","KACZYCE","2012","11","21",1.1,"","W",0,"9",0,"8","","8",".",""
"249180110","KACZYCE","2012","11","23",.5,"","W",0,"9",0,"8","","8",".",""
"249180110","KACZYCE","2012","11","29",1.6,"","W",0,"9",0,"8","","8",".",""
"249180110","KACZYCE","2012","11","30",3.1,"","S",0,"9",0,"8","","8",".",""
"249180120","SKOCZ”W","2012","11","02",.5,"","W",0,"9",0,"8","","8",".",""
"249180120","SKOCZ”W","2012","11","04",19.9,"","W",0,"9",0,"8","","8",".",""
"249180120","SKOCZ”W","2012","11","05",11.4,"","W",0,"9",0,"8","","8",".",""
"249180120","SKOCZ”W","2012","11","06",5.0,"","W",0,"9",0,"8","","8",".",""
"249180120","SKOCZ”W","2012","11","07",.8,"","W",0,"9",0,"8","","8",".",""
"249180120","SKOCZ”W","2012","11","08",1.0,"","W",0,"9",0,"8","","8",".",""
"249180120","SKOCZ”W","2012","11","09",.1,"","W",0,"9",0,"8","","8",".",""
"249180120","SKOCZ”W","2012","11","11",.0,"","W",0,"9",0,"8","","8",".",""
"249180120","SKOCZ”W","2012","11","12",2.5,"","W",0,"9",0,"8","","8",".",""
"249180120","SKOCZ”W","2012","11","20",.3,"","W",0,"9",0,"8","","8",".",""
"249180120","SKOCZ”W","2012","11","21",2.3,"","W",0,"9",0,"8","","8",".",""
"249180120","SKOCZ”W","2012","11","23",1.5,"","W",0,"9",0,"8","","8",".",""
"249180120","SKOCZ”W","2012","11","24",.1,"","W",0,"9",0,"8","","8",".",""
"249180120","SKOCZ”W","2012","11","29",1.7,"","W",0,"9",0,"8","","8",".",""
"249180120","SKOCZ”W","2012","11","30",2.3,"","S",0,"9",0,"8","","8",".",""
"249180140","G”RKI WIELKIE","2012","11","02",.3,"","W",0,"9",0,"8","","8",".",""
"249180140","G”RKI WIELKIE","2012","11","04",15.0,"","W",0,"9",0,"8","","8",".",""
"249180140","G”RKI WIELKIE","2012","11","05",13.1,"","W",0,"9",0,"8","","8",".",""
"249180140","G”RKI WIELKIE","2012","11","06",4.2,"","W",0,"9",0,"8","","8",".",""
"249180140","G”RKI WIELKIE","2012","11","07",.3,"","W",0,"9",0,"8","","8",".",""
"249180140","G”RKI WIELKIE","2012","11","08",.9,"","W",0,"9",0,"8","","8",".",""
"249180140","G”RKI WIELKIE","2012","11","09",.5,"","W",0,"9",0,"8","","8",".",""
"249180140","G”RKI WIELKIE","2012","11","12",2.1,"","W",0,"9",0,"8","","8",".",""
"249180140","G”RKI WIELKIE","2012","11","13",.5,"","W",0,"9",0,"8","","8",".",""
"249180140","G”RKI WIELKIE","2012","11","21",1.8,"","W",0,"9",0,"8","","8",".",""
"249180140","G”RKI WIELKIE","2012","11","23",1.5,"","W",0,"9",0,"8","","8",".",""
"249180140","G”RKI WIELKIE","2012","11","29",1.6,"","W",0,"9",0,"8","","8",".",""
"249180140","G”RKI WIELKIE","2012","11","30",2.2,"","S",0,"9",0,"8","","8",".",""
"249180180","USTRO—-R”WNICA-WIEå","2012","11","01",.0,"9","",3,"",0,"9","3","","*",""
"249180180","USTRO—-R”WNICA-WIEå","2012","11","02",.8,"","W",0,"9",0,"9","","9",".",""
"249180180","USTRO—-R”WNICA-WIEå","2012","11","04",25.0,"","W",0,"9",0,"9","","9",".",""
"249180180","USTRO—-R”WNICA-WIEå","2012","11","05",11.0,"","W",0,"9",0,"9","","9",".",""
"249180180","USTRO—-R”WNICA-WIEå","2012","11","06",5.0,"","S",0,"9",0,"9","","9",".",""
"249180180","USTRO—-R”WNICA-WIEå","2012","11","07",1.8,"","S",0,"9",0,"9","","9",".",""
"249180180","USTRO—-R”WNICA-WIEå","2012","11","09",2.0,"","W",0,"9",0,"9","","9",".",""
"249180180","USTRO—-R”WNICA-WIEå","2012","11","12",2.1,"","W",0,"9",0,"9","","9",".",""
"249180180","USTRO—-R”WNICA-WIEå","2012","11","23",2.6,"","W",0,"9",0,"9","","9",".",""
"249180180","USTRO—-R”WNICA-WIEå","2012","11","29",1.4,"","W",0,"9",0,"9","","9",".",""
"249180180","USTRO—-R”WNICA-WIEå","2012","11","30",3.9,"","S",0,"9",0,"9","","9",".",""
"249180190","BRENNA-LEåNICA","2012","11","01",.0,"","W",0,"9",0,"8","","8","pl",""
"249180190","BRENNA-LEåNICA","2012","11","02",.9,"","W",0,"9",0,"8","","8",".",""
"249180190","BRENNA-LEåNICA","2012","11","04",16.4,"","W",0,"9",0,"8","","8",".",""
"249180190","BRENNA-LEåNICA","2012","11","05",13.6,"","W",0,"9",0,"8","","8",".",""
"249180190","BRENNA-LEåNICA","2012","11","06",6.5,"","W",0,"9",0,"8","","8",".",""
"249180190","BRENNA-LEåNICA","2012","11","07",4.9,"","W",0,"9",0,"8","","8",".",""
"249180190","BRENNA-LEåNICA","2012","11","08",1.9,"","W",0,"9",0,"8","","8",".",""
"249180190","BRENNA-LEåNICA","2012","11","09",.6,"","W",0,"9",0,"8","","8",".",""
"249180190","BRENNA-LEåNICA","2012","11","12",1.6,"","W",0,"9",0,"8","","8",".",""
"249180190","BRENNA-LEåNICA","2012","11","13",.2,"","W",0,"9",0,"8","","8",".",""
"249180190","BRENNA-LEåNICA","2012","11","21",1.5,"","W",0,"9",0,"8","","8",".",""
"249180190","BRENNA-LEåNICA","2012","11","23",1.6,"","W",0,"9",0,"8","","8",".",""
"249180190","BRENNA-LEåNICA","2012","11","29",2.7,"","W",0,"9",0,"8","","8",".",""
"249180190","BRENNA-LEåNICA","2012","11","30",2.1,"","S",0,"9",0,"8","","8",".",""
"249180210","SZCZYRK","2012","11","01",.8,"","W",0,"9",0,"8","","8",".",""
"249180210","SZCZYRK","2012","11","02",.4,"","W",0,"9",0,"8","","8",".",""
"249180210","SZCZYRK","2012","11","04",17.0,"","W",0,"9",0,"8","","8",".",""
"249180210","SZCZYRK","2012","11","05",15.2,"","W",0,"9",0,"8","","8",".",""
"249180210","SZCZYRK","2012","11","06",12.2,"","S",0,"9",0,"8","","8",".",""
"249180210","SZCZYRK","2012","11","07",8.7,"","S",0,"9",0,"8","","8",".",""
"249180210","SZCZYRK","2012","11","08",1.5,"","W",0,"9",0,"8","","8",".",""
"249180210","SZCZYRK","2012","11","09",1.5,"","W",0,"9",0,"8","","8",".",""
"249180210","SZCZYRK","2012","11","12",1.0,"","W",0,"9",0,"8","","8",".",""
"249180210","SZCZYRK","2012","11","21",1.2,"","W",0,"9",0,"8","","8",".",""
"249180210","SZCZYRK","2012","11","23",1.1,"","W",0,"9",0,"8","","8",".",""
"249180210","SZCZYRK","2012","11","29",4.2,"","W",0,"9",0,"8","","8",".",""
"249180210","SZCZYRK","2012","11","30",2.4,"","S",0,"9",0,"8","","8",".",""
"249180240","WIS£A-MALINKA","2012","11","02",1.4,"","W",0,"9",0,"9","","9",".",""
"249180240","WIS£A-MALINKA","2012","11","04",29.0,"","W",0,"9",0,"9","","9",".",""
"249180240","WIS£A-MALINKA","2012","11","05",9.0,"","W",0,"9",0,"9","","9",".",""
"249180240","WIS£A-MALINKA","2012","11","06",7.0,"","S",0,"9",0,"9","","9",".",""
"249180240","WIS£A-MALINKA","2012","11","07",12.9,"","S",2,"",2,"","5","","*",""
"249180240","WIS£A-MALINKA","2012","11","08",.9,"","W",0,"9",0,"9","","9",".",""
"249180240","WIS£A-MALINKA","2012","11","09",2.3,"","W",0,"9",0,"9","","9",".",""
"249180240","WIS£A-MALINKA","2012","11","12",4.2,"","W",0,"9",0,"9","","9",".",""
"249180240","WIS£A-MALINKA","2012","11","21",.6,"","W",0,"9",0,"9","","9",".",""
"249180240","WIS£A-MALINKA","2012","11","23",2.1,"","W",0,"9",0,"9","","9",".",""
"249180240","WIS£A-MALINKA","2012","11","29",5.9,"","W",0,"9",0,"9","","9",".",""
"249180240","WIS£A-MALINKA","2012","11","30",2.5,"","S",0,"9",0,"9","","9",".",""
"249180250","WIS£A-G£ BCE","2012","11","01",.8,"","W",0,"9",0,"8","","8",".",""
"249180250","WIS£A-G£ BCE","2012","11","02",.5,"","W",0,"9",0,"8","","8",".",""
"249180250","WIS£A-G£ BCE","2012","11","04",22.2,"","W",0,"9",0,"8","","8",".",""
"249180250","WIS£A-G£ BCE","2012","11","05",5.1,"","W",0,"9",0,"8","","8",".",""
"249180250","WIS£A-G£ BCE","2012","11","06",9.8,"","S",0,"9",0,"8","","8",".",""
"249180250","WIS£A-G£ BCE","2012","11","07",7.8,"","S",0,"9",0,"8","","8",".",""
"249180250","WIS£A-G£ BCE","2012","11","08",.8,"","W",0,"9",0,"8","","8",".",""
"249180250","WIS£A-G£ BCE","2012","11","09",.2,"","W",0,"9",0,"8","","8",".",""
"249180250","WIS£A-G£ BCE","2012","11","12",1.1,"","W",0,"9",0,"8","","8",".",""
"249180250","WIS£A-G£ BCE","2012","11","23",2.2,"","W",0,"9",0,"8","","8",".",""
"249180250","WIS£A-G£ BCE","2012","11","29",5.2,"","W",0,"9",0,"8","","8",".",""
"249180250","WIS£A-G£ BCE","2012","11","30",2.7,"","S",0,"9",0,"8","","8",".",""
"249180270","ISTEBNA-M£ODA G”RA","2012","11","01",1.7,"","W",0,"9",0,"9","","9",".",""
"249180270","ISTEBNA-M£ODA G”RA","2012","11","02",1.1,"","W",0,"9",0,"9","","9",".",""
"249180270","ISTEBNA-M£ODA G”RA","2012","11","04",15.5,"","W",0,"9",0,"9","","9",".",""
"249180270","ISTEBNA-M£ODA G”RA","2012","11","05",12.2,"","W",0,"9",0,"9","","9",".",""
"249180270","ISTEBNA-M£ODA G”RA","2012","11","06",9.8,"","S",0,"9",0,"9","","9",".",""
"249180270","ISTEBNA-M£ODA G”RA","2012","11","07",11.6,"","S",0,"",0,"","5","","sl",""
"249180270","ISTEBNA-M£ODA G”RA","2012","11","08",1.0,"","W",0,"9",0,"9","","9",".",""
"249180270","ISTEBNA-M£ODA G”RA","2012","11","09",.1,"","W",0,"9",0,"9","","9",".",""
"249180270","ISTEBNA-M£ODA G”RA","2012","11","12",1.6,"","W",0,"9",0,"9","","9",".",""
"249180270","ISTEBNA-M£ODA G”RA","2012","11","20",.5,"","W",0,"9",0,"9","","9",".",""
"249180270","ISTEBNA-M£ODA G”RA","2012","11","21",.4,"","W",0,"9",0,"9","","9",".",""
"249180270","ISTEBNA-M£ODA G”RA","2012","11","23",1.8,"","W",0,"9",0,"9","","9",".",""
"249180270","ISTEBNA-M£ODA G”RA","2012","11","29",6.1,"","W",0,"9",0,"9","","9",".",""
"249180270","ISTEBNA-M£ODA G”RA","2012","11","30",3.0,"","S",0,"9",0,"9","","9",".",""
"249180280","ISTEBNA-STEC”WKA","2012","11","01",1.2,"","W",0,"9",0,"8","","8","pl",""
"249180280","ISTEBNA-STEC”WKA","2012","11","02",.5,"","W",0,"9",0,"8","","8",".",""
"249180280","ISTEBNA-STEC”WKA","2012","11","04",10.3,"","W",0,"9",0,"8","","8",".",""
"249180280","ISTEBNA-STEC”WKA","2012","11","05",15.1,"","W",0,"9",0,"8","","8",".",""
"249180280","ISTEBNA-STEC”WKA","2012","11","06",5.2,"","S",0,"9",0,"8","","8",".",""
"249180280","ISTEBNA-STEC”WKA","2012","11","07",11.3,"","S",0,"9",0,"8","","8",".",""
"249180280","ISTEBNA-STEC”WKA","2012","11","08",.7,"","W",0,"9",0,"8","","8",".",""
"249180280","ISTEBNA-STEC”WKA","2012","11","09",1.3,"","W",0,"9",0,"8","","8",".",""
"249180280","ISTEBNA-STEC”WKA","2012","11","12",1.5,"","W",0,"9",0,"8","","8",".",""
"249180280","ISTEBNA-STEC”WKA","2012","11","21",1.2,"","W",0,"9",0,"8","","8",".",""
"249180280","ISTEBNA-STEC”WKA","2012","11","22",.2,"","W",0,"9",0,"8","","8",".",""
"249180280","ISTEBNA-STEC”WKA","2012","11","23",2.0,"","W",0,"9",0,"8","","8",".",""
"249180280","ISTEBNA-STEC”WKA","2012","11","29",6.1,"","W",0,"9",0,"8","","8",".",""
"249180280","ISTEBNA-STEC”WKA","2012","11","30",2.5,"","S",0,"9",0,"8","","8",".",""
"249180290","ISTEBNA-WIEå","2012","11","01",1.0,"","W",0,"9",0,"8","","8","pl",""
"249180290","ISTEBNA-WIEå","2012","11","02",.7,"","W",0,"9",0,"8","","8",".",""
"249180290","ISTEBNA-WIEå","2012","11","04",13.6,"","W",0,"9",0,"8","","8",".",""
"249180290","ISTEBNA-WIEå","2012","11","05",12.2,"","W",0,"9",0,"8","","8",".",""
"249180290","ISTEBNA-WIEå","2012","11","06",4.2,"","S",0,"9",0,"8","","8",".",""
"249180290","ISTEBNA-WIEå","2012","11","07",14.1,"","S",0,"9",0,"8","","8",".",""
"249180290","ISTEBNA-WIEå","2012","11","08",.4,"","W",0,"9",0,"8","","8",".",""
"249180290","ISTEBNA-WIEå","2012","11","09",.4,"","W",0,"9",0,"8","","8",".",""
"249180290","ISTEBNA-WIEå","2012","11","12",1.2,"","W",0,"9",0,"8","","8",".",""
"249180290","ISTEBNA-WIEå","2012","11","20",.1,"","W",0,"9",0,"8","","8",".",""
"249180290","ISTEBNA-WIEå","2012","11","21",.5,"","W",0,"9",0,"8","","8",".",""
"249180290","ISTEBNA-WIEå","2012","11","23",1.6,"","W",0,"9",0,"8","","8",".",""
"249180290","ISTEBNA-WIEå","2012","11","28",.0,"","W",0,"9",0,"8","","8",".",""
"249180290","ISTEBNA-WIEå","2012","11","29",6.1,"","W",0,"9",0,"8","","8",".",""
"249180290","ISTEBNA-WIEå","2012","11","30",2.2,"","S",0,"9",0,"8","","8",".",""
"249190010","JAWISZOWICE","2012","11","01",.1,"","W",0,"9",0,"8","","8",".",""
"249190010","JAWISZOWICE","2012","11","02",.1,"","W",0,"9",0,"8","","8",".",""
"249190010","JAWISZOWICE","2012","11","04",10.6,"","W",0,"9",0,"8","","8",".",""
"249190010","JAWISZOWICE","2012","11","05",11.2,"","W",0,"9",0,"8","","8",".",""
"249190010","JAWISZOWICE","2012","11","06",1.3,"","W",0,"9",0,"8","","8",".",""
"249190010","JAWISZOWICE","2012","11","07",.5,"","W",0,"9",0,"8","","8",".",""
"249190010","JAWISZOWICE","2012","11","08",.2,"","W",0,"9",0,"8","","8",".",""
"249190010","JAWISZOWICE","2012","11","09",.1,"","W",0,"9",0,"8","","8",".",""
"249190010","JAWISZOWICE","2012","11","11",.2,"","W",0,"9",0,"8","","8",".",""
"249190010","JAWISZOWICE","2012","11","12",1.7,"","W",0,"9",0,"8","","8",".",""
"249190010","JAWISZOWICE","2012","11","21",3.2,"","W",0,"9",0,"8","","8",".",""
"249190010","JAWISZOWICE","2012","11","22",.2,"","W",0,"9",0,"8","","8",".",""
"249190010","JAWISZOWICE","2012","11","23",.7,"","W",0,"9",0,"8","","8",".",""
"249190010","JAWISZOWICE","2012","11","29",.5,"","W",0,"9",0,"8","","8",".",""
"249190010","JAWISZOWICE","2012","11","30",3.5,"","S",0,"9",0,"8","","8",".",""
"249190020","BRZEèNICA","2012","11","01",.6,"","W",0,"9",0,"8","","8",".",""
"249190020","BRZEèNICA","2012","11","04",6.8,"","W",0,"9",0,"8","","8",".",""
"249190020","BRZEèNICA","2012","11","05",10.1,"","W",0,"9",0,"8","","8",".",""
"249190020","BRZEèNICA","2012","11","06",.5,"","W",0,"9",0,"8","","8",".",""
"249190020","BRZEèNICA","2012","11","07",.2,"","W",0,"9",0,"8","","8",".",""
"249190020","BRZEèNICA","2012","11","09",1.6,"","W",0,"9",0,"8","","8",".",""
"249190020","BRZEèNICA","2012","11","10",.1,"","W",0,"9",0,"8","","8",".",""
"249190020","BRZEèNICA","2012","11","11",.1,"","W",0,"9",0,"8","","8",".",""
"249190020","BRZEèNICA","2012","11","12",1.1,"","W",0,"9",0,"8","","8",".",""
"249190020","BRZEèNICA","2012","11","13",.1,"","W",0,"9",0,"8","","8",".",""
"249190020","BRZEèNICA","2012","11","16",.1,"","W",0,"9",0,"8","","8",".",""
"249190020","BRZEèNICA","2012","11","17",.4,"","W",0,"9",0,"8","","8",".",""
"249190020","BRZEèNICA","2012","11","18",.1,"","W",0,"9",0,"8","","8",".",""
"249190020","BRZEèNICA","2012","11","21",.6,"","W",0,"9",0,"8","","8",".",""
"249190020","BRZEèNICA","2012","11","23",.9,"","W",0,"9",0,"8","","8",".",""
"249190020","BRZEèNICA","2012","11","24",.1,"","W",0,"9",0,"8","","8",".",""
"249190020","BRZEèNICA","2012","11","29",2.0,"","W",0,"9",0,"8","","8",".",""
"249190020","BRZEèNICA","2012","11","30",1.5,"","W",0,"9",0,"8","","8",".",""
"249190040","GIERA£TOWICE","2012","11","01",.9,"","W",0,"9",0,"8","","8",".",""
"249190040","GIERA£TOWICE","2012","11","04",11.6,"","W",0,"9",0,"8","","8",".",""
"249190040","GIERA£TOWICE","2012","11","05",14.7,"","W",0,"9",0,"8","","8",".",""
"249190040","GIERA£TOWICE","2012","11","06",1.1,"","W",0,"9",0,"8","","8",".",""
"249190040","GIERA£TOWICE","2012","11","07",.8,"","W",0,"9",0,"8","","8",".",""
"249190040","GIERA£TOWICE","2012","11","08",.3,"","W",0,"9",0,"8","","8",".",""
"249190040","GIERA£TOWICE","2012","11","12",1.8,"","W",0,"9",0,"8","","8",".",""
"249190040","GIERA£TOWICE","2012","11","13",.0,"","W",0,"9",0,"8","","8",".",""
"249190040","GIERA£TOWICE","2012","11","20",.1,"","W",0,"9",0,"8","","8",".",""
"249190040","GIERA£TOWICE","2012","11","21",1.5,"","W",0,"9",0,"8","","8",".",""
"249190040","GIERA£TOWICE","2012","11","22",.1,"","W",0,"9",0,"8","","8",".",""
"249190040","GIERA£TOWICE","2012","11","23",.5,"","W",0,"9",0,"8","","8",".",""
"249190040","GIERA£TOWICE","2012","11","24",.1,"","W",0,"9",0,"8","","8",".",""
"249190040","GIERA£TOWICE","2012","11","29",1.5,"","W",0,"9",0,"8","","8",".",""
"249190040","GIERA£TOWICE","2012","11","30",2.6,"","S",0,"9",0,"8","","8",".",""
"249190050","RADZISZ”W","2012","11","04",4.2,"","W",0,"9",0,"8","","8",".",""
"249190050","RADZISZ”W","2012","11","05",12.5,"","W",0,"9",0,"8","","8",".",""
"249190050","RADZISZ”W","2012","11","06",.3,"","W",0,"9",0,"8","","8",".",""
"249190050","RADZISZ”W","2012","11","07",.4,"","W",0,"9",0,"8","","8",".",""
"249190050","RADZISZ”W","2012","11","12",2.6,"","W",0,"9",0,"8","","8",".",""
"249190050","RADZISZ”W","2012","11","21",1.4,"","W",0,"9",0,"8","","8",".",""
"249190050","RADZISZ”W","2012","11","23",.6,"","W",0,"9",0,"8","","8",".",""
"249190050","RADZISZ”W","2012","11","29",.5,"","W",0,"9",0,"8","","8",".",""
"249190050","RADZISZ”W","2012","11","30",2.1,"","W",0,"9",0,"8","","8",".",""
"249190080","WADOWICE","2012","11","01",.0,"","W",0,"9",0,"8","","8",".",""
"249190080","WADOWICE","2012","11","02",.1,"","W",0,"9",0,"8","","8",".",""
"249190080","WADOWICE","2012","11","04",11.4,"","W",0,"9",0,"8","","8",".",""
"249190080","WADOWICE","2012","11","05",12.3,"","W",0,"9",0,"8","","8",".",""
"249190080","WADOWICE","2012","11","06",1.9,"","W",0,"9",0,"8","","8",".",""
"249190080","WADOWICE","2012","11","07",.8,"","W",0,"9",0,"8","","8",".",""
"249190080","WADOWICE","2012","11","08",.4,"","W",0,"9",0,"8","","8",".",""
"249190080","WADOWICE","2012","11","09",.7,"","W",0,"9",0,"8","","8",".",""
"249190080","WADOWICE","2012","11","12",1.8,"","W",0,"9",0,"8","","8",".",""
"249190080","WADOWICE","2012","11","18",.0,"","W",0,"9",0,"8","","8",".",""
"249190080","WADOWICE","2012","11","21",1.5,"","W",0,"9",0,"8","","8",".",""
"249190080","WADOWICE","2012","11","23",1.0,"","W",0,"9",0,"8","","8",".",""
"249190080","WADOWICE","2012","11","29",.3,"","W",0,"9",0,"8","","8",".",""
"249190080","WADOWICE","2012","11","30",1.9,"","W",0,"9",0,"8","","8",".",""
"249190120","STRACONKA","2012","11","01",.0,"","W",0,"9",0,"8","","8","pl",""
"249190120","STRACONKA","2012","11","02",.0,"","W",0,"9",0,"8","","8",".",""
"249190120","STRACONKA","2012","11","04",10.4,"","W",0,"9",0,"8","","8",".",""
"249190120","STRACONKA","2012","11","05",12.9,"","W",0,"9",0,"8","","8",".",""
"249190120","STRACONKA","2012","11","06",4.9,"","S",0,"9",0,"8","","8",".",""
"249190120","STRACONKA","2012","11","07",.4,"","W",0,"9",0,"8","","8",".",""
"249190120","STRACONKA","2012","11","08",.8,"","W",0,"9",0,"8","","8",".",""
"249190120","STRACONKA","2012","11","09",.9,"","W",0,"9",0,"8","","8",".",""
"249190120","STRACONKA","2012","11","12",2.5,"","W",0,"9",0,"8","","8",".",""
"249190120","STRACONKA","2012","11","13",.0,"","W",0,"9",0,"8","","8",".",""
"249190120","STRACONKA","2012","11","19",.6,"","W",0,"9",0,"8","","8",".",""
"249190120","STRACONKA","2012","11","21",2.6,"","W",0,"9",0,"8","","8",".",""
"249190120","STRACONKA","2012","11","23",.9,"","W",0,"9",0,"8","","8",".",""
"249190120","STRACONKA","2012","11","29",.5,"","W",0,"9",0,"8","","8",".",""
"249190120","STRACONKA","2012","11","30",2.6,"","S",0,"9",0,"8","","8",".",""
"249190150","STR”ØA","2012","11","01",.8,"","W",0,"9",0,"9","","9","PL",""
"249190150","STR”ØA","2012","11","02",.3,"","W",0,"9",0,"9","","9",".",""
"249190150","STR”ØA","2012","11","04",.4,"","W",0,"9",0,"9","","9",".",""
"249190150","STR”ØA","2012","11","05",19.9,"","W",0,"9",0,"9","","9",".",""
"249190150","STR”ØA","2012","11","06",3.8,"","W",0,"9",0,"9","","9",".",""
"249190150","STR”ØA","2012","11","07",.1,"","W",0,"9",0,"9","","9",".",""
"249190150","STR”ØA","2012","11","08",.3,"","W",0,"9",0,"9","","9",".",""
"249190150","STR”ØA","2012","11","09",.2,"","W",0,"9",0,"9","","9",".",""
"249190150","STR”ØA","2012","11","12",6.0,"","W",0,"9",0,"9","","9",".",""
"249190150","STR”ØA","2012","11","21",.5,"","W",0,"9",0,"9","","9",".",""
"249190150","STR”ØA","2012","11","22",.0,"","W",0,"9",0,"9","","9",".",""
"249190150","STR”ØA","2012","11","23",.1,"","W",0,"9",0,"9","","9",".",""
"249190150","STR”ØA","2012","11","29",1.2,"","W",0,"9",0,"9","","9",".",""
"249190150","STR”ØA","2012","11","30",2.7,"","W",0,"9",0,"9","","9",".",""
"249190170","BOGDAN”WKA","2012","11","01",.4,"","W",6,"",0,"9","4","","*",""
"249190170","BOGDAN”WKA","2012","11","02",.3,"","W",0,"9",0,"9","","9",".",""
"249190170","BOGDAN”WKA","2012","11","04",.5,"","W",0,"9",0,"9","","9",".",""
"249190170","BOGDAN”WKA","2012","11","05",22.7,"","W",0,"9",0,"9","","9",".",""
"249190170","BOGDAN”WKA","2012","11","06",2.6,"","S",0,"9",0,"9","","9",".",""
"249190170","BOGDAN”WKA","2012","11","07",3.8,"","S",0,"9",0,"9","","9",".",""
"249190170","BOGDAN”WKA","2012","11","08",.4,"","W",0,"9",0,"9","","9",".",""
"249190170","BOGDAN”WKA","2012","11","09",2.4,"","W",0,"9",0,"9","","9",".",""
"249190170","BOGDAN”WKA","2012","11","12",6.5,"","W",0,"9",0,"9","","9",".",""
"249190170","BOGDAN”WKA","2012","11","21",.9,"","W",0,"9",0,"9","","9",".",""
"249190170","BOGDAN”WKA","2012","11","23",.8,"","W",0,"9",0,"9","","9",".",""
"249190170","BOGDAN”WKA","2012","11","29",.7,"","W",0,"9",0,"9","","9",".",""
"249190170","BOGDAN”WKA","2012","11","30",2.1,"","S",0,"9",0,"9","","9",".",""
"249190180","KOCIERZ MOSZCZANICKI","2012","11","01",.2,"","W",0,"9",0,"8","","8","pl",""
"249190180","KOCIERZ MOSZCZANICKI","2012","11","02",.6,"","W",0,"9",0,"8","","8",".",""
"249190180","KOCIERZ MOSZCZANICKI","2012","11","04",18.6,"","W",0,"9",0,"8","","8",".",""
"249190180","KOCIERZ MOSZCZANICKI","2012","11","05",10.1,"","W",0,"9",0,"8","","8",".",""
"249190180","KOCIERZ MOSZCZANICKI","2012","11","06",7.1,"","W",0,"9",0,"8","","8",".",""
"249190180","KOCIERZ MOSZCZANICKI","2012","11","07",4.3,"","W",0,"9",0,"8","","8",".",""
"249190180","KOCIERZ MOSZCZANICKI","2012","11","08",.8,"","W",0,"9",0,"8","","8",".",""
"249190180","KOCIERZ MOSZCZANICKI","2012","11","09",1.3,"","W",0,"9",0,"8","","8",".",""
"249190180","KOCIERZ MOSZCZANICKI","2012","11","12",1.9,"","W",0,"9",0,"8","","8",".",""
"249190180","KOCIERZ MOSZCZANICKI","2012","11","13",.1,"","W",0,"9",0,"8","","8",".",""
"249190180","KOCIERZ MOSZCZANICKI","2012","11","21",2.8,"","W",0,"9",0,"8","","8",".",""
"249190180","KOCIERZ MOSZCZANICKI","2012","11","24",.2,"","W",0,"9",0,"8","","8",".",""
"249190180","KOCIERZ MOSZCZANICKI","2012","11","29",2.1,"","W",0,"9",0,"8","","8",".",""
"249190180","KOCIERZ MOSZCZANICKI","2012","11","30",.7,"","S",0,"9",0,"8","","8",".",""
"249190220","åLEMIE—","2012","11","02",.2,"","W",0,"9",0,"8","","8",".",""
"249190220","åLEMIE—","2012","11","04",13.0,"","W",0,"9",0,"8","","8",".",""
"249190220","åLEMIE—","2012","11","05",12.1,"","W",0,"9",0,"8","","8",".",""
"249190220","åLEMIE—","2012","11","06",5.4,"","W",0,"9",0,"8","","8",".",""
"249190220","åLEMIE—","2012","11","07",5.2,"","W",0,"9",0,"8","","8",".",""
"249190220","åLEMIE—","2012","11","08",1.3,"","W",0,"9",0,"8","","8",".",""
"249190220","åLEMIE—","2012","11","09",.7,"","W",0,"9",0,"8","","8",".",""
"249190220","åLEMIE—","2012","11","12",3.2,"","W",0,"9",0,"8","","8",".",""
"249190220","åLEMIE—","2012","11","21",2.4,"","W",0,"9",0,"8","","8",".",""
"249190220","åLEMIE—","2012","11","23",.7,"","W",0,"9",0,"8","","8",".",""
"249190220","åLEMIE—","2012","11","29",2.8,"","W",0,"9",0,"8","","8",".",""
"249190220","åLEMIE—","2012","11","30",2.1,"","S",0,"9",0,"8","","8",".",""
"249190230","LUBIE—","2012","11","01",.1,"","W",0,"9",0,"9","","9","PL",""
"249190230","LUBIE—","2012","11","02",.3,"","W",0,"9",0,"9","","9",".",""
"249190230","LUBIE—","2012","11","04",.4,"","W",0,"9",0,"9","","9",".",""
"249190230","LUBIE—","2012","11","05",18.0,"","W",0,"9",0,"9","","9",".",""
"249190230","LUBIE—","2012","11","06",3.5,"","W",0,"9",0,"9","","9",".",""
"249190230","LUBIE—","2012","11","07",1.3,"","W",0,"9",0,"9","","9",".",""
"249190230","LUBIE—","2012","11","08",.2,"","W",0,"9",0,"9","","9",".",""
"249190230","LUBIE—","2012","11","09",.1,"","W",0,"9",0,"9","","9",".",""
"249190230","LUBIE—","2012","11","12",5.3,"","W",0,"9",0,"9","","9",".",""
"249190230","LUBIE—","2012","11","21",.8,"","W",0,"9",0,"9","","9",".",""
"249190230","LUBIE—","2012","11","22",.1,"","W",0,"9",0,"9","","9",".",""
"249190230","LUBIE—","2012","11","23",.6,"","W",0,"9",0,"9","","9",".",""
"249190230","LUBIE—","2012","11","29",.6,"","W",0,"9",0,"9","","9",".",""
"249190230","LUBIE—","2012","11","30",4.9,"","S",0,"9",0,"9","","9",".",""
"249190240","LACHOWICE KRALE","2012","11","01",.0,"","W",0,"9",0,"8","","8",".",""
"249190240","LACHOWICE KRALE","2012","11","02",.0,"","W",0,"9",0,"8","","8",".",""
"249190240","LACHOWICE KRALE","2012","11","04",10.3,"","W",0,"9",0,"8","","8",".",""
"249190240","LACHOWICE KRALE","2012","11","05",13.5,"","W",0,"9",0,"8","","8",".",""
"249190240","LACHOWICE KRALE","2012","11","06",5.2,"","S",0,"9",0,"8","","8",".",""
"249190240","LACHOWICE KRALE","2012","11","07",7.0,"","S",0,"9",0,"8","","8",".",""
"249190240","LACHOWICE KRALE","2012","11","08",1.3,"","W",0,"9",0,"8","","8",".",""
"249190240","LACHOWICE KRALE","2012","11","09",1.2,"","W",0,"9",0,"8","","8",".",""
"249190240","LACHOWICE KRALE","2012","11","12",4.1,"","W",0,"9",0,"8","","8",".",""
"249190240","LACHOWICE KRALE","2012","11","21",1.8,"","W",0,"9",0,"8","","8",".",""
"249190240","LACHOWICE KRALE","2012","11","23",1.2,"","W",0,"9",0,"8","","8",".",""
"249190240","LACHOWICE KRALE","2012","11","29",1.8,"","W",0,"9",0,"8","","8",".",""
"249190240","LACHOWICE KRALE","2012","11","30",.4,"","S",0,"9",0,"8","","8",".",""
"249190250","JORDAN”W","2012","11","01",.1,"","W",0,"9",0,"8","","8",".",""
"249190250","JORDAN”W","2012","11","02",1.0,"","W",0,"9",0,"8","","8",".",""
"249190250","JORDAN”W","2012","11","05",18.3,"","W",0,"9",0,"8","","8",".",""
"249190250","JORDAN”W","2012","11","06",2.0,"","W",0,"9",0,"8","","8",".",""
"249190250","JORDAN”W","2012","11","07",1.2,"","W",0,"9",0,"8","","8",".",""
"249190250","JORDAN”W","2012","11","08",.4,"","W",0,"9",0,"8","","8",".",""
"249190250","JORDAN”W","2012","11","09",1.8,"","W",0,"9",0,"8","","8",".",""
"249190250","JORDAN”W","2012","11","12",4.7,"","W",0,"9",0,"8","","8",".",""
"249190250","JORDAN”W","2012","11","13",.1,"","W",0,"9",0,"8","","8",".",""
"249190250","JORDAN”W","2012","11","21",1.6,"","W",0,"9",0,"8","","8",".",""
"249190250","JORDAN”W","2012","11","23",.8,"","W",0,"9",0,"8","","8",".",""
"249190250","JORDAN”W","2012","11","29",.2,"","W",0,"9",0,"8","","8",".",""
"249190250","JORDAN”W","2012","11","30",2.4,"","W",0,"9",0,"8","","8",".",""
"249190260","ROZTOKI","2012","11","01",.0,"9","",6,"",0,"9","3","","*PRZ",""
"249190260","ROZTOKI","2012","11","02",.8,"","W",0,"9",0,"9","","9",".",""
"249190260","ROZTOKI","2012","11","04",14.6,"","W",0,"9",0,"9","","9",".",""
"249190260","ROZTOKI","2012","11","05",10.7,"","W",0,"9",0,"9","","9",".",""
"249190260","ROZTOKI","2012","11","06",6.9,"","W",0,"9",0,"9","","9",".",""
"249190260","ROZTOKI","2012","11","07",6.7,"","S",0,"9",0,"9","","9",".",""
"249190260","ROZTOKI","2012","11","08",.8,"","W",0,"9",0,"9","","9",".",""
"249190260","ROZTOKI","2012","11","09",.6,"","W",0,"9",0,"9","","9",".",""
"249190260","ROZTOKI","2012","11","12",4.5,"","W",0,"9",0,"9","","9",".",""
"249190260","ROZTOKI","2012","11","17",.4,"","W",0,"9",0,"9","","9",".",""
"249190260","ROZTOKI","2012","11","21",1.4,"","W",0,"9",0,"9","","9",".",""
"249190260","ROZTOKI","2012","11","23",.9,"","W",0,"9",0,"9","","9",".",""
"249190260","ROZTOKI","2012","11","29",2.5,"","W",0,"9",0,"9","","9",".",""
"249190260","ROZTOKI","2012","11","30",2.6,"","S",0,"9",0,"9","","9",".",""
"249190270","OSIELEC","2012","11","01",.8,"","W",0,"9",0,"8","","8",".",""
"249190270","OSIELEC","2012","11","02",1.2,"","W",0,"9",0,"8","","8",".",""
"249190270","OSIELEC","2012","11","05",20.5,"","W",0,"9",0,"8","","8",".",""
"249190270","OSIELEC","2012","11","06",.7,"","W",0,"9",0,"8","","8",".",""
"249190270","OSIELEC","2012","11","07",.3,"","W",0,"9",0,"8","","8",".",""
"249190270","OSIELEC","2012","11","08",.5,"","W",0,"9",0,"8","","8",".",""
"249190270","OSIELEC","2012","11","09",2.8,"","W",0,"9",0,"8","","8",".",""
"249190270","OSIELEC","2012","11","12",3.6,"","W",0,"9",0,"8","","8",".",""
"249190270","OSIELEC","2012","11","19",.3,"","W",0,"9",0,"8","","8",".",""
"249190270","OSIELEC","2012","11","21",.7,"","W",0,"9",0,"8","","8",".",""
"249190270","OSIELEC","2012","11","22",.2,"","W",0,"9",0,"8","","8",".",""
"249190270","OSIELEC","2012","11","23",.8,"","W",0,"9",0,"8","","8",".",""
"249190270","OSIELEC","2012","11","29",1.8,"","W",0,"9",0,"8","","8",".",""
"249190270","OSIELEC","2012","11","30",2.5,"","W",0,"9",0,"8","","8",".",""
"249190280","KRZECZ”W","2012","11","01",.3,"","W",0,"9",0,"9","","9","PL",""
"249190280","KRZECZ”W","2012","11","02",.0,"","W",0,"9",0,"9","","9","PL",""
"249190280","KRZECZ”W","2012","11","05",17.6,"","W",0,"9",0,"9","","9",".",""
"249190280","KRZECZ”W","2012","11","06",1.9,"","W",0,"9",0,"9","","9",".",""
"249190280","KRZECZ”W","2012","11","07",2.2,"","W",0,"9",0,"9","","9",".",""
"249190280","KRZECZ”W","2012","11","08",.1,"","W",0,"9",0,"9","","9",".",""
"249190280","KRZECZ”W","2012","11","09",.8,"","W",0,"9",0,"9","","9",".",""
"249190280","KRZECZ”W","2012","11","12",5.2,"","W",0,"9",0,"9","","9",".",""
"249190280","KRZECZ”W","2012","11","21",.8,"","W",0,"9",0,"9","","9",".",""
"249190280","KRZECZ”W","2012","11","23",.5,"","W",0,"9",0,"9","","9",".",""
"249190280","KRZECZ”W","2012","11","30",3.5,"","S",0,"9",0,"9","","9",".",""
"249190290","LIPOWA","2012","11","02",.4,"","W",0,"9",0,"8","","8",".",""
"249190290","LIPOWA","2012","11","04",21.6,"","W",0,"9",0,"8","","8",".",""
"249190290","LIPOWA","2012","11","05",6.2,"","W",0,"9",0,"8","","8",".",""
"249190290","LIPOWA","2012","11","06",7.0,"","W",0,"9",0,"8","","8",".",""
"249190290","LIPOWA","2012","11","07",8.6,"","W",0,"9",0,"8","","8",".",""
"249190290","LIPOWA","2012","11","08",.5,"","W",0,"9",0,"8","","8",".",""
"249190290","LIPOWA","2012","11","09",.6,"","W",0,"9",0,"8","","8",".",""
"249190290","LIPOWA","2012","11","12",1.7,"","W",0,"9",0,"8","","8",".",""
"249190290","LIPOWA","2012","11","21",.9,"","W",0,"9",0,"8","","8",".",""
"249190290","LIPOWA","2012","11","22",.1,"","W",0,"9",0,"8","","8",".",""
"249190290","LIPOWA","2012","11","23",.8,"","W",0,"9",0,"8","","8",".",""
"249190290","LIPOWA","2012","11","29",4.7,"","W",0,"9",0,"8","","8",".",""
"249190290","LIPOWA","2012","11","30",.8,"","S",0,"9",0,"8","","8",".",""
"249190310","PEWEL MA£A","2012","11","02",.9,"","W",0,"9",0,"8","","8",".",""
"249190310","PEWEL MA£A","2012","11","04",12.4,"","W",0,"9",0,"8","","8",".",""
"249190310","PEWEL MA£A","2012","11","05",15.1,"","W",0,"9",0,"8","","8",".",""
"249190310","PEWEL MA£A","2012","11","06",6.4,"","S",0,"9",0,"8","","8",".",""
"249190310","PEWEL MA£A","2012","11","07",2.4,"","W",0,"9",0,"8","","8",".",""
"249190310","PEWEL MA£A","2012","11","08",1.3,"","W",0,"9",0,"8","","8",".",""
"249190310","PEWEL MA£A","2012","11","09",1.6,"","W",0,"9",0,"8","","8",".",""
"249190310","PEWEL MA£A","2012","11","12",3.5,"","W",0,"9",0,"8","","8",".",""
"249190310","PEWEL MA£A","2012","11","13",.3,"","W",0,"9",0,"8","","8",".",""
"249190310","PEWEL MA£A","2012","11","21",2.2,"","W",0,"9",0,"8","","8",".",""
"249190310","PEWEL MA£A","2012","11","23",1.3,"","W",0,"9",0,"8","","8",".",""
"249190310","PEWEL MA£A","2012","11","29",2.2,"","W",0,"9",0,"8","","8",".",""
"249190310","PEWEL MA£A","2012","11","30",1.7,"","W",0,"9",0,"8","","8",".",""
"249190340","KOSZARAWA","2012","11","02",2.6,"","W",0,"9",0,"8","","8",".",""
"249190340","KOSZARAWA","2012","11","04",10.3,"","W",0,"9",0,"8","","8",".",""
"249190340","KOSZARAWA","2012","11","05",17.6,"","W",0,"9",0,"8","","8",".",""
"249190340","KOSZARAWA","2012","11","06",4.3,"","W",0,"9",0,"8","","8",".",""
"249190340","KOSZARAWA","2012","11","07",12.1,"","S",0,"9",0,"8","","8",".",""
"249190340","KOSZARAWA","2012","11","08",.6,"","W",0,"9",0,"8","","8",".",""
"249190340","KOSZARAWA","2012","11","09",1.8,"","W",0,"9",0,"8","","8",".",""
"249190340","KOSZARAWA","2012","11","12",4.3,"","W",0,"9",0,"8","","8",".",""
"249190340","KOSZARAWA","2012","11","21",1.8,"","W",0,"9",0,"8","","8",".",""
"249190340","KOSZARAWA","2012","11","23",1.3,"","W",0,"9",0,"8","","8",".",""
"249190340","KOSZARAWA","2012","11","29",2.8,"","W",0,"9",0,"8","","8",".",""
"249190340","KOSZARAWA","2012","11","30",1.3,"","S",0,"9",0,"8","","8",".",""
"249190380","KAMESZNICA","2012","11","01",.0,"","W",0,"9",0,"8","","8",".",""
"249190380","KAMESZNICA","2012","11","02",.0,"","W",0,"9",0,"8","","8",".",""
"249190380","KAMESZNICA","2012","11","04",11.4,"","W",0,"9",0,"8","","8",".",""
"249190380","KAMESZNICA","2012","11","05",11.7,"","W",0,"9",0,"8","","8",".",""
"249190380","KAMESZNICA","2012","11","06",5.7,"","W",0,"9",0,"8","","8",".",""
"249190380","KAMESZNICA","2012","11","07",13.4,"","S",0,"9",0,"8","","8",".",""
"249190380","KAMESZNICA","2012","11","08",.2,"","W",0,"9",0,"8","","8",".",""
"249190380","KAMESZNICA","2012","11","09",.7,"","W",0,"9",0,"8","","8",".",""
"249190380","KAMESZNICA","2012","11","12",1.8,"","W",0,"9",0,"8","","8",".",""
"249190380","KAMESZNICA","2012","11","21",.0,"","W",0,"9",0,"8","","8",".",""
"249190380","KAMESZNICA","2012","11","22",.1,"","W",0,"9",0,"8","","8",".",""
"249190380","KAMESZNICA","2012","11","23",.2,"","W",0,"9",0,"8","","8",".",""
"249190380","KAMESZNICA","2012","11","24",.2,"","W",0,"9",0,"8","","8",".",""
"249190380","KAMESZNICA","2012","11","29",1.3,"","W",0,"9",0,"8","","8",".",""
"249190380","KAMESZNICA","2012","11","30",1.4,"","S",0,"9",0,"8","","8",".",""
"249190420","ØABNICA","2012","11","02",1.6,"","W",0,"9",0,"8","","8",".",""
"249190420","ØABNICA","2012","11","04",13.4,"","W",0,"9",0,"8","","8",".",""
"249190420","ØABNICA","2012","11","05",10.7,"","W",0,"9",0,"8","","8",".",""
"249190420","ØABNICA","2012","11","06",6.7,"","W",0,"9",0,"8","","8",".",""
"249190420","ØABNICA","2012","11","07",6.3,"","W",0,"9",0,"8","","8",".",""
"249190420","ØABNICA","2012","11","08",.4,"","W",0,"9",0,"8","","8",".",""
"249190420","ØABNICA","2012","11","12",3.3,"","W",0,"9",0,"8","","8",".",""
"249190420","ØABNICA","2012","11","21",1.8,"","W",0,"9",0,"8","","8",".",""
"249190420","ØABNICA","2012","11","23",1.2,"","W",0,"9",0,"8","","8",".",""
"249190420","ØABNICA","2012","11","29",4.7,"","W",0,"9",0,"8","","8",".",""
"249190420","ØABNICA","2012","11","30",1.1,"","S",0,"9",0,"8","","8",".",""
"249190440","KORBIEL”W","2012","11","01",.6,"","W",0,"9",0,"8","","8","pl",""
"249190440","KORBIEL”W","2012","11","02",1.5,"","W",0,"9",0,"8","","8",".",""
"249190440","KORBIEL”W","2012","11","04",6.8,"","W",0,"9",0,"8","","8",".",""
"249190440","KORBIEL”W","2012","11","05",22.9,"","W",0,"9",0,"8","","8",".",""
"249190440","KORBIEL”W","2012","11","06",2.8,"","S",0,"9",0,"8","","8",".",""
"249190440","KORBIEL”W","2012","11","07",.9,"","W",0,"9",0,"8","","8",".",""
"249190440","KORBIEL”W","2012","11","08",.6,"","W",0,"9",0,"8","","8",".",""
"249190440","KORBIEL”W","2012","11","09",1.5,"","W",0,"9",0,"8","","8",".",""
"249190440","KORBIEL”W","2012","11","12",3.1,"","W",0,"9",0,"8","","8",".",""
"249190440","KORBIEL”W","2012","11","21",1.5,"","W",0,"9",0,"8","","8",".",""
"249190440","KORBIEL”W","2012","11","22",.2,"","W",0,"9",0,"8","","8",".",""
"249190440","KORBIEL”W","2012","11","23",.1,"","W",0,"9",0,"8","","8",".",""
"249190440","KORBIEL”W","2012","11","29",6.1,"","W",0,"9",0,"8","","8",".",""
"249190440","KORBIEL”W","2012","11","30",.6,"","S",0,"9",0,"8","","8",".",""
"249190460","SPYTKOWICE G”RNE","2012","11","04",3.5,"","W",0,"9",0,"9","","9",".",""
"249190460","SPYTKOWICE G”RNE","2012","11","05",15.9,"","W",0,"9",0,"9","","9",".",""
"249190460","SPYTKOWICE G”RNE","2012","11","06",1.4,"","W",0,"9",0,"9","","9",".",""
"249190460","SPYTKOWICE G”RNE","2012","11","07",2.5,"","S",0,"9",0,"9","","9",".",""
"249190460","SPYTKOWICE G”RNE","2012","11","09",.2,"","W",0,"9",0,"9","","9",".",""
"249190460","SPYTKOWICE G”RNE","2012","11","12",4.5,"","W",0,"9",0,"9","","9",".",""
"249190460","SPYTKOWICE G”RNE","2012","11","21",1.0,"","W",0,"9",0,"9","","9",".",""
"249190460","SPYTKOWICE G”RNE","2012","11","23",1.1,"","W",0,"9",0,"9","","9",".",""
"249190460","SPYTKOWICE G”RNE","2012","11","29",.3,"","W",0,"9",0,"9","","9",".",""
"249190460","SPYTKOWICE G”RNE","2012","11","30",3.4,"","S",0,"9",0,"9","","9",".",""
"249190470","RABA WYØNA","2012","11","01",.0,"9","",1,"",0,"9","4","","*PRZ",""
"249190470","RABA WYØNA","2012","11","02",.3,"","W",0,"9",0,"9","","9",".",""
"249190470","RABA WYØNA","2012","11","04",.0,"","W",0,"9",0,"9","","9",".",""
"249190470","RABA WYØNA","2012","11","05",18.6,"","W",0,"9",0,"9","","9",".",""
"249190470","RABA WYØNA","2012","11","06",.4,"","W",0,"9",0,"9","","9",".",""
"249190470","RABA WYØNA","2012","11","07",.5,"","W",0,"9",0,"9","","9",".",""
"249190470","RABA WYØNA","2012","11","08",.1,"","W",0,"9",0,"9","","9",".",""
"249190470","RABA WYØNA","2012","11","09",.0,"","W",0,"9",0,"9","","9",".",""
"249190470","RABA WYØNA","2012","11","11",.0,"","W",0,"9",0,"9","","9",".",""
"249190470","RABA WYØNA","2012","11","12",3.8,"","W",0,"9",0,"9","","9",".",""
"249190470","RABA WYØNA","2012","11","13",.0,"","W",0,"9",0,"9","","9",".",""
"249190470","RABA WYØNA","2012","11","21",.5,"","W",0,"9",0,"9","","9",".",""
"249190470","RABA WYØNA","2012","11","23",.7,"","W",0,"9",0,"9","","9",".",""
"249190470","RABA WYØNA","2012","11","29",.1,"","W",0,"9",0,"9","","9",".",""
"249190470","RABA WYØNA","2012","11","30",4.4,"","S",0,"9",0,"9","","9",".",""
"249190510","HARKABUZ","2012","11","01",.0,"9","",11,"",0,"9","3","","*PRZ",""
"249190510","HARKABUZ","2012","11","02",.9,"","W",0,"9",0,"9","","9","PL",""
"249190510","HARKABUZ","2012","11","05",20.1,"","W",0,"9",0,"9","","9",".",""
"249190510","HARKABUZ","2012","11","06",1.4,"","S",0,"9",0,"9","","9",".",""
"249190510","HARKABUZ","2012","11","07",.9,"","S",0,"9",0,"9","","9",".",""
"249190510","HARKABUZ","2012","11","09",.2,"","W",0,"9",0,"9","","9",".",""
"249190510","HARKABUZ","2012","11","12",4.6,"","W",0,"9",0,"9","","9",".",""
"249190510","HARKABUZ","2012","11","21",.5,"","W",0,"9",0,"9","","9",".",""
"249190510","HARKABUZ","2012","11","23",1.3,"","W",0,"9",0,"9","","9",".",""
"249190510","HARKABUZ","2012","11","29",.3,"","W",0,"9",0,"9","","9",".",""
"249190510","HARKABUZ","2012","11","30",3.2,"","S",0,"9",0,"9","","9",".",""
"249190540","RAJCZA","2012","11","01",.5,"","W",0,"9",0,"8","","8","pl",""
"249190540","RAJCZA","2012","11","02",1.1,"","W",0,"9",0,"8","","8",".",""
"249190540","RAJCZA","2012","11","04",8.2,"","W",0,"9",0,"8","","8",".",""
"249190540","RAJCZA","2012","11","05",13.4,"","W",0,"9",0,"8","","8",".",""
"249190540","RAJCZA","2012","11","06",3.4,"","W",0,"9",0,"8","","8",".",""
"249190540","RAJCZA","2012","11","07",6.8,"","S",0,"9",0,"8","","8",".",""
"249190540","RAJCZA","2012","11","08",.4,"","W",0,"9",0,"8","","8",".",""
"249190540","RAJCZA","2012","11","09",.5,"","W",0,"9",0,"8","","8",".",""
"249190540","RAJCZA","2012","11","12",2.6,"","W",0,"9",0,"8","","8",".",""
"249190540","RAJCZA","2012","11","21",1.5,"","W",0,"9",0,"8","","8",".",""
"249190540","RAJCZA","2012","11","22",.2,"","W",0,"9",0,"8","","8",".",""
"249190540","RAJCZA","2012","11","23",1.5,"","W",0,"9",0,"8","","8",".",""
"249190540","RAJCZA","2012","11","29",4.2,"","W",0,"9",0,"8","","8",".",""
"249190540","RAJCZA","2012","11","30",.8,"","S",0,"9",0,"8","","8",".",""
"249190580","RYCERKA G”RNA","2012","11","01",1.6,"","W",0,"9",0,"9","","9",".",""
"249190580","RYCERKA G”RNA","2012","11","02",3.0,"","W",0,"9",0,"9","","9",".",""
"249190580","RYCERKA G”RNA","2012","11","04",8.2,"","W",0,"9",0,"9","","9",".",""
"249190580","RYCERKA G”RNA","2012","11","05",19.7,"","W",0,"9",0,"9","","9",".",""
"249190580","RYCERKA G”RNA","2012","11","06",5.4,"","S",0,"9",0,"9","","9",".",""
"249190580","RYCERKA G”RNA","2012","11","07",17.6,"","S",0,"",0,"9","","9","sl",""
"249190580","RYCERKA G”RNA","2012","11","08",.5,"","W",0,"9",0,"9","","9","pl",""
"249190580","RYCERKA G”RNA","2012","11","09",.4,"","W",0,"9",0,"9","","9",".",""
"249190580","RYCERKA G”RNA","2012","11","12",2.4,"","W",0,"9",0,"9","","9",".",""
"249190580","RYCERKA G”RNA","2012","11","15",.2,"","W",0,"9",0,"9","","9",".",""
"249190580","RYCERKA G”RNA","2012","11","18",.3,"","W",0,"9",0,"9","","9",".",""
"249190580","RYCERKA G”RNA","2012","11","21",1.5,"","W",0,"9",0,"9","","9",".",""
"249190580","RYCERKA G”RNA","2012","11","22",.3,"","W",0,"9",0,"9","","9",".",""
"249190580","RYCERKA G”RNA","2012","11","23",1.8,"","W",0,"9",0,"9","","9",".",""
"249190580","RYCERKA G”RNA","2012","11","29",10.5,"","W",0,"9",0,"9","","9",".",""
"249190580","RYCERKA G”RNA","2012","11","30",.5,"","S",0,"9",0,"9","","9",".",""
"249190590","CHYØNE","2012","11","01",1.2,"","W",0,"9",0,"9","","9","PL",""
"249190590","CHYØNE","2012","11","02",.9,"","W",0,"9",0,"9","","9","PL",""
"249190590","CHYØNE","2012","11","03",.2,"","W",0,"9",0,"9","","9",".",""
"249190590","CHYØNE","2012","11","04",.5,"","W",0,"9",0,"9","","9",".",""
"249190590","CHYØNE","2012","11","05",24.2,"","W",0,"9",0,"9","","9",".",""
"249190590","CHYØNE","2012","11","06",1.3,"","S",0,"9",0,"9","","9",".",""
"249190590","CHYØNE","2012","11","07",3.3,"","W",0,"9",0,"9","","9",".",""
"249190590","CHYØNE","2012","11","08",.4,"","W",0,"9",0,"9","","9",".",""
"249190590","CHYØNE","2012","11","09",.1,"","W",0,"9",0,"9","","9",".",""
"249190590","CHYØNE","2012","11","11",.0,"","W",0,"9",0,"9","","9",".",""
"249190590","CHYØNE","2012","11","12",4.0,"","W",0,"9",0,"9","","9",".",""
"249190590","CHYØNE","2012","11","18",.3,"","W",0,"9",0,"9","","9",".",""
"249190590","CHYØNE","2012","11","21",1.1,"","W",0,"9",0,"9","","9",".",""
"249190590","CHYØNE","2012","11","23",.9,"","W",0,"9",0,"9","","9",".",""
"249190590","CHYØNE","2012","11","27",.6,"","W",0,"9",0,"9","","9",".",""
"249190590","CHYØNE","2012","11","29",1.0,"","W",0,"9",0,"9","","9",".",""
"249190590","CHYØNE","2012","11","30",2.3,"","S",0,"9",0,"9","","9",".",""
"249190610","RATU£”W","2012","11","01",1.0,"","W",0,"9",0,"9","","9","PL",""
"249190610","RATU£”W","2012","11","02",1.1,"","W",0,"9",0,"9","","9",".",""
"249190610","RATU£”W","2012","11","04",.2,"","W",0,"9",0,"9","","9",".",""
"249190610","RATU£”W","2012","11","05",22.7,"","W",0,"9",0,"9","","9",".",""
"249190610","RATU£”W","2012","11","06",2.0,"","W",0,"9",0,"9","","9",".",""
"249190610","RATU£”W","2012","11","07",.2,"","W",0,"9",0,"9","","9",".",""
"249190610","RATU£”W","2012","11","09",1.0,"","W",0,"9",0,"9","","9",".",""
"249190610","RATU£”W","2012","11","11",.1,"","W",0,"9",0,"9","","9",".",""
"249190610","RATU£”W","2012","11","12",4.5,"","W",0,"9",0,"9","","9",".",""
"249190610","RATU£”W","2012","11","18",.5,"","W",0,"9",0,"9","","9",".",""
"249190610","RATU£”W","2012","11","19",.2,"","W",0,"9",0,"9","","9",".",""
"249190610","RATU£”W","2012","11","20",.1,"","W",0,"9",0,"9","","9",".",""
"249190610","RATU£”W","2012","11","21",1.5,"","W",0,"9",0,"9","","9",".",""
"249190610","RATU£”W","2012","11","22",.2,"","W",0,"9",0,"9","","9",".",""
"249190610","RATU£”W","2012","11","23",.9,"","W",0,"9",0,"9","","9",".",""
"249190610","RATU£”W","2012","11","29",2.1,"","W",0,"9",0,"9","","9",".",""
"249190610","RATU£”W","2012","11","30",2.1,"","S",0,"9",0,"9","","9",".",""
"249190620","BA—SKA WYØNA","2012","11","01",1.3,"","W",0,"9",0,"9","","9","PL",""
"249190620","BA—SKA WYØNA","2012","11","02",1.6,"","W",0,"9",0,"9","","9",".",""
"249190620","BA—SKA WYØNA","2012","11","05",22.0,"","W",0,"9",0,"9","","9",".",""
"249190620","BA—SKA WYØNA","2012","11","06",1.5,"","S",0,"9",0,"9","","9",".",""
"249190620","BA—SKA WYØNA","2012","11","07",.2,"","S",0,"9",0,"9","","9",".",""
"249190620","BA—SKA WYØNA","2012","11","08",.3,"","W",0,"9",0,"9","","9",".",""
"249190620","BA—SKA WYØNA","2012","11","09",1.0,"","W",0,"9",0,"9","","9",".",""
"249190620","BA—SKA WYØNA","2012","11","12",5.0,"","W",0,"9",0,"9","","9",".",""
"249190620","BA—SKA WYØNA","2012","11","13",.1,"","W",0,"9",0,"9","","9",".",""
"249190620","BA—SKA WYØNA","2012","11","18",.9,"","W",0,"9",0,"9","","9",".",""
"249190620","BA—SKA WYØNA","2012","11","19",.3,"","W",0,"9",0,"9","","9",".",""
"249190620","BA—SKA WYØNA","2012","11","20",.1,"","W",0,"9",0,"9","","9",".",""
"249190620","BA—SKA WYØNA","2012","11","21",1.2,"","W",0,"9",0,"9","","9",".",""
"249190620","BA—SKA WYØNA","2012","11","22",.2,"","W",0,"9",0,"9","","9",".",""
"249190620","BA—SKA WYØNA","2012","11","23",.6,"","W",0,"9",0,"9","","9",".",""
"249190620","BA—SKA WYØNA","2012","11","24",.1,"","W",0,"9",0,"9","","9",".",""
"249190620","BA—SKA WYØNA","2012","11","25",.1,"","W",0,"9",0,"9","","9",".",""
"249190620","BA—SKA WYØNA","2012","11","29",2.4,"","W",0,"9",0,"9","","9",".",""
"249190620","BA—SKA WYØNA","2012","11","30",2.4,"","S",0,"9",0,"9","","9",".",""
"249190630","WIT”W","2012","11","01",.5,"","W",7,"",0,"9","5","","*",""
"249190630","WIT”W","2012","11","02",.7,"","W",0,"9",0,"9","","9",".",""
"249190630","WIT”W","2012","11","04",.9,"","W",0,"9",0,"9","","9",".",""
"249190630","WIT”W","2012","11","05",22.5,"","W",0,"9",0,"9","","9",".",""
"249190630","WIT”W","2012","11","06",4.2,"","S",0,"9",0,"9","","9",".",""
"249190630","WIT”W","2012","11","07",1.0,"","S",1,"",1,"","6","","*PRZ",""
"249190630","WIT”W","2012","11","09",1.2,"","W",0,"9",0,"9","","9",".",""
"249190630","WIT”W","2012","11","12",4.7,"","W",0,"9",0,"9","","9",".",""
"249190630","WIT”W","2012","11","18",1.0,"","W",0,"9",0,"9","","9",".",""
"249190630","WIT”W","2012","11","19",.5,"","W",0,"9",0,"9","","9",".",""
"249190630","WIT”W","2012","11","21",1.2,"","W",0,"9",0,"9","","9",".",""
"249190630","WIT”W","2012","11","22",.5,"","W",0,"9",0,"9","","9",".",""
"249190630","WIT”W","2012","11","23",.2,"","W",0,"9",0,"9","","9",".",""
"249190630","WIT”W","2012","11","29",4.5,"","W",0,"9",0,"9","","9",".",""
"249190630","WIT”W","2012","11","30",1.2,"","S",0,"9",0,"9","","9",".",""
"249190650","GUBA£”WKA","2012","11","01",1.5,"","W",0,"9",0,"9","","9",".",""
"249190650","GUBA£”WKA","2012","11","02",1.7,"","W",0,"9",0,"9","","9",".",""
"249190650","GUBA£”WKA","2012","11","04",1.5,"","W",0,"9",0,"9","","9",".",""
"249190650","GUBA£”WKA","2012","11","05",22.3,"","W",0,"9",0,"9","","9",".",""
"249190650","GUBA£”WKA","2012","11","06",1.8,"","S",0,"9",0,"9","","9",".",""
"249190650","GUBA£”WKA","2012","11","07",2.0,"","W",1,"",1,"","1","","*",""
"249190650","GUBA£”WKA","2012","11","08",.1,"","W",0,"9",0,"9","","9",".",""
"249190650","GUBA£”WKA","2012","11","09",1.0,"","W",0,"9",0,"9","","9",".",""
"249190650","GUBA£”WKA","2012","11","12",6.2,"","W",0,"9",0,"9","","9",".",""
"249190650","GUBA£”WKA","2012","11","13",.0,"","W",0,"9",0,"9","","9",".",""
"249190650","GUBA£”WKA","2012","11","18",1.0,"","W",0,"9",0,"9","","9",".",""
"249190650","GUBA£”WKA","2012","11","19",.2,"","W",0,"9",0,"9","","9",".",""
"249190650","GUBA£”WKA","2012","11","21",1.0,"","W",0,"9",0,"9","","9",".",""
"249190650","GUBA£”WKA","2012","11","22",.3,"","W",0,"9",0,"9","","9",".",""
"249190650","GUBA£”WKA","2012","11","29",3.5,"","W",0,"9",0,"9","","9",".",""
"249190650","GUBA£”WKA","2012","11","30",.3,"","W",0,"9",0,"9","","9",".",""
"249190660","KOåCIELISKO-KIRY","2012","11","01",4.9,"","W",11,"",0,"9","3","","*",""
"249190660","KOåCIELISKO-KIRY","2012","11","02",1.4,"","W",0,"9",0,"9","","9",".",""
"249190660","KOåCIELISKO-KIRY","2012","11","04",3.6,"","W",0,"9",0,"9","","9",".",""
"249190660","KOåCIELISKO-KIRY","2012","11","05",28.1,"","W",0,"9",0,"9","","9",".",""
"249190660","KOåCIELISKO-KIRY","2012","11","06",.6,"","S",0,"9",0,"9","","9",".",""
"249190660","KOåCIELISKO-KIRY","2012","11","07",1.4,"","W",0,"",0,"","5","","SL",""
"249190660","KOåCIELISKO-KIRY","2012","11","09",2.4,"","W",0,"9",0,"9","","9",".",""
"249190660","KOåCIELISKO-KIRY","2012","11","11",.1,"","W",0,"9",0,"9","","9",".",""
"249190660","KOåCIELISKO-KIRY","2012","11","12",6.4,"","W",0,"9",0,"9","","9",".",""
"249190660","KOåCIELISKO-KIRY","2012","11","18",1.2,"","W",0,"9",0,"9","","9",".",""
"249190660","KOåCIELISKO-KIRY","2012","11","19",.2,"","W",0,"9",0,"9","","9",".",""
"249190660","KOåCIELISKO-KIRY","2012","11","21",.9,"","W",0,"9",0,"9","","9",".",""
"249190660","KOåCIELISKO-KIRY","2012","11","22",.4,"","W",0,"9",0,"9","","9",".",""
"249190660","KOåCIELISKO-KIRY","2012","11","23",.3,"","W",0,"9",0,"9","","9",".",""
"249190660","KOåCIELISKO-KIRY","2012","11","29",6.7,"","W",0,"9",0,"9","","9",".",""
"249190660","KOåCIELISKO-KIRY","2012","11","30",3.9,"","S",0,"9",0,"9","","9",".",""
"249190750","SOBL”WKA","2012","11","01",1.2,"","W",0,"9",0,"9","","9","pl",""
"249190750","SOBL”WKA","2012","11","02",1.5,"","W",0,"9",0,"9","","9",".",""
"249190750","SOBL”WKA","2012","11","04",6.8,"","W",0,"9",0,"9","","9",".",""
"249190750","SOBL”WKA","2012","11","05",15.7,"","W",0,"9",0,"9","","9",".",""
"249190750","SOBL”WKA","2012","11","06",2.6,"","S",0,"9",0,"9","","9",".",""
"249190750","SOBL”WKA","2012","11","07",5.5,"","S",0,"",0,"9","","9","sl",""
"249190750","SOBL”WKA","2012","11","08",.1,"","W",0,"9",0,"9","","9",".",""
"249190750","SOBL”WKA","2012","11","09",.2,"","W",0,"9",0,"9","","9",".",""
"249190750","SOBL”WKA","2012","11","12",2.3,"","W",0,"9",0,"9","","9",".",""
"249190750","SOBL”WKA","2012","11","15",.1,"","W",0,"9",0,"9","","9",".",""
"249190750","SOBL”WKA","2012","11","18",.4,"","W",0,"9",0,"9","","9",".",""
"249190750","SOBL”WKA","2012","11","19",.0,"","W",0,"9",0,"9","","9",".",""
"249190750","SOBL”WKA","2012","11","21",.8,"","W",0,"9",0,"9","","9",".",""
"249190750","SOBL”WKA","2012","11","23",.8,"","W",0,"9",0,"9","","9",".",""
"249190750","SOBL”WKA","2012","11","29",5.6,"","W",0,"9",0,"9","","9",".",""
"249190750","SOBL”WKA","2012","11","30",.5,"","S",0,"9",0,"9","","9",".",""
"249190760","ZUBRZYCA DOLNA","2012","11","01",.4,"","W",0,"9",0,"9","","9","PL",""
"249190760","ZUBRZYCA DOLNA","2012","11","04",4.5,"","W",0,"9",0,"9","","9",".",""
"249190760","ZUBRZYCA DOLNA","2012","11","05",17.8,"","W",0,"9",0,"9","","9",".",""
"249190760","ZUBRZYCA DOLNA","2012","11","06",1.3,"","S",0,"9",0,"9","","9",".",""
"249190760","ZUBRZYCA DOLNA","2012","11","07",5.8,"","S",0,"9",0,"9","","9",".",""
"249190760","ZUBRZYCA DOLNA","2012","11","08",.1,"","W",0,"9",0,"9","","9",".",""
"249190760","ZUBRZYCA DOLNA","2012","11","09",.9,"","W",0,"9",0,"9","","9",".",""
"249190760","ZUBRZYCA DOLNA","2012","11","12",3.5,"","W",0,"9",0,"9","","9",".",""
"249190760","ZUBRZYCA DOLNA","2012","11","20",.2,"","W",0,"9",0,"9","","9",".",""
"249190760","ZUBRZYCA DOLNA","2012","11","21",1.6,"","W",0,"9",0,"9","","9",".",""
"249190760","ZUBRZYCA DOLNA","2012","11","22",.2,"","W",0,"9",0,"9","","9",".",""
"249190760","ZUBRZYCA DOLNA","2012","11","23",.4,"","W",0,"9",0,"9","","9",".",""
"249190760","ZUBRZYCA DOLNA","2012","11","29",2.8,"","W",0,"9",0,"9","","9",".",""
"249190760","ZUBRZYCA DOLNA","2012","11","30",3.1,"","S",0,"9",0,"9","","9",".",""
"249190810","KALWARIA ZEBRZYDOWSKA","2012","11","01",.1,"","W",0,"9",0,"9","","9","PL",""
"249190810","KALWARIA ZEBRZYDOWSKA","2012","11","02",.0,"","W",0,"9",0,"9","","9",".",""
"249190810","KALWARIA ZEBRZYDOWSKA","2012","11","04",2.2,"","W",0,"9",0,"9","","9",".",""
"249190810","KALWARIA ZEBRZYDOWSKA","2012","11","05",19.1,"","W",0,"9",0,"9","","9",".",""
"249190810","KALWARIA ZEBRZYDOWSKA","2012","11","06",2.1,"","W",0,"9",0,"9","","9",".",""
"249190810","KALWARIA ZEBRZYDOWSKA","2012","11","07",1.5,"","W",0,"9",0,"9","","9",".",""
"249190810","KALWARIA ZEBRZYDOWSKA","2012","11","08",.3,"","W",0,"9",0,"9","","9",".",""
"249190810","KALWARIA ZEBRZYDOWSKA","2012","11","09",1.7,"","W",0,"9",0,"9","","9",".",""
"249190810","KALWARIA ZEBRZYDOWSKA","2012","11","12",3.0,"","W",0,"9",0,"9","","9",".",""
"249190810","KALWARIA ZEBRZYDOWSKA","2012","11","18",.1,"","W",0,"9",0,"9","","9",".",""
"249190810","KALWARIA ZEBRZYDOWSKA","2012","11","21",1.3,"","W",0,"9",0,"9","","9",".",""
"249190810","KALWARIA ZEBRZYDOWSKA","2012","11","23",.9,"","W",0,"9",0,"9","","9",".",""
"249190810","KALWARIA ZEBRZYDOWSKA","2012","11","24",.1,"","W",0,"9",0,"9","","9",".",""
"249190810","KALWARIA ZEBRZYDOWSKA","2012","11","29",1.6,"","W",0,"9",0,"9","","9",".",""
"249190810","KALWARIA ZEBRZYDOWSKA","2012","11","30",2.5,"","S",0,"9",0,"9","","9",".",""
"249190910","STA—COWA","2012","11","01",1.3,"","W",0,"9",0,"9","","9","PL",""
"249190910","STA—COWA","2012","11","02",1.6,"","W",0,"9",0,"9","","9",".",""
"249190910","STA—COWA","2012","11","04",.7,"","W",0,"9",0,"9","","9",".",""
"249190910","STA—COWA","2012","11","05",18.2,"","W",0,"9",0,"9","","9",".",""
"249190910","STA—COWA","2012","11","06",2.7,"","S",0,"9",0,"9","","9",".",""
"249190910","STA—COWA","2012","11","07",14.0,"","S",0,"",0,"","5","","SL",""
"249190910","STA—COWA","2012","11","08",.9,"","W",0,"9",0,"9","","9",".",""
"249190910","STA—COWA","2012","11","09",.4,"","W",0,"9",0,"9","","9",".",""
"249190910","STA—COWA","2012","11","12",3.7,"","W",0,"9",0,"9","","9",".",""
"249190910","STA—COWA","2012","11","13",.1,"","W",0,"9",0,"9","","9",".",""
"249190910","STA—COWA","2012","11","21",1.6,"","W",0,"9",0,"9","","9",".",""
"249190910","STA—COWA","2012","11","22",.1,"","W",0,"9",0,"9","","9",".",""
"249190910","STA—COWA","2012","11","23",1.5,"","W",0,"9",0,"9","","9",".",""
"249190910","STA—COWA","2012","11","24",.1,"","W",0,"9",0,"9","","9",".",""
"249190910","STA—COWA","2012","11","29",3.4,"","W",0,"9",0,"9","","9",".",""
"249190910","STA—COWA","2012","11","30",1.9,"","S",0,"9",0,"9","","9",".",""
"249200030","KOèMICE WIELKIE","2012","11","01",.5,"","W",0,"9",0,"8","","8",".",""
"249200030","KOèMICE WIELKIE","2012","11","02",.0,"","W",0,"9",0,"8","","8",".",""
"249200030","KOèMICE WIELKIE","2012","11","04",1.0,"","W",0,"9",0,"8","","8",".",""
"249200030","KOèMICE WIELKIE","2012","11","05",17.4,"","W",0,"9",0,"8","","8",".",""
"249200030","KOèMICE WIELKIE","2012","11","06",.4,"","W",0,"9",0,"8","","8",".",""
"249200030","KOèMICE WIELKIE","2012","11","07",.4,"","W",0,"9",0,"8","","8",".",""
"249200030","KOèMICE WIELKIE","2012","11","09",.3,"","W",0,"9",0,"8","","8",".",""
"249200030","KOèMICE WIELKIE","2012","11","12",4.1,"","W",0,"9",0,"8","","8",".",""
"249200030","KOèMICE WIELKIE","2012","11","17",.1,"","W",0,"9",0,"8","","8",".",""
"249200030","KOèMICE WIELKIE","2012","11","20",.1,"","W",0,"9",0,"8","","8",".",""
"249200030","KOèMICE WIELKIE","2012","11","21",1.8,"","W",0,"9",0,"8","","8",".",""
"249200030","KOèMICE WIELKIE","2012","11","23",.5,"","W",0,"9",0,"8","","8",".",""
"249200030","KOèMICE WIELKIE","2012","11","24",.1,"","W",0,"9",0,"8","","8",".",""
"249200030","KOèMICE WIELKIE","2012","11","28",.0,"","W",0,"9",0,"8","","8",".",""
"249200030","KOèMICE WIELKIE","2012","11","29",1.7,"","W",0,"9",0,"8","","8",".",""
"249200030","KOèMICE WIELKIE","2012","11","30",1.9,"","S",0,"9",0,"8","","8",".",""
"249200040","WOJNICZ","2012","11","01",.7,"","W",0,"9",0,"8","","8",".",""
"249200040","WOJNICZ","2012","11","02",.4,"","W",0,"9",0,"8","","8",".",""
"249200040","WOJNICZ","2012","11","05",11.5,"","W",0,"9",0,"8","","8",".",""
"249200040","WOJNICZ","2012","11","06",.2,"","W",0,"9",0,"8","","8",".",""
"249200040","WOJNICZ","2012","11","07",.4,"","W",0,"9",0,"8","","8",".",""
"249200040","WOJNICZ","2012","11","08",.3,"","W",0,"9",0,"8","","8",".",""
"249200040","WOJNICZ","2012","11","12",4.1,"","W",0,"9",0,"8","","8",".",""
"249200040","WOJNICZ","2012","11","15",.1,"","W",0,"9",0,"8","","8",".",""
"249200040","WOJNICZ","2012","11","16",.3,"","W",0,"9",0,"8","","8",".",""
"249200040","WOJNICZ","2012","11","18",.3,"","W",0,"9",0,"8","","8",".",""
"249200040","WOJNICZ","2012","11","21",2.1,"","W",0,"9",0,"8","","8",".",""
"249200040","WOJNICZ","2012","11","22",.1,"","W",0,"9",0,"8","","8",".",""
"249200040","WOJNICZ","2012","11","23",.3,"","W",0,"9",0,"8","","8",".",""
"249200040","WOJNICZ","2012","11","28",.0,"","W",0,"9",0,"8","","8",".",""
"249200040","WOJNICZ","2012","11","30",.7,"","W",0,"9",0,"8","","8",".",""
"249200060","GNOJNIK","2012","11","02",.5,"","W",0,"9",0,"8","","8",".",""
"249200060","GNOJNIK","2012","11","05",14.6,"","W",0,"9",0,"8","","8",".",""
"249200060","GNOJNIK","2012","11","06",1.2,"","W",0,"9",0,"8","","8",".",""
"249200060","GNOJNIK","2012","11","07",.3,"","W",0,"9",0,"8","","8",".",""
"249200060","GNOJNIK","2012","11","12",4.7,"","W",0,"9",0,"8","","8",".",""
"249200060","GNOJNIK","2012","11","13",.0,"","W",0,"9",0,"8","","8",".",""
"249200060","GNOJNIK","2012","11","21",1.9,"","W",0,"9",0,"8","","8",".",""
"249200060","GNOJNIK","2012","11","23",.5,"","W",0,"9",0,"8","","8",".",""
"249200060","GNOJNIK","2012","11","30",.8,"","W",0,"9",0,"8","","8",".",""
"249200080","£APAN”W","2012","11","01",.3,"","W",0,"9",0,"8","","8",".",""
"249200080","£APAN”W","2012","11","05",20.4,"","W",0,"9",0,"8","","8",".",""
"249200080","£APAN”W","2012","11","06",1.8,"","W",0,"9",0,"8","","8",".",""
"249200080","£APAN”W","2012","11","08",.1,"","W",0,"9",0,"8","","8",".",""
"249200080","£APAN”W","2012","11","09",.3,"","W",0,"9",0,"8","","8",".",""
"249200080","£APAN”W","2012","11","11",.1,"","W",0,"9",0,"8","","8",".",""
"249200080","£APAN”W","2012","11","12",4.9,"","W",0,"9",0,"8","","8",".",""
"249200080","£APAN”W","2012","11","21",1.7,"","W",0,"9",0,"8","","8",".",""
"249200080","£APAN”W","2012","11","22",.2,"","W",0,"9",0,"8","","8",".",""
"249200080","£APAN”W","2012","11","23",.3,"","W",0,"9",0,"8","","8",".",""
"249200080","£APAN”W","2012","11","29",.2,"","W",0,"9",0,"8","","8",".",""
"249200080","£APAN”W","2012","11","30",1.6,"","W",0,"9",0,"8","","8",".",""
"249200120","ROZDZIELE","2012","11","01",3.3,"","W",3,"",0,"9","5","","*",""
"249200120","ROZDZIELE","2012","11","05",18.9,"","W",0,"9",0,"9","","9",".",""
"249200120","ROZDZIELE","2012","11","06",2.5,"","W",0,"9",0,"9","","9",".",""
"249200120","ROZDZIELE","2012","11","07",.7,"","W",0,"9",0,"9","","9",".",""
"249200120","ROZDZIELE","2012","11","08",.9,"","W",0,"9",0,"9","","9",".",""
"249200120","ROZDZIELE","2012","11","12",4.9,"","W",0,"9",0,"9","","9",".",""
"249200120","ROZDZIELE","2012","11","19",.3,"","W",0,"9",0,"9","","9",".",""
"249200120","ROZDZIELE","2012","11","20",.4,"","W",0,"9",0,"9","","9",".",""
"249200120","ROZDZIELE","2012","11","21",2.3,"","W",0,"9",0,"9","","9",".",""
"249200120","ROZDZIELE","2012","11","23",.4,"","W",0,"9",0,"9","","9",".",""
"249200120","ROZDZIELE","2012","11","30",.2,"","W",0,"9",0,"9","","9",".",""
"249200140","W GL”WKA","2012","11","01",.2,"","W",0,"9",0,"9","","9","PL",""
"249200140","W GL”WKA","2012","11","02",.1,"","W",0,"9",0,"9","","9",".",""
"249200140","W GL”WKA","2012","11","05",21.1,"","W",0,"9",0,"9","","9",".",""
"249200140","W GL”WKA","2012","11","06",5.8,"","W",0,"9",0,"9","","9",".",""
"249200140","W GL”WKA","2012","11","07",1.6,"","W",0,"9",0,"9","","9",".",""
"249200140","W GL”WKA","2012","11","08",.1,"","W",0,"9",0,"9","","9",".",""
"249200140","W GL”WKA","2012","11","09",2.0,"","W",0,"9",0,"9","","9",".",""
"249200140","W GL”WKA","2012","11","12",5.5,"","W",0,"9",0,"9","","9",".",""
"249200140","W GL”WKA","2012","11","21",1.1,"","W",0,"9",0,"9","","9",".",""
"249200140","W GL”WKA","2012","11","23",.5,"","W",0,"9",0,"9","","9",".",""
"249200140","W GL”WKA","2012","11","30",3.1,"","W",0,"9",0,"9","","9",".",""
"249200160","åWIDNIK","2012","11","01",.1,"","W",0,"9",0,"8","","8",".",""
"249200160","åWIDNIK","2012","11","05",17.5,"","W",0,"9",0,"8","","8",".",""
"249200160","åWIDNIK","2012","11","06",3.0,"","W",0,"9",0,"8","","8",".",""
"249200160","åWIDNIK","2012","11","07",.2,"","W",0,"9",0,"8","","8",".",""
"249200160","åWIDNIK","2012","11","09",.1,"","W",0,"9",0,"8","","8",".",""
"249200160","åWIDNIK","2012","11","12",3.8,"","W",0,"9",0,"8","","8",".",""
"249200160","åWIDNIK","2012","11","18",.1,"","W",0,"9",0,"8","","8",".",""
"249200160","åWIDNIK","2012","11","21",2.0,"","W",0,"9",0,"8","","8",".",""
"249200170","JASIENNA","2012","11","01",1.1,"","W",0,"9",0,"8","","8",".",""
"249200170","JASIENNA","2012","11","05",10.9,"","W",0,"9",0,"8","","8",".",""
"249200170","JASIENNA","2012","11","06",2.1,"","W",0,"9",0,"8","","8",".",""
"249200170","JASIENNA","2012","11","09",.8,"","W",0,"9",0,"8","","8",".",""
"249200170","JASIENNA","2012","11","12",6.8,"","W",0,"9",0,"8","","8",".",""
"249200170","JASIENNA","2012","11","19",1.4,"","W",0,"9",0,"8","","8",".",""
"249200170","JASIENNA","2012","11","20",.1,"","W",0,"9",0,"8","","8",".",""
"249200170","JASIENNA","2012","11","21",.1,"","W",0,"9",0,"8","","8",".",""
"249200170","JASIENNA","2012","11","30",2.5,"","W",0,"9",0,"8","","8",".",""
"249200190","RABA NIØNA","2012","11","01",.2,"","W",0,"9",0,"9","","9","PL",""
"249200190","RABA NIØNA","2012","11","02",.4,"","W",0,"9",0,"9","","9",".",""
"249200190","RABA NIØNA","2012","11","04",.2,"","W",0,"9",0,"9","","9",".",""
"249200190","RABA NIØNA","2012","11","05",19.5,"","W",0,"9",0,"9","","9",".",""
"249200190","RABA NIØNA","2012","11","06",2.7,"","W",0,"9",0,"9","","9",".",""
"249200190","RABA NIØNA","2012","11","07",1.2,"","W",0,"9",0,"9","","9",".",""
"249200190","RABA NIØNA","2012","11","08",.3,"","W",0,"9",0,"9","","9",".",""
"249200190","RABA NIØNA","2012","11","09",.2,"","W",0,"9",0,"9","","9",".",""
"249200190","RABA NIØNA","2012","11","12",4.0,"","W",0,"9",0,"9","","9",".",""
"249200190","RABA NIØNA","2012","11","21",1.1,"","W",0,"9",0,"9","","9",".",""
"249200190","RABA NIØNA","2012","11","23",.7,"","W",0,"9",0,"9","","9",".",""
"249200190","RABA NIØNA","2012","11","26",.0,"","W",0,"9",0,"9","","9",".",""
"249200190","RABA NIØNA","2012","11","29",.2,"","W",0,"9",0,"9","","9",".",""
"249200190","RABA NIØNA","2012","11","30",3.1,"","S",0,"9",0,"9","","9",".",""
"249200210","P”£RZECZKI","2012","11","02",.7,"","W",0,"9",0,"9","","9",".",""
"249200210","P”£RZECZKI","2012","11","04",.0,"","W",0,"9",0,"9","","9",".",""
"249200210","P”£RZECZKI","2012","11","05",22.4,"","W",0,"9",0,"9","","9",".",""
"249200210","P”£RZECZKI","2012","11","06",4.8,"","W",0,"9",0,"9","","9",".",""
"249200210","P”£RZECZKI","2012","11","07",4.9,"","W",0,"9",0,"9","","9",".",""
"249200210","P”£RZECZKI","2012","11","08",.9,"","W",0,"9",0,"9","","9",".",""
"249200210","P”£RZECZKI","2012","11","09",.4,"","W",0,"9",0,"9","","9",".",""
"249200210","P”£RZECZKI","2012","11","11",.0,"","W",0,"9",0,"9","","9",".",""
"249200210","P”£RZECZKI","2012","11","12",4.8,"","W",0,"9",0,"9","","9",".",""
"249200210","P”£RZECZKI","2012","11","13",.1,"","W",0,"9",0,"9","","9",".",""
"249200210","P”£RZECZKI","2012","11","18",.0,"","W",0,"9",0,"9","","9",".",""
"249200210","P”£RZECZKI","2012","11","21",.7,"","W",0,"9",0,"9","","9",".",""
"249200210","P”£RZECZKI","2012","11","23",.2,"","W",0,"9",0,"9","","9",".",""
"249200210","P”£RZECZKI","2012","11","30",1.9,"","S",0,"9",0,"9","","9",".",""
"249200230","GRYB”W","2012","11","01",.6,"","W",0,"9",0,"8","","8",".",""
"249200230","GRYB”W","2012","11","02",2.8,"","W",0,"9",0,"8","","8",".",""
"249200230","GRYB”W","2012","11","05",9.3,"","W",0,"9",0,"8","","8",".",""
"249200230","GRYB”W","2012","11","06",1.6,"","W",0,"9",0,"8","","8",".",""
"249200230","GRYB”W","2012","11","07",.2,"","W",0,"9",0,"8","","8",".",""
"249200230","GRYB”W","2012","11","08",.5,"","W",0,"9",0,"8","","8",".",""
"249200230","GRYB”W","2012","11","09",.2,"","W",0,"9",0,"8","","8",".",""
"249200230","GRYB”W","2012","11","12",4.0,"","W",0,"9",0,"8","","8",".",""
"249200230","GRYB”W","2012","11","18",.6,"","W",0,"9",0,"8","","8",".",""
"249200230","GRYB”W","2012","11","19",.1,"","W",0,"9",0,"8","","8",".",""
"249200230","GRYB”W","2012","11","21",.4,"","W",0,"9",0,"8","","8",".",""
"249200230","GRYB”W","2012","11","23",.4,"","W",0,"9",0,"8","","8",".",""
"249200230","GRYB”W","2012","11","29",.0,"","W",0,"9",0,"8","","8",".",""
"249200230","GRYB”W","2012","11","30",.6,"","W",0,"9",0,"8","","8",".",""
"249200250","JASION”W","2012","11","01",1.0,"","W",0,"9",0,"8","","8",".",""
"249200250","JASION”W","2012","11","02",2.0,"","W",0,"9",0,"8","","8",".",""
"249200250","JASION”W","2012","11","05",20.0,"","W",0,"9",0,"8","","8",".",""
"249200250","JASION”W","2012","11","06",1.0,"","W",0,"9",0,"8","","8",".",""
"249200250","JASION”W","2012","11","07",7.0,"","W",0,"9",0,"8","","8",".",""
"249200250","JASION”W","2012","11","08",1.5,"","W",0,"9",0,"8","","8",".",""
"249200250","JASION”W","2012","11","09",1.0,"","W",0,"9",0,"8","","8",".",""
"249200250","JASION”W","2012","11","12",5.0,"","W",0,"9",0,"8","","8",".",""
"249200250","JASION”W","2012","11","21",1.0,"","W",0,"9",0,"8","","8",".",""
"249200250","JASION”W","2012","11","23",.6,"","W",0,"9",0,"8","","8",".",""
"249200250","JASION”W","2012","11","30",7.0,"","S",0,"9",0,"8","","8",".",""
"249200280","£ABOWA","2012","11","01",.2,"","W",0,"9",0,"8","","8",".",""
"249200280","£ABOWA","2012","11","02",2.2,"","W",0,"9",0,"8","","8",".",""
"249200280","£ABOWA","2012","11","04",.7,"","W",0,"9",0,"8","","8",".",""
"249200280","£ABOWA","2012","11","05",17.7,"","W",0,"9",0,"8","","8",".",""
"249200280","£ABOWA","2012","11","06",1.2,"","W",0,"9",0,"8","","8",".",""
"249200280","£ABOWA","2012","11","07",.5,"","W",0,"9",0,"8","","8",".",""
"249200280","£ABOWA","2012","11","08",.5,"","W",0,"9",0,"8","","8",".",""
"249200280","£ABOWA","2012","11","09",.5,"","W",0,"9",0,"8","","8",".",""
"249200280","£ABOWA","2012","11","11",.0,"","W",0,"9",0,"8","","8",".",""
"249200280","£ABOWA","2012","11","12",5.0,"","W",0,"9",0,"8","","8",".",""
"249200280","£ABOWA","2012","11","18",.4,"","W",0,"9",0,"8","","8",".",""
"249200280","£ABOWA","2012","11","21",.2,"","W",0,"9",0,"8","","8",".",""
"249200280","£ABOWA","2012","11","22",.2,"","W",0,"9",0,"8","","8",".",""
"249200280","£ABOWA","2012","11","23",1.0,"","W",0,"9",0,"8","","8",".",""
"249200280","£ABOWA","2012","11","30",.5,"","S",0,"9",0,"8","","8",".",""
"249200290","OCHOTNICA G”RNA","2012","11","01",.6,"","W",0,"9",0,"9","","9","PL",""
"249200290","OCHOTNICA G”RNA","2012","11","02",.2,"","W",0,"9",0,"9","","9",".",""
"249200290","OCHOTNICA G”RNA","2012","11","04",.1,"","W",0,"9",0,"9","","9",".",""
"249200290","OCHOTNICA G”RNA","2012","11","05",12.6,"","W",0,"9",0,"9","","9",".",""
"249200290","OCHOTNICA G”RNA","2012","11","06",.8,"","W",0,"9",0,"9","","9",".",""
"249200290","OCHOTNICA G”RNA","2012","11","07",7.4,"","W",0,"9",0,"9","","9",".",""
"249200290","OCHOTNICA G”RNA","2012","11","08",.4,"","W",0,"9",0,"9","","9",".",""
"249200290","OCHOTNICA G”RNA","2012","11","09",1.6,"","W",0,"9",0,"9","","9",".",""
"249200290","OCHOTNICA G”RNA","2012","11","11",.4,"","W",0,"9",0,"9","","9",".",""
"249200290","OCHOTNICA G”RNA","2012","11","12",2.8,"","W",0,"9",0,"9","","9",".",""
"249200290","OCHOTNICA G”RNA","2012","11","18",.4,"","W",0,"9",0,"9","","9",".",""
"249200290","OCHOTNICA G”RNA","2012","11","19",2.2,"","W",0,"9",0,"9","","9",".",""
"249200290","OCHOTNICA G”RNA","2012","11","21",1.4,"","W",0,"9",0,"9","","9",".",""
"249200290","OCHOTNICA G”RNA","2012","11","22",.4,"","W",0,"9",0,"9","","9",".",""
"249200290","OCHOTNICA G”RNA","2012","11","23",.4,"","W",0,"9",0,"9","","9",".",""
"249200290","OCHOTNICA G”RNA","2012","11","29",.4,"","W",0,"9",0,"9","","9",".",""
"249200290","OCHOTNICA G”RNA","2012","11","30",2.4,"","S",0,"9",0,"9","","9",".",""
"249200310","KOWANIEC","2012","11","01",1.5,"","W",2,"",0,"9","5","","*PRZ",""
"249200310","KOWANIEC","2012","11","02",1.3,"","W",0,"9",0,"9","","9",".",""
"249200310","KOWANIEC","2012","11","04",.1,"","W",0,"9",0,"9","","9",".",""
"249200310","KOWANIEC","2012","11","05",15.8,"","W",0,"9",0,"9","","9",".",""
"249200310","KOWANIEC","2012","11","06",1.4,"","W",0,"9",0,"9","","9",".",""
"249200310","KOWANIEC","2012","11","07",2.0,"","W",0,"9",0,"9","","9",".",""
"249200310","KOWANIEC","2012","11","08",.3,"","W",0,"9",0,"9","","9",".",""
"249200310","KOWANIEC","2012","11","09",.7,"","W",0,"9",0,"9","","9",".",""
"249200310","KOWANIEC","2012","11","12",3.9,"","W",0,"9",0,"9","","9",".",""
"249200310","KOWANIEC","2012","11","18",.4,"","W",0,"9",0,"9","","9",".",""
"249200310","KOWANIEC","2012","11","20",.2,"","W",0,"9",0,"9","","9",".",""
"249200310","KOWANIEC","2012","11","21",.6,"","W",0,"9",0,"9","","9",".",""
"249200310","KOWANIEC","2012","11","23",.5,"","W",0,"9",0,"9","","9",".",""
"249200310","KOWANIEC","2012","11","29",.2,"","W",0,"9",0,"9","","9",".",""
"249200310","KOWANIEC","2012","11","30",2.5,"","S",0,"9",0,"9","","9",".",""
"249200340","D BNO","2012","11","01",1.0,"","W",0,"9",0,"8","","8",".",""
"249200340","D BNO","2012","11","02",.6,"","W",0,"9",0,"8","","8",".",""
"249200340","D BNO","2012","11","05",13.3,"","W",0,"9",0,"8","","8",".",""
"249200340","D BNO","2012","11","06",1.4,"","W",0,"9",0,"8","","8",".",""
"249200340","D BNO","2012","11","07",5.4,"","W",0,"9",0,"8","","8",".",""
"249200340","D BNO","2012","11","08",.9,"","W",0,"9",0,"8","","8",".",""
"249200340","D BNO","2012","11","09",.8,"","W",0,"9",0,"8","","8",".",""
"249200340","D BNO","2012","11","12",3.3,"","W",0,"9",0,"8","","8",".",""
"249200340","D BNO","2012","11","18",1.8,"","W",0,"9",0,"8","","8",".",""
"249200340","D BNO","2012","11","19",.1,"","W",0,"9",0,"8","","8",".",""
"249200340","D BNO","2012","11","20",.3,"","W",0,"9",0,"8","","8",".",""
"249200340","D BNO","2012","11","21",1.8,"","W",0,"9",0,"8","","8",".",""
"249200340","D BNO","2012","11","22",.0,"","W",0,"9",0,"8","","8",".",""
"249200340","D BNO","2012","11","23",.2,"","W",0,"9",0,"8","","8",".",""
"249200340","D BNO","2012","11","29",.9,"","W",0,"9",0,"8","","8",".",""
"249200340","D BNO","2012","11","30",1.7,"","S",0,"9",0,"8","","8",".",""
"249200350","HUTA","2012","11","01",1.4,"","W",4,"",0,"9","5","","*",""
"249200350","HUTA","2012","11","02",1.4,"","W",0,"9",0,"9","","9",".",""
"249200350","HUTA","2012","11","03",1.2,"","W",0,"9",0,"9","","9",".",""
"249200350","HUTA","2012","11","04",.6,"","W",0,"9",0,"9","","9",".",""
"249200350","HUTA","2012","11","05",19.4,"","W",0,"9",0,"9","","9",".",""
"249200350","HUTA","2012","11","06",.6,"","S",0,"9",0,"9","","9",".",""
"249200350","HUTA","2012","11","07",.4,"","S",0,"9",0,"9","","9",".",""
"249200350","HUTA","2012","11","08",.4,"","W",0,"9",0,"9","","9",".",""
"249200350","HUTA","2012","11","09",2.0,"","W",0,"9",0,"9","","9",".",""
"249200350","HUTA","2012","11","11",.5,"","W",0,"9",0,"9","","9",".",""
"249200350","HUTA","2012","11","12",6.3,"","W",0,"9",0,"9","","9",".",""
"249200350","HUTA","2012","11","14",.1,"","W",0,"9",0,"9","","9",".",""
"249200350","HUTA","2012","11","17",.2,"","W",0,"9",0,"9","","9",".",""
"249200350","HUTA","2012","11","18",.3,"","W",0,"9",0,"9","","9",".",""
"249200350","HUTA","2012","11","19",.5,"","W",0,"9",0,"9","","9",".",""
"249200350","HUTA","2012","11","21",.1,"","W",0,"9",0,"9","","9",".",""
"249200350","HUTA","2012","11","22",.4,"","W",0,"9",0,"9","","9",".",""
"249200350","HUTA","2012","11","23",.3,"","W",0,"9",0,"9","","9",".",""
"249200350","HUTA","2012","11","28",.4,"","W",0,"9",0,"9","","9",".",""
"249200350","HUTA","2012","11","29",1.3,"","W",0,"9",0,"9","","9",".",""
"249200350","HUTA","2012","11","30",.8,"","S",0,"9",0,"9","","9",".",""
"249200380","SZAFLARY","2012","11","01",2.1,"","W",0,"9",0,"9","","9","PL",""
"249200380","SZAFLARY","2012","11","02",1.4,"","W",0,"9",0,"9","","9",".",""
"249200380","SZAFLARY","2012","11","04",.3,"","W",0,"9",0,"9","","9",".",""
"249200380","SZAFLARY","2012","11","05",17.1,"","W",0,"9",0,"9","","9",".",""
"249200380","SZAFLARY","2012","11","06",.9,"","W",0,"9",0,"9","","9",".",""
"249200380","SZAFLARY","2012","11","07",.5,"","W",0,"9",0,"9","","9",".",""
"249200380","SZAFLARY","2012","11","08",.5,"","W",0,"9",0,"9","","9",".",""
"249200380","SZAFLARY","2012","11","09",1.2,"","W",0,"9",0,"9","","9",".",""
"249200380","SZAFLARY","2012","11","11",.5,"","W",0,"9",0,"9","","9",".",""
"249200380","SZAFLARY","2012","11","12",5.2,"","W",0,"9",0,"9","","9",".",""
"249200380","SZAFLARY","2012","11","18",.9,"","W",0,"9",0,"9","","9",".",""
"249200380","SZAFLARY","2012","11","19",.2,"","W",0,"9",0,"9","","9",".",""
"249200380","SZAFLARY","2012","11","21",.8,"","W",0,"9",0,"9","","9",".",""
"249200380","SZAFLARY","2012","11","22",.3,"","W",0,"9",0,"9","","9",".",""
"249200380","SZAFLARY","2012","11","23",.2,"","W",0,"9",0,"9","","9",".",""
"249200380","SZAFLARY","2012","11","28",.0,"","W",0,"9",0,"9","","9",".",""
"249200380","SZAFLARY","2012","11","29",2.0,"","W",0,"9",0,"9","","9",".",""
"249200380","SZAFLARY","2012","11","30",.8,"","S",0,"9",0,"9","","9",".",""
"249200450","BIA£KA TATRZA—SKA","2012","11","01",1.2,"","W",0,"9",0,"9","","9","PL",""
"249200450","BIA£KA TATRZA—SKA","2012","11","02",.9,"","W",0,"9",0,"9","","9",".",""
"249200450","BIA£KA TATRZA—SKA","2012","11","04",.1,"","W",0,"9",0,"9","","9",".",""
"249200450","BIA£KA TATRZA—SKA","2012","11","05",15.6,"","W",0,"9",0,"9","","9",".",""
"249200450","BIA£KA TATRZA—SKA","2012","11","06",1.0,"","W",0,"9",0,"9","","9",".",""
"249200450","BIA£KA TATRZA—SKA","2012","11","07",1.2,"","S",0,"9",0,"9","","9",".",""
"249200450","BIA£KA TATRZA—SKA","2012","11","08",.7,"","W",0,"9",0,"9","","9",".",""
"249200450","BIA£KA TATRZA—SKA","2012","11","09",1.3,"","W",0,"9",0,"9","","9",".",""
"249200450","BIA£KA TATRZA—SKA","2012","11","12",5.1,"","W",0,"9",0,"9","","9",".",""
"249200450","BIA£KA TATRZA—SKA","2012","11","18",1.9,"","W",0,"9",0,"9","","9",".",""
"249200450","BIA£KA TATRZA—SKA","2012","11","20",.3,"","W",0,"9",0,"9","","9",".",""
"249200450","BIA£KA TATRZA—SKA","2012","11","21",1.2,"","W",0,"9",0,"9","","9",".",""
"249200450","BIA£KA TATRZA—SKA","2012","11","22",.2,"","W",0,"9",0,"9","","9",".",""
"249200450","BIA£KA TATRZA—SKA","2012","11","23",.3,"","W",0,"9",0,"9","","9",".",""
"249200450","BIA£KA TATRZA—SKA","2012","11","29",2.1,"","W",0,"9",0,"9","","9",".",""
"249200450","BIA£KA TATRZA—SKA","2012","11","30",1.8,"","S",0,"9",0,"9","","9",".",""
"249200570","TRZEMEåNIA","2012","11","01",.9,"","W",0,"9",0,"8","","8",".",""
"249200570","TRZEMEåNIA","2012","11","02",.1,"","W",0,"9",0,"8","","8",".",""
"249200570","TRZEMEåNIA","2012","11","04",.0,"","W",0,"9",0,"8","","8",".",""
"249200570","TRZEMEåNIA","2012","11","05",21.5,"","W",0,"9",0,"8","","8",".",""
"249200570","TRZEMEåNIA","2012","11","06",2.3,"","W",0,"9",0,"8","","8",".",""
"249200570","TRZEMEåNIA","2012","11","07",.2,"","W",0,"9",0,"8","","8",".",""
"249200570","TRZEMEåNIA","2012","11","08",.0,"","W",0,"9",0,"8","","8",".",""
"249200570","TRZEMEåNIA","2012","11","09",.9,"","W",0,"9",0,"8","","8",".",""
"249200570","TRZEMEåNIA","2012","11","12",5.0,"","W",0,"9",0,"8","","8",".",""
"249200570","TRZEMEåNIA","2012","11","13",.1,"","W",0,"9",0,"8","","8",".",""
"249200570","TRZEMEåNIA","2012","11","21",.7,"","W",0,"9",0,"8","","8",".",""
"249200570","TRZEMEåNIA","2012","11","22",.1,"","W",0,"9",0,"8","","8",".",""
"249200570","TRZEMEåNIA","2012","11","23",.4,"","W",0,"9",0,"8","","8",".",""
"249200570","TRZEMEåNIA","2012","11","29",.3,"","W",0,"9",0,"8","","8",".",""
"249200570","TRZEMEåNIA","2012","11","30",2.6,"","W",0,"9",0,"8","","8",".",""
"249210010","PILZNO","2012","11","01",.4,"","W",0,"9",0,"8","","8",".",""
"249210010","PILZNO","2012","11","02",.8,"","W",0,"9",0,"8","","8",".",""
"249210010","PILZNO","2012","11","05",6.6,"","W",0,"9",0,"8","","8",".",""
"249210010","PILZNO","2012","11","06",.1,"","W",0,"9",0,"8","","8",".",""
"249210010","PILZNO","2012","11","07",.8,"","W",0,"9",0,"8","","8",".",""
"249210010","PILZNO","2012","11","08",.3,"","W",0,"9",0,"8","","8",".",""
"249210010","PILZNO","2012","11","09",.1,"","W",0,"9",0,"8","","8",".",""
"249210010","PILZNO","2012","11","12",3.3,"","W",0,"9",0,"8","","8",".",""
"249210010","PILZNO","2012","11","18",.7,"","W",0,"9",0,"8","","8",".",""
"249210010","PILZNO","2012","11","21",.0,"","W",0,"9",0,"8","","8",".",""
"249210010","PILZNO","2012","11","22",1.1,"","W",0,"9",0,"8","","8",".",""
"249210010","PILZNO","2012","11","23",.1,"","W",0,"9",0,"8","","8",".",""
"249210010","PILZNO","2012","11","30",.6,"","W",0,"9",0,"8","","8",".",""
"249210020","BRZEZINY","2012","11","01",1.4,"","W",0,"9",0,"8","","8",".",""
"249210020","BRZEZINY","2012","11","02",1.6,"","W",0,"9",0,"8","","8",".",""
"249210020","BRZEZINY","2012","11","05",6.9,"","W",0,"9",0,"8","","8",".",""
"249210020","BRZEZINY","2012","11","06",.6,"","W",0,"9",0,"8","","8",".",""
"249210020","BRZEZINY","2012","11","07",1.9,"","W",0,"9",0,"8","","8",".",""
"249210020","BRZEZINY","2012","11","08",.2,"","W",0,"9",0,"8","","8",".",""
"249210020","BRZEZINY","2012","11","12",4.3,"","W",0,"9",0,"8","","8",".",""
"249210020","BRZEZINY","2012","11","18",.4,"","W",0,"9",0,"8","","8",".",""
"249210020","BRZEZINY","2012","11","22",1.3,"","W",0,"9",0,"8","","8",".",""
"249210020","BRZEZINY","2012","11","23",.5,"","W",0,"9",0,"8","","8",".",""
"249210020","BRZEZINY","2012","11","30",.6,"","W",0,"9",0,"8","","8",".",""
"249210030","TUCH”W","2012","11","01",.4,"","W",0,"9",0,"8","","8",".",""
"249210030","TUCH”W","2012","11","02",.6,"","W",0,"9",0,"8","","8",".",""
"249210030","TUCH”W","2012","11","05",12.1,"","W",0,"9",0,"8","","8",".",""
"249210030","TUCH”W","2012","11","06",.9,"","W",0,"9",0,"8","","8",".",""
"249210030","TUCH”W","2012","11","07",1.0,"","W",0,"9",0,"8","","8",".",""
"249210030","TUCH”W","2012","11","08",.3,"","W",0,"9",0,"8","","8",".",""
"249210030","TUCH”W","2012","11","09",.2,"","W",0,"9",0,"8","","8",".",""
"249210030","TUCH”W","2012","11","12",3.6,"","W",0,"9",0,"8","","8",".",""
"249210030","TUCH”W","2012","11","15",.1,"","W",0,"9",0,"8","","8",".",""
"249210030","TUCH”W","2012","11","16",.3,"","W",0,"9",0,"8","","8",".",""
"249210030","TUCH”W","2012","11","18",.7,"","W",0,"9",0,"8","","8",".",""
"249210030","TUCH”W","2012","11","21",1.6,"","W",0,"9",0,"8","","8",".",""
"249210030","TUCH”W","2012","11","22",.1,"","W",0,"9",0,"8","","8",".",""
"249210030","TUCH”W","2012","11","23",.1,"","W",0,"9",0,"8","","8",".",""
"249210030","TUCH”W","2012","11","30",.8,"","W",0,"9",0,"8","","8",".",""
"249210040","ØARNOWA","2012","11","01",.6,"","W",0,"9",0,"8","","8",".",""
"249210040","ØARNOWA","2012","11","02",2.0,"","W",0,"9",0,"8","","8",".",""
"249210040","ØARNOWA","2012","11","05",11.4,"","W",0,"9",0,"8","","8",".",""
"249210040","ØARNOWA","2012","11","06",.7,"","W",0,"9",0,"8","","8",".",""
"249210040","ØARNOWA","2012","11","07",1.4,"","W",0,"9",0,"8","","8",".",""
"249210040","ØARNOWA","2012","11","08",.4,"","W",0,"9",0,"8","","8",".",""
"249210040","ØARNOWA","2012","11","09",.0,"","W",0,"9",0,"8","","8",".",""
"249210040","ØARNOWA","2012","11","12",4.6,"","W",0,"9",0,"8","","8",".",""
"249210040","ØARNOWA","2012","11","18",.2,"","W",0,"9",0,"8","","8",".",""
"249210040","ØARNOWA","2012","11","22",.9,"","W",0,"9",0,"8","","8",".",""
"249210040","ØARNOWA","2012","11","30",.4,"","W",0,"9",0,"8","","8",".",""
"249210050","SZERZYNY","2012","11","01",4.5,"","W",0,"9",0,"8","","8",".",""
"249210050","SZERZYNY","2012","11","02",2.3,"","W",0,"9",0,"8","","8",".",""
"249210050","SZERZYNY","2012","11","05",8.2,"","W",0,"9",0,"8","","8",".",""
"249210050","SZERZYNY","2012","11","06",1.1,"","W",0,"9",0,"8","","8",".",""
"249210050","SZERZYNY","2012","11","07",1.5,"","W",0,"9",0,"8","","8",".",""
"249210050","SZERZYNY","2012","11","08",.5,"","W",0,"9",0,"8","","8",".",""
"249210050","SZERZYNY","2012","11","09",1.5,"","W",0,"9",0,"8","","8",".",""
"249210050","SZERZYNY","2012","11","12",4.0,"","W",0,"9",0,"8","","8",".",""
"249210050","SZERZYNY","2012","11","18",1.0,"","W",0,"9",0,"8","","8",".",""
"249210050","SZERZYNY","2012","11","21",.5,"","W",0,"9",0,"8","","8",".",""
"249210050","SZERZYNY","2012","11","22",.6,"","W",0,"9",0,"8","","8",".",""
"249210050","SZERZYNY","2012","11","23",.0,"","W",0,"9",0,"8","","8",".",""
"249210050","SZERZYNY","2012","11","30",.5,"","W",0,"9",0,"8","","8",".",""
"249210060","KRASNA","2012","11","01",1.4,"","W",0,"9",0,"8","","8",".",""
"249210060","KRASNA","2012","11","02",2.0,"","W",0,"9",0,"8","","8",".",""
"249210060","KRASNA","2012","11","05",10.8,"","W",0,"9",0,"8","","8",".",""
"249210060","KRASNA","2012","11","06",3.0,"","W",0,"9",0,"8","","8",".",""
"249210060","KRASNA","2012","11","07",3.2,"","W",0,"9",0,"8","","8",".",""
"249210060","KRASNA","2012","11","08",.2,"","W",0,"9",0,"8","","8",".",""
"249210060","KRASNA","2012","11","12",7.2,"","W",0,"9",0,"8","","8",".",""
"249210060","KRASNA","2012","11","22",.0,"","W",0,"9",0,"8","","8",".",""
"249210060","KRASNA","2012","11","30",.0,"","W",0,"9",0,"8","","8",".",""
"249210080","JAS£O","2012","11","01",1.5,"","W",0,"9",0,"8","","8",".",""
"249210080","JAS£O","2012","11","02",2.7,"","W",0,"9",0,"8","","8",".",""
"249210080","JAS£O","2012","11","04",.0,"","W",0,"9",0,"8","","8",".",""
"249210080","JAS£O","2012","11","05",7.0,"","W",0,"9",0,"8","","8",".",""
"249210080","JAS£O","2012","11","06",3.6,"","W",0,"9",0,"8","","8",".",""
"249210080","JAS£O","2012","11","07",2.0,"","W",0,"9",0,"8","","8",".",""
"249210080","JAS£O","2012","11","08",.1,"","W",0,"9",0,"8","","8",".",""
"249210080","JAS£O","2012","11","09",.6,"","W",0,"9",0,"8","","8",".",""
"249210080","JAS£O","2012","11","12",4.4,"","W",0,"9",0,"8","","8",".",""
"249210080","JAS£O","2012","11","18",.0,"","W",0,"9",0,"8","","8",".",""
"249210080","JAS£O","2012","11","22",1.0,"","W",0,"9",0,"8","","8",".",""
"249210080","JAS£O","2012","11","23",.1,"","W",0,"9",0,"8","","8",".",""
"249210080","JAS£O","2012","11","28",.0,"","W",0,"9",0,"8","","8",".",""
"249210080","JAS£O","2012","11","29",.0,"","W",0,"9",0,"8","","8",".",""
"249210080","JAS£O","2012","11","30",.5,"","W",0,"9",0,"8","","8",".",""
"249210090","GORLICE","2012","11","01",.5,"","W",0,"9",0,"8","","8",".",""
"249210090","GORLICE","2012","11","02",3.6,"","W",0,"9",0,"8","","8",".",""
"249210090","GORLICE","2012","11","04",.4,"","W",0,"9",0,"8","","8",".",""
"249210090","GORLICE","2012","11","05",10.8,"","W",0,"9",0,"8","","8",".",""
"249210090","GORLICE","2012","11","06",1.5,"","W",0,"9",0,"8","","8",".",""
"249210090","GORLICE","2012","11","07",.4,"","W",0,"9",0,"8","","8",".",""
"249210090","GORLICE","2012","11","08",.9,"","W",0,"9",0,"8","","8",".",""
"249210090","GORLICE","2012","11","12",5.0,"","W",0,"9",0,"8","","8",".",""
"249210090","GORLICE","2012","11","18",.6,"","W",0,"9",0,"8","","8",".",""
"249210090","GORLICE","2012","11","22",.5,"","W",0,"9",0,"8","","8",".",""
"249210090","GORLICE","2012","11","23",.2,"","W",0,"9",0,"8","","8",".",""
"249210090","GORLICE","2012","11","30",.5,"","W",0,"9",0,"8","","8",".",""
"249210110","CIEKLIN","2012","11","01",1.8,"","W",0,"9",0,"8","","8",".",""
"249210110","CIEKLIN","2012","11","02",2.3,"","W",0,"9",0,"8","","8",".",""
"249210110","CIEKLIN","2012","11","05",9.7,"","W",0,"9",0,"8","","8",".",""
"249210110","CIEKLIN","2012","11","06",3.1,"","W",0,"9",0,"8","","8",".",""
"249210110","CIEKLIN","2012","11","07",.5,"","W",0,"9",0,"8","","8",".",""
"249210110","CIEKLIN","2012","11","08",.6,"","W",0,"9",0,"8","","8",".",""
"249210110","CIEKLIN","2012","11","09",.2,"","W",0,"9",0,"8","","8",".",""
"249210110","CIEKLIN","2012","11","12",5.7,"","W",0,"9",0,"8","","8",".",""
"249210110","CIEKLIN","2012","11","18",.1,"","W",0,"9",0,"8","","8",".",""
"249210110","CIEKLIN","2012","11","22",1.4,"","W",0,"9",0,"8","","8",".",""
"249210110","CIEKLIN","2012","11","23",.2,"","W",0,"9",0,"8","","8",".",""
"249210110","CIEKLIN","2012","11","30",.5,"","W",0,"9",0,"8","","8",".",""
"249210130","ZBOISKA","2012","11","01",2.9,"","W",0,"9",0,"8","","8",".",""
"249210130","ZBOISKA","2012","11","02",1.0,"","W",0,"9",0,"8","","8",".",""
"249210130","ZBOISKA","2012","11","04",.0,"","W",0,"9",0,"8","","8",".",""
"249210130","ZBOISKA","2012","11","05",12.0,"","W",0,"9",0,"8","","8",".",""
"249210130","ZBOISKA","2012","11","06",1.8,"","W",0,"9",0,"8","","8",".",""
"249210130","ZBOISKA","2012","11","07",1.3,"","W",0,"9",0,"8","","8",".",""
"249210130","ZBOISKA","2012","11","08",.1,"","W",0,"9",0,"8","","8",".",""
"249210130","ZBOISKA","2012","11","09",1.7,"","W",0,"9",0,"8","","8",".",""
"249210130","ZBOISKA","2012","11","12",7.1,"","W",0,"9",0,"8","","8",".",""
"249210130","ZBOISKA","2012","11","18",.0,"","W",0,"9",0,"8","","8",".",""
"249210130","ZBOISKA","2012","11","22",.0,"","W",0,"9",0,"8","","8",".",""
"249210130","ZBOISKA","2012","11","23",.3,"","W",0,"9",0,"8","","8",".",""
"249210130","ZBOISKA","2012","11","29",.7,"","W",0,"9",0,"8","","8",".",""
"249210130","ZBOISKA","2012","11","30",.8,"","W",0,"9",0,"8","","8",".",""
"249210160","ORZECH”WKA","2012","11","01",.4,"","W",0,"9",0,"8","","8",".",""
"249210160","ORZECH”WKA","2012","11","02",.8,"","W",0,"9",0,"8","","8",".",""
"249210160","ORZECH”WKA","2012","11","05",8.3,"","W",0,"9",0,"8","","8",".",""
"249210160","ORZECH”WKA","2012","11","06",5.0,"","W",0,"9",0,"8","","8",".",""
"249210160","ORZECH”WKA","2012","11","07",4.8,"","W",0,"9",0,"8","","8",".",""
"249210160","ORZECH”WKA","2012","11","08",.2,"","W",0,"9",0,"8","","8",".",""
"249210160","ORZECH”WKA","2012","11","09",.5,"","W",0,"9",0,"8","","8",".",""
"249210160","ORZECH”WKA","2012","11","12",6.4,"","W",0,"9",0,"8","","8",".",""
"249210160","ORZECH”WKA","2012","11","22",.6,"","W",0,"9",0,"8","","8",".",""
"249210160","ORZECH”WKA","2012","11","23",.0,"","W",0,"9",0,"8","","8",".",""
"249210160","ORZECH”WKA","2012","11","28",.0,"","W",0,"9",0,"8","","8",".",""
"249210160","ORZECH”WKA","2012","11","30",1.0,"","W",0,"9",0,"8","","8",".",""
"249210170","BARTNE","2012","11","01",3.5,"","W",0,"9",0,"8","","8",".",""
"249210170","BARTNE","2012","11","02",5.9,"","W",0,"9",0,"8","","8",".",""
"249210170","BARTNE","2012","11","04",.4,"","W",0,"9",0,"8","","8",".",""
"249210170","BARTNE","2012","11","05",13.6,"","W",0,"9",0,"8","","8",".",""
"249210170","BARTNE","2012","11","06",2.4,"","W",0,"9",0,"8","","8",".",""
"249210170","BARTNE","2012","11","07",1.1,"","S",0,"9",0,"8","","8",".",""
"249210170","BARTNE","2012","11","08",.3,"","W",0,"9",0,"8","","8",".",""
"249210170","BARTNE","2012","11","09",1.3,"","W",0,"9",0,"8","","8",".",""
"249210170","BARTNE","2012","11","11",.3,"","W",0,"9",0,"8","","8",".",""
"249210170","BARTNE","2012","11","12",7.3,"","W",0,"9",0,"8","","8",".",""
"249210170","BARTNE","2012","11","22",2.0,"","W",0,"9",0,"8","","8",".",""
"249210170","BARTNE","2012","11","23",.2,"","W",0,"9",0,"8","","8",".",""
"249210170","BARTNE","2012","11","29",.1,"","W",0,"9",0,"8","","8",".",""
"249210170","BARTNE","2012","11","30",.5,"","S",0,"9",0,"8","","8",".",""
"249210180","KREMPNA","2012","11","01",4.2,"","W",0,"9",0,"8","","8",".",""
"249210180","KREMPNA","2012","11","02",1.8,"","W",0,"9",0,"8","","8",".",""
"249210180","KREMPNA","2012","11","03",.1,"","W",0,"9",0,"8","","8",".",""
"249210180","KREMPNA","2012","11","04",.2,"","W",0,"9",0,"8","","8",".",""
"249210180","KREMPNA","2012","11","05",18.5,"","W",0,"9",0,"8","","8",".",""
"249210180","KREMPNA","2012","11","06",.5,"","W",0,"9",0,"8","","8",".",""
"249210180","KREMPNA","2012","11","07",3.0,"","W",0,"9",0,"8","","8",".",""
"249210180","KREMPNA","2012","11","08",.1,"","W",0,"9",0,"8","","8",".",""
"249210180","KREMPNA","2012","11","09",.3,"","W",0,"9",0,"8","","8",".",""
"249210180","KREMPNA","2012","11","11",.1,"","W",0,"9",0,"8","","8",".",""
"249210180","KREMPNA","2012","11","12",5.7,"","W",0,"9",0,"8","","8",".",""
"249210180","KREMPNA","2012","11","18",.2,"","W",0,"9",0,"8","","8",".",""
"249210180","KREMPNA","2012","11","22",1.6,"","W",0,"9",0,"8","","8",".",""
"249210180","KREMPNA","2012","11","23",.2,"","W",0,"9",0,"8","","8",".",""
"249210180","KREMPNA","2012","11","29",.4,"","W",0,"9",0,"8","","8",".",""
"249210180","KREMPNA","2012","11","30",.7,"","W",0,"9",0,"8","","8",".",""
"249210190","WIS£OCZEK","2012","11","01",5.5,"","W",0,"9",0,"8","","8",".",""
"249210190","WIS£OCZEK","2012","11","02",1.1,"","W",0,"9",0,"8","","8",".",""
"249210190","WIS£OCZEK","2012","11","04",.3,"","W",0,"9",0,"8","","8",".",""
"249210190","WIS£OCZEK","2012","11","05",21.0,"","W",0,"9",0,"8","","8",".",""
"249210190","WIS£OCZEK","2012","11","06",1.5,"","W",0,"9",0,"8","","8",".",""
"249210190","WIS£OCZEK","2012","11","07",3.2,"","W",0,"9",0,"8","","8",".",""
"249210190","WIS£OCZEK","2012","11","09",1.6,"","W",0,"9",0,"8","","8",".",""
"249210190","WIS£OCZEK","2012","11","12",9.8,"","W",0,"9",0,"8","","8",".",""
"249210190","WIS£OCZEK","2012","11","22",.4,"","W",0,"9",0,"8","","8",".",""
"249210190","WIS£OCZEK","2012","11","23",.2,"","W",0,"9",0,"8","","8",".",""
"249210190","WIS£OCZEK","2012","11","29",2.7,"","W",0,"9",0,"8","","8",".",""
"249210190","WIS£OCZEK","2012","11","30",1.4,"","W",0,"9",0,"8","","8",".",""
"249210210","PU£AWY DOLNE","2012","11","01",4.8,"","W",0,"9",0,"8","","8",".",""
"249210210","PU£AWY DOLNE","2012","11","02",1.2,"","W",0,"9",0,"8","","8",".",""
"249210210","PU£AWY DOLNE","2012","11","04",.2,"","W",0,"9",0,"8","","8",".",""
"249210210","PU£AWY DOLNE","2012","11","05",19.3,"","W",0,"9",0,"8","","8",".",""
"249210210","PU£AWY DOLNE","2012","11","06",2.3,"","W",0,"9",0,"8","","8",".",""
"249210210","PU£AWY DOLNE","2012","11","07",5.5,"","W",0,"9",0,"8","","8",".",""
"249210210","PU£AWY DOLNE","2012","11","08",.1,"","W",0,"9",0,"8","","8",".",""
"249210210","PU£AWY DOLNE","2012","11","09",.9,"","W",0,"9",0,"8","","8",".",""
"249210210","PU£AWY DOLNE","2012","11","12",10.2,"","W",0,"9",0,"8","","8",".",""
"249210210","PU£AWY DOLNE","2012","11","18",.0,"","W",0,"9",0,"8","","8",".",""
"249210210","PU£AWY DOLNE","2012","11","23",.3,"","W",0,"9",0,"8","","8",".",""
"249210210","PU£AWY DOLNE","2012","11","29",3.2,"","W",0,"9",0,"8","","8",".",""
"249210210","PU£AWY DOLNE","2012","11","30",1.6,"","W",0,"9",0,"8","","8",".",""
"249210220","WYSZOWADKA","2012","11","01",5.0,"","W",0,"9",0,"8","","8",".",""
"249210220","WYSZOWADKA","2012","11","02",2.5,"","W",0,"9",0,"8","","8",".",""
"249210220","WYSZOWADKA","2012","11","04",.5,"","W",0,"9",0,"8","","8",".",""
"249210220","WYSZOWADKA","2012","11","05",24.5,"","W",0,"9",0,"8","","8",".",""
"249210220","WYSZOWADKA","2012","11","06",1.8,"","W",0,"9",0,"8","","8",".",""
"249210220","WYSZOWADKA","2012","11","07",2.7,"","W",0,"9",0,"8","","8",".",""
"249210220","WYSZOWADKA","2012","11","08",.1,"","W",0,"9",0,"8","","8",".",""
"249210220","WYSZOWADKA","2012","11","09",1.1,"","W",0,"9",0,"8","","8",".",""
"249210220","WYSZOWADKA","2012","11","12",6.1,"","W",0,"9",0,"8","","8",".",""
"249210220","WYSZOWADKA","2012","11","18",.3,"","W",0,"9",0,"8","","8",".",""
"249210220","WYSZOWADKA","2012","11","22",1.2,"","W",0,"9",0,"8","","8",".",""
"249210220","WYSZOWADKA","2012","11","23",.4,"","W",0,"9",0,"8","","8",".",""
"249210220","WYSZOWADKA","2012","11","29",2.3,"","W",0,"9",0,"8","","8",".",""
"249210220","WYSZOWADKA","2012","11","30",.7,"","S",0,"9",0,"8","","8",".",""
"249210250","JAåLISKA","2012","11","01",4.3,"","W",0,"9",0,"8","","8",".",""
"249210250","JAåLISKA","2012","11","02",1.2,"","W",0,"9",0,"8","","8",".",""
"249210250","JAåLISKA","2012","11","04",.4,"","W",0,"9",0,"8","","8",".",""
"249210250","JAåLISKA","2012","11","05",19.6,"","W",0,"9",0,"8","","8",".",""
"249210250","JAåLISKA","2012","11","06",1.8,"","W",0,"9",0,"8","","8",".",""
"249210250","JAåLISKA","2012","11","07",4.0,"","W",0,"9",0,"8","","8",".",""
"249210250","JAåLISKA","2012","11","08",.0,"","W",0,"9",0,"8","","8",".",""
"249210250","JAåLISKA","2012","11","09",.9,"","W",0,"9",0,"8","","8",".",""
"249210250","JAåLISKA","2012","11","12",7.5,"","W",0,"9",0,"8","","8",".",""
"249210250","JAåLISKA","2012","11","18",1.2,"","W",0,"9",0,"8","","8",".",""
"249210250","JAåLISKA","2012","11","23",.2,"","W",0,"9",0,"8","","8",".",""
"249210250","JAåLISKA","2012","11","29",3.8,"","W",0,"9",0,"8","","8",".",""
"249210250","JAåLISKA","2012","11","30",.9,"","W",0,"9",0,"8","","8",".",""
"249210260","TYLICZ","2012","11","01",.8,"","W",0,"9",0,"8","","8",".",""
"249210260","TYLICZ","2012","11","02",8.2,"","W",0,"9",0,"8","","8",".",""
"249210260","TYLICZ","2012","11","03",.6,"","W",0,"9",0,"8","","8",".",""
"249210260","TYLICZ","2012","11","04",.1,"","W",0,"9",0,"8","","8",".",""
"249210260","TYLICZ","2012","11","05",19.2,"","W",0,"9",0,"8","","8",".",""
"249210260","TYLICZ","2012","11","06",.2,"","W",0,"9",0,"8","","8",".",""
"249210260","TYLICZ","2012","11","07",.6,"","W",0,"9",0,"8","","8",".",""
"249210260","TYLICZ","2012","11","09",.3,"","W",0,"9",0,"8","","8",".",""
"249210260","TYLICZ","2012","11","11",.4,"","W",0,"9",0,"8","","8",".",""
"249210260","TYLICZ","2012","11","12",6.5,"","W",0,"9",0,"8","","8",".",""
"249210260","TYLICZ","2012","11","18",.4,"","W",0,"9",0,"8","","8",".",""
"249210260","TYLICZ","2012","11","19",.4,"","W",0,"9",0,"8","","8",".",""
"249210260","TYLICZ","2012","11","21",.2,"","W",0,"9",0,"8","","8",".",""
"249210260","TYLICZ","2012","11","22",.2,"","W",0,"9",0,"8","","8",".",""
"249210260","TYLICZ","2012","11","23",.9,"","W",0,"9",0,"8","","8",".",""
"249210260","TYLICZ","2012","11","24",.1,"","W",0,"9",0,"8","","8",".",""
"249210260","TYLICZ","2012","11","26",.1,"","W",0,"9",0,"8","","8",".",""
"249210260","TYLICZ","2012","11","29",1.8,"","W",0,"9",0,"8","","8",".",""
"249210260","TYLICZ","2012","11","30",.6,"","W",0,"9",0,"8","","8",".",""
"249210270","WIS£OK WIELKI","2012","11","01",6.9,"","W",0,"9",0,"8","","8",".",""
"249210270","WIS£OK WIELKI","2012","11","02",2.8,"","W",0,"9",0,"8","","8",".",""
"249210270","WIS£OK WIELKI","2012","11","05",23.5,"","W",0,"9",0,"8","","8",".",""
"249210270","WIS£OK WIELKI","2012","11","06",2.3,"","W",0,"9",0,"8","","8",".",""
"249210270","WIS£OK WIELKI","2012","11","07",4.2,"","S",0,"9",0,"8","","8",".",""
"249210270","WIS£OK WIELKI","2012","11","09",.6,"","W",0,"9",0,"8","","8",".",""
"249210270","WIS£OK WIELKI","2012","11","12",8.0,"","W",0,"9",0,"8","","8",".",""
"249210270","WIS£OK WIELKI","2012","11","13",.2,"","W",0,"9",0,"8","","8",".",""
"249210270","WIS£OK WIELKI","2012","11","18",1.0,"","W",0,"9",0,"8","","8",".",""
"249210270","WIS£OK WIELKI","2012","11","19",.1,"","W",0,"9",0,"8","","8",".",""
"249210270","WIS£OK WIELKI","2012","11","22",.2,"","W",0,"9",0,"8","","8",".",""
"249210270","WIS£OK WIELKI","2012","11","23",.2,"","W",0,"9",0,"8","","8",".",""
"249210270","WIS£OK WIELKI","2012","11","24",.0,"","W",0,"9",0,"8","","8",".",""
"249210270","WIS£OK WIELKI","2012","11","26",.2,"","W",0,"9",0,"8","","8",".",""
"249210270","WIS£OK WIELKI","2012","11","29",4.8,"","W",0,"9",0,"8","","8",".",""
"249210270","WIS£OK WIELKI","2012","11","30",.7,"","W",0,"9",0,"8","","8",".",""
"249220010","KA—CZUGA","2012","11","01",2.2,"","W",0,"9",0,"8","","8",".",""
"249220010","KA—CZUGA","2012","11","02",2.1,"","W",0,"9",0,"8","","8",".",""
"249220010","KA—CZUGA","2012","11","04",.2,"","W",0,"9",0,"8","","8",".",""
"249220010","KA—CZUGA","2012","11","05",5.4,"","W",0,"9",0,"8","","8",".",""
"249220010","KA—CZUGA","2012","11","06",.5,"","W",0,"9",0,"8","","8",".",""
"249220010","KA—CZUGA","2012","11","07",2.4,"","W",0,"9",0,"8","","8",".",""
"249220010","KA—CZUGA","2012","11","08",.1,"","W",0,"9",0,"8","","8",".",""
"249220010","KA—CZUGA","2012","11","12",7.1,"","W",0,"9",0,"8","","8",".",""
"249220010","KA—CZUGA","2012","11","18",.1,"","W",0,"9",0,"8","","8",".",""
"249220010","KA—CZUGA","2012","11","30",1.0,"","W",0,"9",0,"8","","8",".",""
"249220020","BUDZIW”J","2012","11","01",.1,"","W",0,"9",0,"8","","8",".",""
"249220020","BUDZIW”J","2012","11","02",1.6,"","W",0,"9",0,"8","","8",".",""
"249220020","BUDZIW”J","2012","11","05",6.2,"","W",0,"9",0,"8","","8",".",""
"249220020","BUDZIW”J","2012","11","06",1.5,"","W",0,"9",0,"8","","8",".",""
"249220020","BUDZIW”J","2012","11","07",1.2,"","W",0,"9",0,"8","","8",".",""
"249220020","BUDZIW”J","2012","11","08",.4,"","W",0,"9",0,"8","","8",".",""
"249220020","BUDZIW”J","2012","11","12",5.6,"","W",0,"9",0,"8","","8",".",""
"249220020","BUDZIW”J","2012","11","18",.4,"","W",0,"9",0,"8","","8",".",""
"249220020","BUDZIW”J","2012","11","22",.2,"","W",0,"9",0,"8","","8",".",""
"249220020","BUDZIW”J","2012","11","30",.0,"","W",0,"9",0,"8","","8",".",""
"249220030","HUCISKO JAWORNICKIE","2012","11","01",1.0,"","W",0,"9",0,"8","","8",".",""
"249220030","HUCISKO JAWORNICKIE","2012","11","02",3.0,"","W",0,"9",0,"8","","8",".",""
"249220030","HUCISKO JAWORNICKIE","2012","11","05",9.6,"","W",0,"9",0,"8","","8",".",""
"249220030","HUCISKO JAWORNICKIE","2012","11","06",2.0,"","W",0,"9",0,"8","","8",".",""
"249220030","HUCISKO JAWORNICKIE","2012","11","07",3.2,"","W",0,"9",0,"8","","8",".",""
"249220030","HUCISKO JAWORNICKIE","2012","11","08",.5,"","W",0,"9",0,"8","","8",".",""
"249220030","HUCISKO JAWORNICKIE","2012","11","09",.4,"","W",0,"9",0,"8","","8",".",""
"249220030","HUCISKO JAWORNICKIE","2012","11","12",8.1,"","W",0,"9",0,"8","","8",".",""
"249220030","HUCISKO JAWORNICKIE","2012","11","30",1.1,"","S",0,"9",0,"8","","8",".",""
"249220050","TEMESZ”W","2012","11","01",.3,"","W",0,"9",0,"8","","8",".",""
"249220050","TEMESZ”W","2012","11","02",1.0,"","W",0,"9",0,"8","","8",".",""
"249220050","TEMESZ”W","2012","11","05",10.6,"","W",0,"9",0,"8","","8",".",""
"249220050","TEMESZ”W","2012","11","06",3.5,"","W",0,"9",0,"8","","8",".",""
"249220050","TEMESZ”W","2012","11","07",2.5,"","W",0,"9",0,"8","","8",".",""
"249220050","TEMESZ”W","2012","11","08",.5,"","W",0,"9",0,"8","","8",".",""
"249220050","TEMESZ”W","2012","11","09",.3,"","W",0,"9",0,"8","","8",".",""
"249220050","TEMESZ”W","2012","11","12",7.6,"","W",0,"9",0,"8","","8",".",""
"249220050","TEMESZ”W","2012","11","18",1.0,"","W",0,"9",0,"8","","8",".",""
"249220050","TEMESZ”W","2012","11","23",.2,"","W",0,"9",0,"8","","8",".",""
"249220050","TEMESZ”W","2012","11","30",1.4,"","W",0,"9",0,"8","","8",".",""
"249220070","RYBOTYCZE","2012","11","01",.2,"","W",0,"9",0,"8","","8",".",""
"249220070","RYBOTYCZE","2012","11","02",.1,"","W",0,"9",0,"8","","8",".",""
"249220070","RYBOTYCZE","2012","11","05",10.5,"","W",0,"9",0,"8","","8",".",""
"249220070","RYBOTYCZE","2012","11","06",2.1,"","W",0,"9",0,"8","","8",".",""
"249220070","RYBOTYCZE","2012","11","07",1.5,"","W",0,"9",0,"8","","8",".",""
"249220070","RYBOTYCZE","2012","11","08",.6,"","W",0,"9",0,"8","","8",".",""
"249220070","RYBOTYCZE","2012","11","09",.7,"","W",0,"9",0,"8","","8",".",""
"249220070","RYBOTYCZE","2012","11","12",9.1,"","W",0,"9",0,"8","","8",".",""
"249220070","RYBOTYCZE","2012","11","18",1.9,"","W",0,"9",0,"8","","8",".",""
"249220070","RYBOTYCZE","2012","11","29",1.4,"","W",0,"9",0,"8","","8",".",""
"249220070","RYBOTYCZE","2012","11","30",.7,"","W",0,"9",0,"8","","8",".",""
"249220090","NOWOSIELCE","2012","11","01",.2,"","W",0,"9",0,"8","","8",".",""
"249220090","NOWOSIELCE","2012","11","02",1.5,"","W",0,"9",0,"8","","8",".",""
"249220090","NOWOSIELCE","2012","11","05",13.8,"","W",0,"9",0,"8","","8",".",""
"249220090","NOWOSIELCE","2012","11","06",1.1,"","W",0,"9",0,"8","","8",".",""
"249220090","NOWOSIELCE","2012","11","07",2.6,"","W",0,"9",0,"8","","8",".",""
"249220090","NOWOSIELCE","2012","11","08",.1,"","W",0,"9",0,"8","","8",".",""
"249220090","NOWOSIELCE","2012","11","09",.5,"","W",0,"9",0,"8","","8",".",""
"249220090","NOWOSIELCE","2012","11","12",9.8,"","W",0,"9",0,"8","","8",".",""
"249220090","NOWOSIELCE","2012","11","18",.4,"","W",0,"9",0,"8","","8",".",""
"249220090","NOWOSIELCE","2012","11","22",.1,"","W",0,"9",0,"8","","8",".",""
"249220090","NOWOSIELCE","2012","11","23",.1,"","W",0,"9",0,"8","","8",".",""
"249220090","NOWOSIELCE","2012","11","29",.7,"","W",0,"9",0,"8","","8",".",""
"249220090","NOWOSIELCE","2012","11","30",2.2,"","S",0,"9",0,"8","","8",".",""
"249220110","NOWOTANIEC","2012","11","01",.8,"","W",0,"9",0,"8","","8",".",""
"249220110","NOWOTANIEC","2012","11","02",.8,"","W",0,"9",0,"8","","8",".",""
"249220110","NOWOTANIEC","2012","11","05",13.0,"","W",0,"9",0,"8","","8",".",""
"249220110","NOWOTANIEC","2012","11","06",1.5,"","W",0,"9",0,"8","","8",".",""
"249220110","NOWOTANIEC","2012","11","07",1.5,"","W",0,"9",0,"8","","8",".",""
"249220110","NOWOTANIEC","2012","11","09",.7,"","W",0,"9",0,"8","","8",".",""
"249220110","NOWOTANIEC","2012","11","12",10.5,"","W",0,"9",0,"8","","8",".",""
"249220110","NOWOTANIEC","2012","11","18",.8,"","W",0,"9",0,"8","","8",".",""
"249220110","NOWOTANIEC","2012","11","22",.0,"","W",0,"9",0,"8","","8",".",""
"249220110","NOWOTANIEC","2012","11","23",.4,"","W",0,"9",0,"8","","8",".",""
"249220110","NOWOTANIEC","2012","11","29",2.0,"","W",0,"9",0,"8","","8",".",""
"249220110","NOWOTANIEC","2012","11","30",1.9,"","S",0,"9",0,"8","","8",".",""
"249220120","LESZCZOWATE","2012","11","02",.2,"","W",0,"9",0,"8","","8",".",""
"249220120","LESZCZOWATE","2012","11","05",15.5,"","W",0,"9",0,"8","","8",".",""
"249220120","LESZCZOWATE","2012","11","06",2.3,"","W",0,"9",0,"8","","8",".",""
"249220120","LESZCZOWATE","2012","11","07",3.6,"","S",0,"9",0,"8","","8",".",""
"249220120","LESZCZOWATE","2012","11","09",.8,"","W",0,"9",0,"8","","8",".",""
"249220120","LESZCZOWATE","2012","11","12",10.8,"","W",0,"9",0,"8","","8",".",""
"249220120","LESZCZOWATE","2012","11","13",.3,"","W",0,"9",0,"8","","8",".",""
"249220120","LESZCZOWATE","2012","11","18",1.5,"","W",0,"9",0,"8","","8",".",""
"249220120","LESZCZOWATE","2012","11","22",.2,"","W",0,"9",0,"8","","8",".",""
"249220120","LESZCZOWATE","2012","11","29",.4,"","W",0,"9",0,"8","","8",".",""
"249220120","LESZCZOWATE","2012","11","30",2.2,"","W",0,"9",0,"8","","8",".",""
"249220130","BRZEGI DOLNE","2012","11","01",.4,"","W",0,"9",0,"8","","8",".",""
"249220130","BRZEGI DOLNE","2012","11","02",.5,"","W",0,"9",0,"8","","8",".",""
"249220130","BRZEGI DOLNE","2012","11","05",15.7,"","W",0,"9",0,"8","","8",".",""
"249220130","BRZEGI DOLNE","2012","11","06",7.5,"","W",0,"9",0,"8","","8",".",""
"249220130","BRZEGI DOLNE","2012","11","07",4.8,"","W",0,"9",0,"8","","8",".",""
"249220130","BRZEGI DOLNE","2012","11","09",.8,"","W",0,"9",0,"8","","8",".",""
"249220130","BRZEGI DOLNE","2012","11","12",10.5,"","W",0,"9",0,"8","","8",".",""
"249220130","BRZEGI DOLNE","2012","11","13",.4,"","W",0,"9",0,"8","","8",".",""
"249220130","BRZEGI DOLNE","2012","11","18",.7,"","W",0,"9",0,"8","","8",".",""
"249220130","BRZEGI DOLNE","2012","11","19",.0,"","W",0,"9",0,"8","","8",".",""
"249220130","BRZEGI DOLNE","2012","11","23",.4,"","W",0,"9",0,"8","","8",".",""
"249220130","BRZEGI DOLNE","2012","11","24",.0,"","W",0,"9",0,"8","","8",".",""
"249220130","BRZEGI DOLNE","2012","11","29",1.4,"","W",0,"9",0,"8","","8",".",""
"249220130","BRZEGI DOLNE","2012","11","30",.9,"","W",0,"9",0,"8","","8",".",""
"249220140","SZCZAWNE","2012","11","01",2.8,"","W",0,"9",0,"8","","8",".",""
"249220140","SZCZAWNE","2012","11","02",.5,"","W",0,"9",0,"8","","8",".",""
"249220140","SZCZAWNE","2012","11","05",16.4,"","W",0,"9",0,"8","","8",".",""
"249220140","SZCZAWNE","2012","11","06",3.3,"","W",0,"9",0,"8","","8",".",""
"249220140","SZCZAWNE","2012","11","07",3.6,"","W",0,"9",0,"8","","8",".",""
"249220140","SZCZAWNE","2012","11","09",.5,"","W",0,"9",0,"8","","8",".",""
"249220140","SZCZAWNE","2012","11","12",8.4,"","W",0,"9",0,"8","","8",".",""
"249220140","SZCZAWNE","2012","11","13",.4,"","W",0,"9",0,"8","","8",".",""
"249220140","SZCZAWNE","2012","11","18",1.3,"","W",0,"9",0,"8","","8",".",""
"249220140","SZCZAWNE","2012","11","22",.2,"","W",0,"9",0,"8","","8",".",""
"249220140","SZCZAWNE","2012","11","29",3.4,"","W",0,"9",0,"8","","8",".",""
"249220140","SZCZAWNE","2012","11","30",.6,"","W",0,"9",0,"8","","8",".",""
"249220160","TELEåNICA OSZWAROWA","2012","11","01",.5,"","W",0,"9",0,"8","","8",".",""
"249220160","TELEåNICA OSZWAROWA","2012","11","02",1.3,"","W",0,"9",0,"8","","8",".",""
"249220160","TELEåNICA OSZWAROWA","2012","11","05",18.8,"","W",0,"9",0,"8","","8",".",""
"249220160","TELEåNICA OSZWAROWA","2012","11","06",5.1,"","W",0,"9",0,"8","","8",".",""
"249220160","TELEåNICA OSZWAROWA","2012","11","07",1.8,"","W",0,"9",0,"8","","8",".",""
"249220160","TELEåNICA OSZWAROWA","2012","11","12",9.3,"","W",0,"9",0,"8","","8",".",""
"249220160","TELEåNICA OSZWAROWA","2012","11","13",.5,"","W",0,"9",0,"8","","8",".",""
"249220160","TELEåNICA OSZWAROWA","2012","11","18",.5,"","W",0,"9",0,"8","","8",".",""
"249220160","TELEåNICA OSZWAROWA","2012","11","19",.8,"","W",0,"9",0,"8","","8",".",""
"249220160","TELEåNICA OSZWAROWA","2012","11","22",.2,"","W",0,"9",0,"8","","8",".",""
"249220160","TELEåNICA OSZWAROWA","2012","11","23",.2,"","W",0,"9",0,"8","","8",".",""
"249220160","TELEåNICA OSZWAROWA","2012","11","29",.0,"","W",0,"9",0,"8","","8",".",""
"249220160","TELEåNICA OSZWAROWA","2012","11","30",1.7,"","W",0,"9",0,"8","","8",".",""
"249220220","POLANA","2012","11","01",2.7,"","W",0,"9",0,"8","","8",".",""
"249220220","POLANA","2012","11","02",1.9,"","W",0,"9",0,"8","","8",".",""
"249220220","POLANA","2012","11","05",34.2,"","W",0,"9",0,"8","","8",".",""
"249220220","POLANA","2012","11","06",9.1,"","W",0,"9",0,"8","","8",".",""
"249220220","POLANA","2012","11","07",1.5,"","W",0,"9",0,"8","","8",".",""
"249220220","POLANA","2012","11","09",2.0,"","W",0,"9",0,"8","","8",".",""
"249220220","POLANA","2012","11","12",12.1,"","W",0,"9",0,"8","","8",".",""
"249220220","POLANA","2012","11","13",.8,"","W",0,"9",0,"8","","8",".",""
"249220220","POLANA","2012","11","19",.5,"","W",0,"9",0,"8","","8",".",""
"249220220","POLANA","2012","11","23",.1,"","W",0,"9",0,"8","","8",".",""
"249220220","POLANA","2012","11","29",5.0,"","W",0,"9",0,"8","","8",".",""
"249220220","POLANA","2012","11","30",2.3,"","W",0,"9",0,"8","","8",".",""
"249220230","LUTOWISKA","2012","11","01",5.3,"","W",0,"9",0,"9","","9","PL",""
"249220230","LUTOWISKA","2012","11","02",.1,"","W",0,"9",0,"9","","9",".",""
"249220230","LUTOWISKA","2012","11","05",23.9,"","W",0,"9",0,"9","","9",".",""
"249220230","LUTOWISKA","2012","11","06",7.4,"","S",0,"9",0,"9","","9",".",""
"249220230","LUTOWISKA","2012","11","07",.8,"","S",2,"",2,"","6","","*",""
"249220230","LUTOWISKA","2012","11","09",2.3,"","W",0,"9",0,"9","","9",".",""
"249220230","LUTOWISKA","2012","11","12",9.2,"","W",0,"9",0,"9","","9",".",""
"249220230","LUTOWISKA","2012","11","13",.3,"","W",0,"9",0,"9","","9",".",""
"249220230","LUTOWISKA","2012","11","18",.1,"","W",0,"9",0,"9","","9",".",""
"249220230","LUTOWISKA","2012","11","19",.2,"","W",0,"9",0,"9","","9",".",""
"249220230","LUTOWISKA","2012","11","22",.2,"","W",0,"9",0,"9","","9",".",""
"249220230","LUTOWISKA","2012","11","23",.1,"","W",0,"9",0,"9","","9",".",""
"249220230","LUTOWISKA","2012","11","29",6.4,"","W",0,"9",0,"9","","9",".",""
"249220230","LUTOWISKA","2012","11","30",4.7,"","S",0,"9",0,"9","","9",".",""
"249220240","ØUBRACZE","2012","11","01",16.0,"","W",2,"",0,"","5","","*",""
"249220240","ØUBRACZE","2012","11","02",1.5,"","W",0,"9",0,"9","","9",".",""
"249220240","ØUBRACZE","2012","11","05",40.8,"","W",0,"9",0,"9","","9",".",""
"249220240","ØUBRACZE","2012","11","06",4.3,"","W",0,"9",0,"9","","9",".",""
"249220240","ØUBRACZE","2012","11","07",3.5,"","W",0,"9",0,"9","","9",".",""
"249220240","ØUBRACZE","2012","11","08",.5,"","W",0,"9",0,"9","","9",".",""
"249220240","ØUBRACZE","2012","11","09",1.5,"","W",0,"9",0,"9","","9",".",""
"249220240","ØUBRACZE","2012","11","12",8.2,"","W",0,"9",0,"9","","9",".",""
"249220240","ØUBRACZE","2012","11","13",.0,"","W",0,"9",0,"9","","9",".",""
"249220240","ØUBRACZE","2012","11","23",.2,"","W",0,"9",0,"9","","9",".",""
"249220240","ØUBRACZE","2012","11","24",.2,"","W",0,"9",0,"9","","9",".",""
"249220240","ØUBRACZE","2012","11","25",.0,"","W",0,"9",0,"9","","9",".",""
"249220240","ØUBRACZE","2012","11","26",.7,"","W",0,"9",0,"9","","9",".",""
"249220240","ØUBRACZE","2012","11","29",10.9,"","W",0,"9",0,"9","","9",".",""
"249220240","ØUBRACZE","2012","11","30",1.9,"","W",0,"9",0,"9","","9",".",""
"249220250","CISNA","2012","11","01",21.6,"","W",0,"9",0,"8","","8",".",""
"249220250","CISNA","2012","11","02",3.7,"","W",0,"9",0,"8","","8",".",""
"249220250","CISNA","2012","11","05",38.8,"","W",0,"9",0,"8","","8",".",""
"249220250","CISNA","2012","11","06",6.1,"","S",0,"9",0,"8","","8",".",""
"249220250","CISNA","2012","11","07",3.8,"","S",0,"9",0,"8","","8",".",""
"249220250","CISNA","2012","11","09",.0,"","W",0,"9",0,"8","","8",".",""
"249220250","CISNA","2012","11","12",10.1,"","W",0,"9",0,"8","","8",".",""
"249220250","CISNA","2012","11","13",.0,"","W",0,"9",0,"8","","8",".",""
"249220250","CISNA","2012","11","18",.6,"","W",0,"9",0,"8","","8",".",""
"249220250","CISNA","2012","11","19",.0,"","W",0,"9",0,"8","","8",".",""
"249220250","CISNA","2012","11","27",.3,"","W",0,"9",0,"8","","8",".",""
"249220250","CISNA","2012","11","29",11.3,"","W",0,"9",0,"8","","8",".",""
"249220250","CISNA","2012","11","30",.0,"","W",0,"9",0,"8","","8",".",""
"249220260","DWERNIK","2012","11","01",4.4,"","W",0,"9",0,"9","","9",".",""
"249220260","DWERNIK","2012","11","02",.2,"","W",0,"9",0,"9","","9",".",""
"249220260","DWERNIK","2012","11","05",26.9,"","W",0,"9",0,"9","","9",".",""
"249220260","DWERNIK","2012","11","06",8.5,"","S",0,"9",0,"9","","9",".",""
"249220260","DWERNIK","2012","11","07",.6,"","W",2,"",2,"","6","","*",""
"249220260","DWERNIK","2012","11","08",.1,"","W",0,"9",0,"9","","9",".",""
"249220260","DWERNIK","2012","11","09",2.7,"","W",0,"9",0,"9","","9",".",""
"249220260","DWERNIK","2012","11","12",10.9,"","W",0,"9",0,"9","","9",".",""
"249220260","DWERNIK","2012","11","13",1.1,"","W",0,"9",0,"9","","9",".",""
"249220260","DWERNIK","2012","11","22",.1,"","W",0,"9",0,"9","","9",".",""
"249220260","DWERNIK","2012","11","23",.2,"","W",0,"9",0,"9","","9",".",""
"249220260","DWERNIK","2012","11","28",.0,"","W",0,"9",0,"9","","9",".",""
"249220260","DWERNIK","2012","11","29",13.2,"","W",0,"9",0,"9","","9",".",""
"249220260","DWERNIK","2012","11","30",5.0,"","W",0,"9",0,"9","","9",".",""
"249220270","KALNICA","2012","11","01",9.3,"","W",0,"9",0,"9","","9","PL",""
"249220270","KALNICA","2012","11","02",1.0,"","W",0,"9",0,"9","","9",".",""
"249220270","KALNICA","2012","11","05",39.8,"","W",0,"9",0,"9","","9",".",""
"249220270","KALNICA","2012","11","06",5.1,"","S",0,"9",0,"9","","9",".",""
"249220270","KALNICA","2012","11","07",.6,"","S",0,"9",0,"9","","9",".",""
"249220270","KALNICA","2012","11","08",.0,"","W",0,"9",0,"9","","9",".",""
"249220270","KALNICA","2012","11","09",2.8,"","W",0,"9",0,"9","","9",".",""
"249220270","KALNICA","2012","11","12",7.1,"","W",0,"9",0,"9","","9",".",""
"249220270","KALNICA","2012","11","13",.5,"","W",0,"9",0,"9","","9",".",""
"249220270","KALNICA","2012","11","18",.0,"","W",0,"9",0,"9","","9",".",""
"249220270","KALNICA","2012","11","19",.4,"","W",0,"9",0,"9","","9",".",""
"249220270","KALNICA","2012","11","23",.2,"","W",0,"9",0,"9","","9",".",""
"249220270","KALNICA","2012","11","26",.5,"","W",0,"9",0,"9","","9",".",""
"249220270","KALNICA","2012","11","29",15.0,"","W",0,"9",0,"9","","9",".",""
"249220270","KALNICA","2012","11","30",2.6,"","W",0,"9",0,"9","","9",".",""
"249220340","WO£OSATE","2012","11","01",15.6,"","S",3,"",0,"9","6","","*",""
"249220340","WO£OSATE","2012","11","02",1.6,"","W",0,"9",0,"9","","9",".",""
"249220340","WO£OSATE","2012","11","03",.0,"","W",0,"9",0,"9","","9",".",""
"249220340","WO£OSATE","2012","11","05",44.0,"","W",0,"9",0,"9","","9",".",""
"249220340","WO£OSATE","2012","11","06",7.2,"","S",0,"9",0,"9","","9",".",""
"249220340","WO£OSATE","2012","11","07",5.0,"","S",0,"9",0,"9","","9",".",""
"249220340","WO£OSATE","2012","11","08",4.2,"","W",0,"9",0,"9","","9",".",""
"249220340","WO£OSATE","2012","11","09",2.2,"","W",0,"9",0,"9","","9",".",""
"249220340","WO£OSATE","2012","11","12",4.7,"","W",0,"9",0,"9","","9",".",""
"249220340","WO£OSATE","2012","11","13",.2,"","W",0,"9",0,"9","","9",".",""
"249220340","WO£OSATE","2012","11","18",.4,"","W",0,"9",0,"9","","9",".",""
"249220340","WO£OSATE","2012","11","19",.4,"","W",0,"9",0,"9","","9",".",""
"249220340","WO£OSATE","2012","11","24",.3,"","W",0,"9",0,"9","","9",".",""
"249220340","WO£OSATE","2012","11","25",.0,"","W",0,"9",0,"9","","9",".",""
"249220340","WO£OSATE","2012","11","26",1.5,"","W",0,"9",0,"9","","9",".",""
"249220340","WO£OSATE","2012","11","28",.8,"","W",0,"9",0,"9","","9",".",""
"249220340","WO£OSATE","2012","11","29",27.7,"","W",0,"9",0,"9","","9",".",""
"249220340","WO£OSATE","2012","11","30",8.5,"","S",0,"9",0,"9","","9",".",""
"249230010","M£YNY","2012","11","05",6.8,"","W",0,"9",0,"8","","8",".",""
"249230010","M£YNY","2012","11","06",1.0,"","W",0,"9",0,"8","","8",".",""
"249230010","M£YNY","2012","11","12",8.2,"","W",0,"9",0,"8","","8",".",""
"249230010","M£YNY","2012","11","29",.8,"","W",0,"9",0,"8","","8",".",""
"249230010","M£YNY","2012","11","30",1.2,"","W",0,"9",0,"8","","8",".",""
"250140010","WYSZK”W","2012","11","02",1.0,"","W",0,"9",0,"8","","8","",""
"250140010","WYSZK”W","2012","11","03",8.1,"","W",0,"9",0,"8","","8","",""
"250140010","WYSZK”W","2012","11","04",11.4,"","W",0,"9",0,"8","","8","",""
"250140010","WYSZK”W","2012","11","05",2.1,"","W",0,"9",0,"8","","8","",""
"250140010","WYSZK”W","2012","11","06",2.4,"","W",0,"9",0,"8","","8","",""
"250140010","WYSZK”W","2012","11","08",2.4,"","W",0,"9",0,"8","","8","",""
"250140010","WYSZK”W","2012","11","11",1.9,"","W",0,"9",0,"8","","8","",""
"250140010","WYSZK”W","2012","11","18",2.2,"","W",0,"9",0,"8","","8","",""
"250140010","WYSZK”W","2012","11","28",21.6,"","W",0,"9",0,"8","","8","",""
"250140010","WYSZK”W","2012","11","29",18.9,"","S",0,"9",0,"8","","8","",""
"250140010","WYSZK”W","2012","11","30",1.3,"","S",8,"",0,"8","","8","*",""
"250140020","SIENIAWKA","2012","11","02",.1,"","W",0,"9",0,"8","","8","",""
"250140020","SIENIAWKA","2012","11","03",6.0,"","W",0,"9",0,"8","","8","",""
"250140020","SIENIAWKA","2012","11","04",12.0,"","W",0,"9",0,"8","","8","",""
"250140020","SIENIAWKA","2012","11","06",1.6,"","W",0,"9",0,"8","","8","",""
"250140020","SIENIAWKA","2012","11","07",.5,"","W",0,"9",0,"8","","8","",""
"250140020","SIENIAWKA","2012","11","08",.3,"","W",0,"9",0,"8","","8","",""
"250140020","SIENIAWKA","2012","11","11",2.4,"","W",0,"9",0,"8","","8","",""
"250140020","SIENIAWKA","2012","11","26",.3,"","W",0,"9",0,"8","","8","",""
"250140020","SIENIAWKA","2012","11","27",.2,"","W",0,"9",0,"8","","8","",""
"250140020","SIENIAWKA","2012","11","28",20.7,"","W",0,"9",0,"8","","8","",""
"250140020","SIENIAWKA","2012","11","29",21.6,"","S",0,"9",0,"8","","8","",""
"250140020","SIENIAWKA","2012","11","30",1.2,"","S",0,"9",0,"8","","8","",""
"250150010","CHROåNICA","2012","11","03",1.0,"","W",0,"9",0,"8","","8","PL",""
"250150010","CHROåNICA","2012","11","04",12.0,"","W",0,"9",0,"8","","8","",""
"250150010","CHROåNICA","2012","11","06",.2,"","W",0,"9",0,"8","","8","",""
"250150010","CHROåNICA","2012","11","07",2.1,"","W",0,"9",0,"8","","8","",""
"250150010","CHROåNICA","2012","11","08",1.0,"","W",0,"9",0,"8","","8","",""
"250150010","CHROåNICA","2012","11","11",.8,"","W",0,"9",0,"8","","8","",""
"250150010","CHROåNICA","2012","11","18",.4,"","W",0,"9",0,"8","","8","",""
"250150010","CHROåNICA","2012","11","20",.1,"","W",0,"9",0,"8","","8","",""
"250150010","CHROåNICA","2012","11","27",.0,"","W",0,"9",0,"8","","8","",""
"250150010","CHROåNICA","2012","11","28",9.9,"","W",0,"9",0,"8","","8","",""
"250150010","CHROåNICA","2012","11","29",12.4,"","S",0,"9",0,"8","","8","",""
"250150010","CHROåNICA","2012","11","30",7.9,"","S",10,"",0,"8","","8","SL",""
"250150020","WOJCIESZ”W","2012","11","03",1.0,"","W",0,"9",0,"8","","8","",""
"250150020","WOJCIESZ”W","2012","11","04",7.5,"","W",0,"9",0,"8","","8","",""
"250150020","WOJCIESZ”W","2012","11","05",.9,"","W",0,"9",0,"8","","8","",""
"250150020","WOJCIESZ”W","2012","11","07",2.8,"","W",0,"9",0,"8","","8","",""
"250150020","WOJCIESZ”W","2012","11","08",1.9,"","W",0,"9",0,"8","","8","",""
"250150020","WOJCIESZ”W","2012","11","11",1.3,"","W",0,"9",0,"8","","8","",""
"250150020","WOJCIESZ”W","2012","11","26",.2,"","W",0,"9",0,"8","","8","",""
"250150020","WOJCIESZ”W","2012","11","27",.4,"","W",0,"9",0,"8","","8","",""
"250150020","WOJCIESZ”W","2012","11","28",11.3,"","W",0,"9",0,"8","","8","",""
"250150020","WOJCIESZ”W","2012","11","29",8.1,"","S",0,"9",0,"8","","8","",""
"250150020","WOJCIESZ”W","2012","11","30",7.5,"","S",1,"",0,"8","","8","*",""
"250150030","POBIEDNA","2012","11","01",.1,"","W",0,"9",0,"8","","8","",""
"250150030","POBIEDNA","2012","11","02",.6,"","W",0,"9",0,"8","","8","",""
"250150030","POBIEDNA","2012","11","03",4.1,"","W",0,"9",0,"8","","8","",""
"250150030","POBIEDNA","2012","11","04",9.2,"","W",0,"9",0,"8","","8","",""
"250150030","POBIEDNA","2012","11","05",2.8,"","W",0,"9",0,"8","","8","",""
"250150030","POBIEDNA","2012","11","06",3.9,"","W",0,"9",0,"8","","8","",""
"250150030","POBIEDNA","2012","11","07",5.3,"","W",0,"9",0,"8","","8","",""
"250150030","POBIEDNA","2012","11","08",2.6,"","W",0,"9",0,"8","","8","",""
"250150030","POBIEDNA","2012","11","09",.0,"","W",0,"9",0,"8","","8","",""
"250150030","POBIEDNA","2012","11","11",.9,"","W",0,"9",0,"8","","8","",""
"250150030","POBIEDNA","2012","11","25",.0,"","W",0,"9",0,"8","","8","",""
"250150030","POBIEDNA","2012","11","27",.5,"","W",0,"9",0,"8","","8","",""
"250150030","POBIEDNA","2012","11","28",13.3,"","W",0,"9",0,"8","","8","",""
"250150030","POBIEDNA","2012","11","29",31.8,"","S",0,"9",0,"8","","8","",""
"250150030","POBIEDNA","2012","11","30",23.1,"","S",14,"",0,"8","","8","*",""
"250150040","JANICE","2012","11","03",2.5,"","W",0,"9",0,"8","","8","",""
"250150040","JANICE","2012","11","04",7.3,"","W",0,"9",0,"8","","8","",""
"250150040","JANICE","2012","11","06",.5,"","W",0,"9",0,"8","","8","",""
"250150040","JANICE","2012","11","07",3.2,"","W",0,"9",0,"8","","8","",""
"250150040","JANICE","2012","11","08",2.1,"","W",0,"9",0,"8","","8","",""
"250150040","JANICE","2012","11","09",.1,"","W",0,"9",0,"8","","8","",""
"250150040","JANICE","2012","11","11",.9,"","W",0,"9",0,"8","","8","",""
"250150040","JANICE","2012","11","18",.7,"","W",0,"9",0,"8","","8","",""
"250150040","JANICE","2012","11","27",.3,"","W",0,"9",0,"8","","8","",""
"250150040","JANICE","2012","11","28",11.4,"","W",0,"9",0,"8","","8","",""
"250150040","JANICE","2012","11","29",21.1,"","S",0,"9",0,"8","","8","",""
"250150040","JANICE","2012","11","30",10.6,"","S",13,"",0,"8","","8","*",""
"250150050","PILCHOWICE","2012","11","02",.1,"","W",0,"9",0,"8","","8","",""
"250150050","PILCHOWICE","2012","11","03",1.4,"","W",0,"9",0,"8","","8","",""
"250150050","PILCHOWICE","2012","11","04",8.1,"","W",0,"9",0,"8","","8","",""
"250150050","PILCHOWICE","2012","11","05",1.0,"","W",0,"9",0,"8","","8","",""
"250150050","PILCHOWICE","2012","11","06",.8,"","W",0,"9",0,"8","","8","",""
"250150050","PILCHOWICE","2012","11","07",3.4,"","W",0,"9",0,"8","","8","",""
"250150050","PILCHOWICE","2012","11","08",2.3,"","W",0,"9",0,"8","","8","",""
"250150050","PILCHOWICE","2012","11","11",.7,"","W",0,"9",0,"8","","8","",""
"250150050","PILCHOWICE","2012","11","18",.4,"","W",0,"9",0,"8","","8","",""
"250150050","PILCHOWICE","2012","11","19",.1,"","W",0,"9",0,"8","","8","",""
"250150050","PILCHOWICE","2012","11","27",.1,"","W",0,"9",0,"8","","8","",""
"250150050","PILCHOWICE","2012","11","28",11.4,"","W",0,"9",0,"8","","8","",""
"250150050","PILCHOWICE","2012","11","29",16.1,"","S",0,"9",0,"8","","8","",""
"250150050","PILCHOWICE","2012","11","30",3.3,"","W",1,"",0,"8","","8","*",""
"250150060","R BISZ”W","2012","11","01",.0,"","W",0,"9",0,"8","","8","",""
"250150060","R BISZ”W","2012","11","02",.2,"","W",0,"9",0,"8","","8","",""
"250150060","R BISZ”W","2012","11","03",2.1,"","W",0,"9",0,"8","","8","",""
"250150060","R BISZ”W","2012","11","04",7.5,"","W",0,"9",0,"8","","8","",""
"250150060","R BISZ”W","2012","11","05",1.9,"","W",0,"9",0,"8","","8","",""
"250150060","R BISZ”W","2012","11","06",.8,"","W",0,"9",0,"8","","8","",""
"250150060","R BISZ”W","2012","11","07",2.7,"","W",0,"9",0,"8","","8","",""
"250150060","R BISZ”W","2012","11","08",1.2,"","W",0,"9",0,"8","","8","",""
"250150060","R BISZ”W","2012","11","09",.0,"","W",0,"9",0,"8","","8","",""
"250150060","R BISZ”W","2012","11","11",.9,"","W",0,"9",0,"8","","8","",""
"250150060","R BISZ”W","2012","11","18",.1,"","W",0,"9",0,"8","","8","",""
"250150060","R BISZ”W","2012","11","19",.1,"","W",0,"9",0,"8","","8","",""
"250150060","R BISZ”W","2012","11","27",.1,"","W",0,"9",0,"8","","8","",""
"250150060","R BISZ”W","2012","11","28",11.6,"","W",0,"9",0,"8","","8","",""
"250150060","R BISZ”W","2012","11","29",20.1,"","S",0,"9",0,"8","","8","",""
"250150060","R BISZ”W","2012","11","30",9.1,"","S",7,"",0,"8","","8","*",""
"250150070","GIERCZYN","2012","11","01",.5,"","W",0,"9",0,"8","","8","",""
"250150070","GIERCZYN","2012","11","02",1.5,"","W",0,"9",0,"8","","8","",""
"250150070","GIERCZYN","2012","11","03",2.6,"","W",0,"9",0,"8","","8","",""
"250150070","GIERCZYN","2012","11","04",6.4,"","W",0,"9",0,"8","","8","",""
"250150070","GIERCZYN","2012","11","05",1.4,"","W",0,"9",0,"8","","8","",""
"250150070","GIERCZYN","2012","11","06",2.9,"","W",0,"9",0,"8","","8","",""
"250150070","GIERCZYN","2012","11","07",1.3,"","W",0,"9",0,"8","","8","",""
"250150070","GIERCZYN","2012","11","08",1.0,"","W",0,"9",0,"8","","8","",""
"250150070","GIERCZYN","2012","11","12",.3,"","W",0,"9",0,"8","","8","",""
"250150070","GIERCZYN","2012","11","19",.4,"","W",0,"9",0,"8","","8","",""
"250150070","GIERCZYN","2012","11","27",.3,"","W",0,"9",0,"8","","8","",""
"250150070","GIERCZYN","2012","11","28",14.1,"","W",0,"9",0,"8","","8","",""
"250150070","GIERCZYN","2012","11","29",18.5,"","S",0,"9",0,"8","","8","",""
"250150070","GIERCZYN","2012","11","30",5.3,"","S",15,"",0,"8","","8","*",""
"250150080","STARA KAMIENICA","2012","11","02",.5,"","W",0,"9",0,"8","","8","",""
"250150080","STARA KAMIENICA","2012","11","03",.8,"","W",0,"9",0,"8","","8","",""
"250150080","STARA KAMIENICA","2012","11","04",6.0,"","W",0,"9",0,"8","","8","",""
"250150080","STARA KAMIENICA","2012","11","05",.6,"","W",0,"9",0,"8","","8","",""
"250150080","STARA KAMIENICA","2012","11","06",2.0,"","W",0,"9",0,"8","","8","",""
"250150080","STARA KAMIENICA","2012","11","07",1.0,"","W",0,"9",0,"8","","8","",""
"250150080","STARA KAMIENICA","2012","11","08",.8,"","W",0,"9",0,"8","","8","",""
"250150080","STARA KAMIENICA","2012","11","11",.9,"","W",0,"9",0,"8","","8","",""
"250150080","STARA KAMIENICA","2012","11","28",12.0,"","W",0,"9",0,"8","","8","",""
"250150080","STARA KAMIENICA","2012","11","29",16.0,"","S",0,"9",0,"8","","8","",""
"250150080","STARA KAMIENICA","2012","11","30",9.0,"","S",7,"",0,"8","","8","*",""
"250150110","KACZOR”W","2012","11","01",.7,"","W",0,"9",0,"8","","8","",""
"250150110","KACZOR”W","2012","11","03",1.1,"","W",0,"9",0,"8","","8","",""
"250150110","KACZOR”W","2012","11","04",8.6,"","W",0,"9",0,"8","","8","",""
"250150110","KACZOR”W","2012","11","05",.4,"","W",0,"9",0,"8","","8","",""
"250150110","KACZOR”W","2012","11","06",.1,"","W",0,"9",0,"8","","8","",""
"250150110","KACZOR”W","2012","11","07",1.6,"","W",0,"9",0,"8","","8","",""
"250150110","KACZOR”W","2012","11","08",.2,"","W",0,"9",0,"8","","8","",""
"250150110","KACZOR”W","2012","11","11",.2,"","W",0,"9",0,"8","","8","",""
"250150110","KACZOR”W","2012","11","27",.1,"","W",0,"9",0,"8","","8","",""
"250150110","KACZOR”W","2012","11","28",11.1,"","W",0,"9",0,"8","","8","",""
"250150110","KACZOR”W","2012","11","29",9.8,"","S",0,"9",0,"8","","8","",""
"250150110","KACZOR”W","2012","11","30",4.8,"","S",5,"",0,"8","","8","*",""
"250150120","KOPANIEC","2012","11","01",.7,"","W",0,"9",0,"8","","8","",""
"250150120","KOPANIEC","2012","11","02",1.4,"","W",0,"9",0,"8","","8","",""
"250150120","KOPANIEC","2012","11","03",.8,"","W",0,"9",0,"8","","8","",""
"250150120","KOPANIEC","2012","11","04",5.5,"","W",0,"9",0,"8","","8","",""
"250150120","KOPANIEC","2012","11","05",.9,"","W",0,"9",0,"8","","8","",""
"250150120","KOPANIEC","2012","11","06",1.5,"","W",0,"9",0,"8","","8","",""
"250150120","KOPANIEC","2012","11","07",1.0,"","W",0,"9",0,"8","","8","",""
"250150120","KOPANIEC","2012","11","08",2.3,"","W",0,"9",0,"8","","8","",""
"250150120","KOPANIEC","2012","11","10",.1,"","W",0,"9",0,"8","","8","",""
"250150120","KOPANIEC","2012","11","11",.4,"","W",0,"9",0,"8","","8","",""
"250150120","KOPANIEC","2012","11","18",.2,"","W",0,"9",0,"8","","8","",""
"250150120","KOPANIEC","2012","11","19",.1,"","W",0,"9",0,"8","","8","",""
"250150120","KOPANIEC","2012","11","21",.1,"","W",0,"9",0,"8","","8","",""
"250150120","KOPANIEC","2012","11","26",.1,"","W",0,"9",0,"8","","8","",""
"250150120","KOPANIEC","2012","11","27",.1,"","W",0,"9",0,"8","","8","",""
"250150120","KOPANIEC","2012","11","28",15.5,"","W",0,"9",0,"8","","8","",""
"250150120","KOPANIEC","2012","11","29",15.9,"","S",0,"9",0,"8","","8","",""
"250150120","KOPANIEC","2012","11","30",5.1,"","S",0,"9",0,"8","","8","",""
"250150130","CIECHANOWICE","2012","11","01",2.0,"","W",0,"9",0,"8","","8","PL",""
"250150130","CIECHANOWICE","2012","11","02",.4,"","W",0,"9",0,"8","","8","",""
"250150130","CIECHANOWICE","2012","11","03",1.0,"","W",0,"9",0,"8","","8","",""
"250150130","CIECHANOWICE","2012","11","04",13.3,"","W",0,"9",0,"8","","8","",""
"250150130","CIECHANOWICE","2012","11","05",.5,"","W",0,"9",0,"8","","8","",""
"250150130","CIECHANOWICE","2012","11","06",.2,"","W",0,"9",0,"8","","8","",""
"250150130","CIECHANOWICE","2012","11","07",1.2,"","W",0,"9",0,"8","","8","",""
"250150130","CIECHANOWICE","2012","11","08",.8,"","W",0,"9",0,"8","","8","",""
"250150130","CIECHANOWICE","2012","11","18",.3,"","W",0,"9",0,"8","","8","",""
"250150130","CIECHANOWICE","2012","11","26",.2,"","W",0,"9",0,"8","","8","",""
"250150130","CIECHANOWICE","2012","11","27",.9,"","W",0,"9",0,"8","","8","",""
"250150130","CIECHANOWICE","2012","11","28",9.6,"","W",0,"9",0,"8","","8","",""
"250150130","CIECHANOWICE","2012","11","29",13.7,"","S",0,"9",0,"8","","8","",""
"250150130","CIECHANOWICE","2012","11","30",4.9,"","S",6,"",0,"8","","8","*",""
"250150140","MYS£AKOWICE","2012","11","01",2.5,"","W",0,"9",0,"8","","8","",""
"250150140","MYS£AKOWICE","2012","11","02",.0,"","W",0,"9",0,"8","","8","",""
"250150140","MYS£AKOWICE","2012","11","03",1.6,"","W",0,"9",0,"8","","8","",""
"250150140","MYS£AKOWICE","2012","11","04",9.9,"","W",0,"9",0,"8","","8","",""
"250150140","MYS£AKOWICE","2012","11","05",.5,"","W",0,"9",0,"8","","8","",""
"250150140","MYS£AKOWICE","2012","11","06",.1,"","W",0,"9",0,"8","","8","",""
"250150140","MYS£AKOWICE","2012","11","07",.4,"","W",0,"9",0,"8","","8","",""
"250150140","MYS£AKOWICE","2012","11","08",1.3,"","W",0,"9",0,"8","","8","",""
"250150140","MYS£AKOWICE","2012","11","11",.7,"","W",0,"9",0,"8","","8","",""
"250150140","MYS£AKOWICE","2012","11","27",.5,"","W",0,"9",0,"8","","8","",""
"250150140","MYS£AKOWICE","2012","11","28",11.2,"","W",0,"9",0,"8","","8","",""
"250150140","MYS£AKOWICE","2012","11","29",11.4,"","S",0,"9",0,"8","","8","",""
"250150140","MYS£AKOWICE","2012","11","30",6.0,"","S",6,"",0,"8","","8","*",""
"250150180","JAGNI•TK”W","2012","11","01",.0,"8","",0,"8",0,"8","","8","",""
"250150180","JAGNI•TK”W","2012","11","02",.0,"8","",0,"8",0,"8","","8","",""
"250150180","JAGNI•TK”W","2012","11","03",.0,"8","",0,"8",0,"8","","8","",""
"250150180","JAGNI•TK”W","2012","11","04",.0,"8","",0,"8",0,"8","","8","",""
"250150180","JAGNI•TK”W","2012","11","05",.0,"8","",0,"8",0,"8","","8","",""
"250150180","JAGNI•TK”W","2012","11","06",.0,"8","",0,"8",0,"8","","8","",""
"250150180","JAGNI•TK”W","2012","11","07",.0,"8","",0,"8",0,"8","","8","",""
"250150180","JAGNI•TK”W","2012","11","08",.0,"8","",0,"8",0,"8","","8","",""
"250150180","JAGNI•TK”W","2012","11","09",.0,"8","",0,"8",0,"8","","8","",""
"250150180","JAGNI•TK”W","2012","11","10",.0,"8","",0,"8",0,"8","","8","",""
"250150180","JAGNI•TK”W","2012","11","11",.0,"8","",0,"8",0,"8","","8","",""
"250150180","JAGNI•TK”W","2012","11","12",.0,"8","",0,"8",0,"8","","8","",""
"250150180","JAGNI•TK”W","2012","11","13",.0,"8","",0,"8",0,"8","","8","",""
"250150180","JAGNI•TK”W","2012","11","14",.0,"8","",0,"8",0,"8","","8","",""
"250150180","JAGNI•TK”W","2012","11","15",.0,"8","",0,"8",0,"8","","8","",""
"250150180","JAGNI•TK”W","2012","11","16",.0,"8","",0,"8",0,"8","","8","",""
"250150180","JAGNI•TK”W","2012","11","17",.0,"8","",0,"8",0,"8","","8","",""
"250150180","JAGNI•TK”W","2012","11","18",.0,"8","",0,"8",0,"8","","8","",""
"250150180","JAGNI•TK”W","2012","11","19",.0,"8","",0,"8",0,"8","","8","",""
"250150180","JAGNI•TK”W","2012","11","20",.0,"8","",0,"8",0,"8","","8","",""
"250150180","JAGNI•TK”W","2012","11","21",.0,"8","",0,"8",0,"8","","8","",""
"250150180","JAGNI•TK”W","2012","11","22",.0,"8","",0,"8",0,"8","","8","",""
"250150180","JAGNI•TK”W","2012","11","23",.0,"8","",0,"8",0,"8","","8","",""
"250150180","JAGNI•TK”W","2012","11","24",.0,"8","",0,"8",0,"8","","8","",""
"250150180","JAGNI•TK”W","2012","11","25",.0,"8","",0,"8",0,"8","","8","",""
"250150180","JAGNI•TK”W","2012","11","26",.0,"8","",0,"8",0,"8","","8","",""
"250150180","JAGNI•TK”W","2012","11","27",.0,"8","",0,"8",0,"8","","8","",""
"250150180","JAGNI•TK”W","2012","11","28",.0,"8","",0,"8",0,"8","","8","",""
"250150180","JAGNI•TK”W","2012","11","29",.0,"8","",0,"8",0,"8","","8","",""
"250150180","JAGNI•TK”W","2012","11","30",.0,"8","",0,"8",0,"8","","8","",""
"250150190","KOWARY","2012","11","01",3.4,"","W",0,"9",0,"8","","8","",""
"250150190","KOWARY","2012","11","02",.8,"","W",0,"9",0,"8","","8","",""
"250150190","KOWARY","2012","11","03",.6,"","W",0,"9",0,"8","","8","",""
"250150190","KOWARY","2012","11","04",8.9,"","W",0,"9",0,"8","","8","",""
"250150190","KOWARY","2012","11","05",.6,"","W",0,"9",0,"8","","8","",""
"250150190","KOWARY","2012","11","06",.2,"","W",0,"9",0,"8","","8","",""
"250150190","KOWARY","2012","11","07",.3,"","W",0,"9",0,"8","","8","",""
"250150190","KOWARY","2012","11","08",.6,"","W",0,"9",0,"8","","8","",""
"250150190","KOWARY","2012","11","11",.6,"","W",0,"9",0,"8","","8","",""
"250150190","KOWARY","2012","11","18",.1,"","W",0,"9",0,"8","","8","",""
"250150190","KOWARY","2012","11","28",14.1,"","W",0,"9",0,"8","","8","",""
"250150190","KOWARY","2012","11","29",11.5,"","S",0,"9",0,"8","","8","",""
"250150190","KOWARY","2012","11","30",6.4,"","S",2,"",0,"8","","8","*",""
"250150210","PRZESIEKA","2012","11","01",6.9,"","W",8,"",0,"8","","8","*",""
"250150210","PRZESIEKA","2012","11","02",4.5,"","W",0,"9",0,"8","","8","PL",""
"250150210","PRZESIEKA","2012","11","03",3.0,"","W",0,"9",0,"8","","8","PL",""
"250150210","PRZESIEKA","2012","11","04",8.3,"","W",0,"9",0,"8","","8","",""
"250150210","PRZESIEKA","2012","11","06",.3,"","W",0,"9",0,"8","","8","",""
"250150210","PRZESIEKA","2012","11","07",.8,"","W",0,"9",0,"8","","8","",""
"250150210","PRZESIEKA","2012","11","08",.4,"","W",0,"9",0,"8","","8","",""
"250150210","PRZESIEKA","2012","11","11",.5,"","W",0,"9",0,"8","","8","",""
"250150210","PRZESIEKA","2012","11","26",.0,"","W",0,"9",0,"8","","8","",""
"250150210","PRZESIEKA","2012","11","27",.0,"","W",0,"9",0,"8","","8","",""
"250150210","PRZESIEKA","2012","11","28",11.5,"","W",0,"9",0,"8","","8","",""
"250150210","PRZESIEKA","2012","11","29",12.5,"","S",0,"9",0,"8","","8","",""
"250150210","PRZESIEKA","2012","11","30",8.5,"","W",7,"",0,"8","","8","*",""
"250150230","JARKOWICE","2012","11","01",7.4,"","W",0,"9",0,"8","","8","",""
"250150230","JARKOWICE","2012","11","02",5.9,"","W",0,"9",0,"8","","8","",""
"250150230","JARKOWICE","2012","11","03",.9,"","W",0,"9",0,"8","","8","",""
"250150230","JARKOWICE","2012","11","04",8.4,"","W",0,"9",0,"8","","8","",""
"250150230","JARKOWICE","2012","11","06",.3,"","W",0,"9",0,"8","","8","",""
"250150230","JARKOWICE","2012","11","07",.9,"","W",0,"9",0,"8","","8","",""
"250150230","JARKOWICE","2012","11","08",1.2,"","W",0,"9",0,"8","","8","",""
"250150230","JARKOWICE","2012","11","09",.4,"","W",0,"9",0,"8","","8","",""
"250150230","JARKOWICE","2012","11","11",.6,"","W",0,"9",0,"8","","8","",""
"250150230","JARKOWICE","2012","11","20",.4,"","W",0,"9",0,"8","","8","",""
"250150230","JARKOWICE","2012","11","27",.4,"","W",0,"9",0,"8","","8","",""
"250150230","JARKOWICE","2012","11","28",10.4,"","W",0,"9",0,"8","","8","",""
"250150230","JARKOWICE","2012","11","29",12.4,"","S",0,"9",0,"8","","8","",""
"250150230","JARKOWICE","2012","11","30",2.5,"","S",4,"",0,"8","","8","*",""
"250150240","PACZYN","2012","11","01",7.2,"","W",0,"9",0,"8","","8","",""
"250150240","PACZYN","2012","11","02",2.7,"","W",0,"9",0,"8","","8","",""
"250150240","PACZYN","2012","11","03",.5,"","W",0,"9",0,"8","","8","",""
"250150240","PACZYN","2012","11","04",8.7,"","W",0,"9",0,"8","","8","",""
"250150240","PACZYN","2012","11","05",.9,"","W",0,"9",0,"8","","8","",""
"250150240","PACZYN","2012","11","07",.9,"","W",0,"9",0,"8","","8","",""
"250150240","PACZYN","2012","11","08",1.1,"","W",0,"9",0,"8","","8","",""
"250150240","PACZYN","2012","11","09",.2,"","W",0,"9",0,"8","","8","",""
"250150240","PACZYN","2012","11","11",.5,"","W",0,"9",0,"8","","8","",""
"250150240","PACZYN","2012","11","21",.1,"","W",0,"9",0,"8","","8","",""
"250150240","PACZYN","2012","11","26",.1,"","W",0,"9",0,"8","","8","",""
"250150240","PACZYN","2012","11","27",.1,"","W",0,"9",0,"8","","8","",""
"250150240","PACZYN","2012","11","28",10.1,"","W",0,"9",0,"8","","8","",""
"250150240","PACZYN","2012","11","29",14.2,"","S",0,"9",0,"8","","8","",""
"250150240","PACZYN","2012","11","30",2.3,"","W",7,"",0,"8","","8","*",""
"250150260","BUK”WKA","2012","11","01",3.7,"","W",0,"9",0,"8","","8","",""
"250150260","BUK”WKA","2012","11","02",1.9,"","W",0,"9",0,"8","","8","",""
"250150260","BUK”WKA","2012","11","03",.2,"","W",0,"9",0,"8","","8","",""
"250150260","BUK”WKA","2012","11","04",7.5,"","W",0,"9",0,"8","","8","",""
"250150260","BUK”WKA","2012","11","05",.5,"","W",0,"9",0,"8","","8","",""
"250150260","BUK”WKA","2012","11","07",.3,"","W",0,"9",0,"8","","8","",""
"250150260","BUK”WKA","2012","11","08",.6,"","W",0,"9",0,"8","","8","",""
"250150260","BUK”WKA","2012","11","09",.2,"","W",0,"9",0,"8","","8","",""
"250150260","BUK”WKA","2012","11","11",.2,"","W",0,"9",0,"8","","8","",""
"250150260","BUK”WKA","2012","11","21",.3,"","W",0,"9",0,"8","","8","",""
"250150260","BUK”WKA","2012","11","27",.2,"","W",0,"9",0,"8","","8","",""
"250150260","BUK”WKA","2012","11","28",8.2,"","W",0,"9",0,"8","","8","",""
"250150260","BUK”WKA","2012","11","29",9.5,"","S",0,"9",0,"8","","8","",""
"250150260","BUK”WKA","2012","11","30",3.1,"","S",3,"",0,"8","","8","*",""
"250160010","STRZEGOM","2012","11","01",2.3,"","W",0,"9",0,"8","","8","",""
"250160010","STRZEGOM","2012","11","03",.2,"","W",0,"9",0,"8","","8","",""
"250160010","STRZEGOM","2012","11","04",10.7,"","W",0,"9",0,"8","","8","",""
"250160010","STRZEGOM","2012","11","07",.2,"","W",0,"9",0,"8","","8","",""
"250160010","STRZEGOM","2012","11","08",.5,"","W",0,"9",0,"8","","8","",""
"250160010","STRZEGOM","2012","11","11",.2,"","W",0,"9",0,"8","","8","",""
"250160010","STRZEGOM","2012","11","26",.2,"","W",0,"9",0,"8","","8","",""
"250160010","STRZEGOM","2012","11","27",.5,"","W",0,"9",0,"8","","8","",""
"250160010","STRZEGOM","2012","11","28",9.1,"","W",0,"9",0,"8","","8","",""
"250160010","STRZEGOM","2012","11","29",4.9,"","W",0,"9",0,"8","","8","",""
"250160010","STRZEGOM","2012","11","30",5.6,"","S",0,"9",0,"8","","8","",""
"250160020","IMBRAMOWICE","2012","11","01",3.3,"","W",0,"9",0,"8","","8","",""
"250160020","IMBRAMOWICE","2012","11","04",9.0,"","W",0,"9",0,"8","","8","",""
"250160020","IMBRAMOWICE","2012","11","06",.1,"","W",0,"9",0,"8","","8","",""
"250160020","IMBRAMOWICE","2012","11","07",.2,"","W",0,"9",0,"8","","8","",""
"250160020","IMBRAMOWICE","2012","11","08",.3,"","W",0,"9",0,"8","","8","",""
"250160020","IMBRAMOWICE","2012","11","09",.1,"","W",0,"9",0,"8","","8","",""
"250160020","IMBRAMOWICE","2012","11","28",4.2,"","W",0,"9",0,"8","","8","",""
"250160020","IMBRAMOWICE","2012","11","29",3.0,"","W",0,"9",0,"8","","8","",""
"250160020","IMBRAMOWICE","2012","11","30",4.7,"","S",0,"9",0,"8","","8","",""
"250160030","BOLK”W","2012","11","01",.3,"","W",0,"9",0,"8","","8","",""
"250160030","BOLK”W","2012","11","03",.6,"","W",0,"9",0,"8","","8","",""
"250160030","BOLK”W","2012","11","04",9.3,"","W",0,"9",0,"8","","8","",""
"250160030","BOLK”W","2012","11","05",.8,"","W",0,"9",0,"8","","8","",""
"250160030","BOLK”W","2012","11","06",.1,"","W",0,"9",0,"8","","8","",""
"250160030","BOLK”W","2012","11","07",.6,"","W",0,"9",0,"8","","8","",""
"250160030","BOLK”W","2012","11","08",.7,"","W",0,"9",0,"8","","8","",""
"250160030","BOLK”W","2012","11","11",.0,"","W",0,"9",0,"8","","8","",""
"250160030","BOLK”W","2012","11","27",.0,"","W",0,"9",0,"8","","8","",""
"250160030","BOLK”W","2012","11","28",10.2,"","W",0,"9",0,"8","","8","",""
"250160030","BOLK”W","2012","11","29",9.1,"","S",0,"9",0,"8","","8","",""
"250160030","BOLK”W","2012","11","30",4.6,"","S",0,"",0,"8","","8","SL",""
"250160040","DOBROMIERZ","2012","11","01",.3,"","W",0,"9",0,"8","","8","",""
"250160040","DOBROMIERZ","2012","11","04",9.8,"","W",0,"9",0,"8","","8","",""
"250160040","DOBROMIERZ","2012","11","05",.9,"","W",0,"9",0,"8","","8","",""
"250160040","DOBROMIERZ","2012","11","07",.7,"","W",0,"9",0,"8","","8","",""
"250160040","DOBROMIERZ","2012","11","08",.4,"","W",0,"9",0,"8","","8","",""
"250160040","DOBROMIERZ","2012","11","26",.2,"","W",0,"9",0,"8","","8","",""
"250160040","DOBROMIERZ","2012","11","27",.3,"","W",0,"9",0,"8","","8","",""
"250160040","DOBROMIERZ","2012","11","28",8.9,"","W",0,"9",0,"8","","8","",""
"250160040","DOBROMIERZ","2012","11","29",5.1,"","W",0,"9",0,"8","","8","",""
"250160040","DOBROMIERZ","2012","11","30",4.0,"","S",0,"9",0,"8","","8","",""
"250160050","BOLES£AWICE","2012","11","01",3.1,"","W",0,"9",0,"8","","8","",""
"250160050","BOLES£AWICE","2012","11","03",.1,"","W",0,"9",0,"8","","8","",""
"250160050","BOLES£AWICE","2012","11","04",9.3,"","W",0,"9",0,"8","","8","",""
"250160050","BOLES£AWICE","2012","11","05",.8,"","W",0,"9",0,"8","","8","",""
"250160050","BOLES£AWICE","2012","11","08",.3,"","W",0,"9",0,"8","","8","",""
"250160050","BOLES£AWICE","2012","11","11",.2,"","W",0,"9",0,"8","","8","",""
"250160050","BOLES£AWICE","2012","11","26",.2,"","W",0,"9",0,"8","","8","",""
"250160050","BOLES£AWICE","2012","11","27",.3,"","W",0,"9",0,"8","","8","",""
"250160050","BOLES£AWICE","2012","11","28",7.5,"","W",0,"9",0,"8","","8","",""
"250160050","BOLES£AWICE","2012","11","29",5.1,"","W",0,"9",0,"8","","8","",""
"250160050","BOLES£AWICE","2012","11","30",5.3,"","S",0,"9",0,"8","","8","",""
"250160060","SOB”TKA","2012","11","01",4.0,"","W",0,"9",0,"8","","8","",""
"250160060","SOB”TKA","2012","11","02",.1,"","W",0,"9",0,"8","","8","",""
"250160060","SOB”TKA","2012","11","03",.2,"","W",0,"9",0,"8","","8","",""
"250160060","SOB”TKA","2012","11","04",9.3,"","W",0,"9",0,"8","","8","",""
"250160060","SOB”TKA","2012","11","05",.7,"","W",0,"9",0,"8","","8","",""
"250160060","SOB”TKA","2012","11","06",.2,"","W",0,"9",0,"8","","8","",""
"250160060","SOB”TKA","2012","11","07",1.1,"","W",0,"9",0,"8","","8","",""
"250160060","SOB”TKA","2012","11","09",.1,"","W",0,"9",0,"8","","8","",""
"250160060","SOB”TKA","2012","11","11",1.5,"","W",0,"9",0,"8","","8","",""
"250160060","SOB”TKA","2012","11","18",.1,"","W",0,"9",0,"8","","8","",""
"250160060","SOB”TKA","2012","11","22",.2,"","W",0,"9",0,"8","","8","",""
"250160060","SOB”TKA","2012","11","27",.5,"","W",0,"9",0,"8","","8","",""
"250160060","SOB”TKA","2012","11","28",5.0,"","W",0,"9",0,"8","","8","",""
"250160060","SOB”TKA","2012","11","29",5.5,"","W",0,"9",0,"8","","8","",""
"250160060","SOB”TKA","2012","11","30",5.9,"","S",0,"9",0,"8","","8","",""
"250160070","BOR”W","2012","11","01",3.7,"","W",0,"9",0,"8","","8","",""
"250160070","BOR”W","2012","11","02",.1,"","W",0,"9",0,"8","","8","",""
"250160070","BOR”W","2012","11","03",.0,"","W",0,"9",0,"8","","8","",""
"250160070","BOR”W","2012","11","04",9.3,"","W",0,"9",0,"8","","8","",""
"250160070","BOR”W","2012","11","05",.8,"","W",0,"9",0,"8","","8","",""
"250160070","BOR”W","2012","11","06",.3,"","W",0,"9",0,"8","","8","",""
"250160070","BOR”W","2012","11","07",1.2,"","W",0,"9",0,"8","","8","",""
"250160070","BOR”W","2012","11","08",.3,"","W",0,"9",0,"8","","8","",""
"250160070","BOR”W","2012","11","09",.0,"","W",0,"9",0,"8","","8","",""
"250160070","BOR”W","2012","11","11",.0,"","W",0,"9",0,"8","","8","",""
"250160070","BOR”W","2012","11","18",.0,"","W",0,"9",0,"8","","8","",""
"250160070","BOR”W","2012","11","20",.0,"","W",0,"9",0,"8","","8","",""
"250160070","BOR”W","2012","11","22",.3,"","W",0,"9",0,"8","","8","",""
"250160070","BOR”W","2012","11","23",.2,"","W",0,"9",0,"8","","8","",""
"250160070","BOR”W","2012","11","24",.0,"","W",0,"9",0,"8","","8","",""
"250160070","BOR”W","2012","11","27",.6,"","W",0,"9",0,"8","","8","",""
"250160070","BOR”W","2012","11","28",2.5,"","W",0,"9",0,"8","","8","",""
"250160070","BOR”W","2012","11","29",3.7,"","W",0,"9",0,"8","","8","",""
"250160070","BOR”W","2012","11","30",4.0,"","S",0,"9",0,"8","","8","",""
"250160080","MYS£AK”W","2012","11","01",5.0,"","W",0,"9",0,"8","","8","",""
"250160080","MYS£AK”W","2012","11","03",.2,"","W",0,"9",0,"8","","8","",""
"250160080","MYS£AK”W","2012","11","04",10.0,"","W",0,"9",0,"8","","8","",""
"250160080","MYS£AK”W","2012","11","05",.2,"","W",0,"9",0,"8","","8","",""
"250160080","MYS£AK”W","2012","11","06",.3,"","W",0,"9",0,"8","","8","",""
"250160080","MYS£AK”W","2012","11","07",.3,"","W",0,"9",0,"8","","8","",""
"250160080","MYS£AK”W","2012","11","10",.3,"","W",0,"9",0,"8","","8","",""
"250160080","MYS£AK”W","2012","11","18",.2,"","W",0,"9",0,"8","","8","",""
"250160080","MYS£AK”W","2012","11","22",.5,"","W",0,"9",0,"8","","8","",""
"250160080","MYS£AK”W","2012","11","23",.3,"","W",0,"9",0,"8","","8","",""
"250160080","MYS£AK”W","2012","11","26",.1,"","W",0,"9",0,"8","","8","",""
"250160080","MYS£AK”W","2012","11","27",.2,"","W",0,"9",0,"8","","8","",""
"250160080","MYS£AK”W","2012","11","28",6.3,"","W",0,"9",0,"8","","8","",""
"250160080","MYS£AK”W","2012","11","29",3.2,"","W",0,"9",0,"8","","8","",""
"250160080","MYS£AK”W","2012","11","30",6.0,"","S",0,"9",0,"8","","8","",""
"250160110","GOSTK”W","2012","11","01",1.2,"","W",0,"9",0,"8","","8","",""
"250160110","GOSTK”W","2012","11","04",10.5,"","W",0,"9",0,"8","","8","",""
"250160110","GOSTK”W","2012","11","05",.8,"","W",0,"9",0,"8","","8","",""
"250160110","GOSTK”W","2012","11","07",2.5,"","W",0,"9",0,"8","","8","",""
"250160110","GOSTK”W","2012","11","26",.4,"","W",0,"9",0,"8","","8","",""
"250160110","GOSTK”W","2012","11","27",.3,"","W",0,"9",0,"8","","8","",""
"250160110","GOSTK”W","2012","11","28",7.5,"","W",0,"9",0,"8","","8","",""
"250160110","GOSTK”W","2012","11","29",10.7,"","S",0,"9",0,"8","","8","",""
"250160110","GOSTK”W","2012","11","30",4.7,"","S",0,"",0,"8","","8","SL",""
"250160120","LUBOMIN","2012","11","01",2.0,"","W",0,"9",0,"8","","8","",""
"250160120","LUBOMIN","2012","11","02",.5,"","W",0,"9",0,"8","","8","",""
"250160120","LUBOMIN","2012","11","04",10.1,"","W",0,"9",0,"8","","8","",""
"250160120","LUBOMIN","2012","11","05",1.0,"","W",0,"9",0,"8","","8","",""
"250160120","LUBOMIN","2012","11","07",.8,"","W",0,"9",0,"8","","8","",""
"250160120","LUBOMIN","2012","11","08",.2,"","W",0,"9",0,"8","","8","",""
"250160120","LUBOMIN","2012","11","27",.3,"","W",0,"9",0,"8","","8","",""
"250160120","LUBOMIN","2012","11","28",3.4,"","W",0,"9",0,"8","","8","",""
"250160120","LUBOMIN","2012","11","29",4.1,"","S",0,"9",0,"8","","8","",""
"250160120","LUBOMIN","2012","11","30",7.5,"","S",1,"",0,"8","","8","*",""
"250160140","£AGIEWNIKI","2012","11","01",4.7,"","W",0,"9",0,"8","","8","",""
"250160140","£AGIEWNIKI","2012","11","04",10.1,"","W",0,"9",0,"8","","8","",""
"250160140","£AGIEWNIKI","2012","11","05",.6,"","W",0,"9",0,"8","","8","",""
"250160140","£AGIEWNIKI","2012","11","06",.3,"","W",0,"9",0,"8","","8","",""
"250160140","£AGIEWNIKI","2012","11","07",.2,"","W",0,"9",0,"8","","8","",""
"250160140","£AGIEWNIKI","2012","11","22",.8,"","W",0,"9",0,"8","","8","",""
"250160140","£AGIEWNIKI","2012","11","26",.3,"","W",0,"9",0,"8","","8","",""
"250160140","£AGIEWNIKI","2012","11","27",.6,"","W",0,"9",0,"8","","8","",""
"250160140","£AGIEWNIKI","2012","11","28",3.2,"","W",0,"9",0,"8","","8","",""
"250160140","£AGIEWNIKI","2012","11","29",1.6,"","W",0,"9",0,"8","","8","",""
"250160140","£AGIEWNIKI","2012","11","30",5.0,"","S",0,"9",0,"8","","8","",""
"250160150","KAMIENNA G”RA","2012","11","01",3.4,"","W",0,"9",0,"8","","8","",""
"250160150","KAMIENNA G”RA","2012","11","02",2.0,"","W",0,"9",0,"8","","8","",""
"250160150","KAMIENNA G”RA","2012","11","03",.0,"","W",0,"9",0,"8","","8","",""
"250160150","KAMIENNA G”RA","2012","11","04",8.5,"","W",0,"9",0,"8","","8","",""
"250160150","KAMIENNA G”RA","2012","11","05",.5,"","W",0,"9",0,"8","","8","",""
"250160150","KAMIENNA G”RA","2012","11","07",.9,"","W",0,"9",0,"8","","8","",""
"250160150","KAMIENNA G”RA","2012","11","08",1.2,"","W",0,"9",0,"8","","8","",""
"250160150","KAMIENNA G”RA","2012","11","09",.2,"","W",0,"9",0,"8","","8","",""
"250160150","KAMIENNA G”RA","2012","11","11",.1,"","W",0,"9",0,"8","","8","",""
"250160150","KAMIENNA G”RA","2012","11","21",.2,"","W",0,"9",0,"8","","8","",""
"250160150","KAMIENNA G”RA","2012","11","26",.0,"","W",0,"9",0,"8","","8","",""
"250160150","KAMIENNA G”RA","2012","11","27",.2,"","W",0,"9",0,"8","","8","",""
"250160150","KAMIENNA G”RA","2012","11","28",9.3,"","W",0,"9",0,"8","","8","",""
"250160150","KAMIENNA G”RA","2012","11","29",10.8,"","S",0,"9",0,"8","","8","",""
"250160150","KAMIENNA G”RA","2012","11","30",3.4,"","S",4,"",0,"8","","8","*",""
"250160160","WA£BRZYCH","2012","11","01",4.5,"","W",0,"9",0,"8","","8","",""
"250160160","WA£BRZYCH","2012","11","03",.3,"","W",0,"9",0,"8","","8","",""
"250160160","WA£BRZYCH","2012","11","04",10.0,"","W",0,"9",0,"8","","8","",""
"250160160","WA£BRZYCH","2012","11","05",.3,"","W",0,"9",0,"8","","8","",""
"250160160","WA£BRZYCH","2012","11","06",.1,"","W",0,"9",0,"8","","8","",""
"250160160","WA£BRZYCH","2012","11","07",.3,"","W",0,"9",0,"8","","8","",""
"250160160","WA£BRZYCH","2012","11","11",.4,"","W",0,"9",0,"8","","8","",""
"250160160","WA£BRZYCH","2012","11","22",.1,"","W",0,"9",0,"8","","8","",""
"250160160","WA£BRZYCH","2012","11","26",.1,"","W",0,"9",0,"8","","8","",""
"250160160","WA£BRZYCH","2012","11","27",.1,"","W",0,"9",0,"8","","8","",""
"250160160","WA£BRZYCH","2012","11","28",12.0,"","W",0,"9",0,"8","","8","",""
"250160160","WA£BRZYCH","2012","11","29",2.8,"","S",0,"9",0,"8","","8","",""
"250160160","WA£BRZYCH","2012","11","30",4.7,"","S",3,"",0,"8","","8","*",""
"250160170","LUBACH”W","2012","11","01",5.1,"","W",0,"9",0,"8","","8","",""
"250160170","LUBACH”W","2012","11","02",.2,"","W",0,"9",0,"8","","8","",""
"250160170","LUBACH”W","2012","11","04",10.9,"","W",0,"9",0,"8","","8","",""
"250160170","LUBACH”W","2012","11","05",.8,"","W",0,"9",0,"8","","8","",""
"250160170","LUBACH”W","2012","11","06",.0,"","W",0,"9",0,"8","","8","",""
"250160170","LUBACH”W","2012","11","11",.2,"","W",0,"9",0,"8","","8","",""
"250160170","LUBACH”W","2012","11","22",.0,"","W",0,"9",0,"8","","8","",""
"250160170","LUBACH”W","2012","11","23",.2,"","W",0,"9",0,"8","","8","",""
"250160170","LUBACH”W","2012","11","26",.0,"","W",0,"9",0,"8","","8","",""
"250160170","LUBACH”W","2012","11","27",.2,"","W",0,"9",0,"8","","8","",""
"250160170","LUBACH”W","2012","11","28",7.1,"","W",0,"9",0,"8","","8","",""
"250160170","LUBACH”W","2012","11","29",4.6,"","W",0,"9",0,"8","","8","",""
"250160170","LUBACH”W","2012","11","30",4.2,"","S",0,"9",0,"8","","8","",""
"250160180","KRZESZ”W","2012","11","01",3.0,"","W",0,"9",0,"8","","8","",""
"250160180","KRZESZ”W","2012","11","02",2.0,"","W",0,"9",0,"8","","8","",""
"250160180","KRZESZ”W","2012","11","03",.0,"","W",0,"9",0,"8","","8","",""
"250160180","KRZESZ”W","2012","11","04",10.0,"","W",0,"9",0,"8","","8","",""
"250160180","KRZESZ”W","2012","11","05",2.0,"","W",0,"9",0,"8","","8","",""
"250160180","KRZESZ”W","2012","11","07",1.0,"","W",0,"9",0,"8","","8","",""
"250160180","KRZESZ”W","2012","11","08",2.0,"","W",0,"9",0,"8","","8","",""
"250160180","KRZESZ”W","2012","11","26",1.0,"","W",0,"9",0,"8","","8","",""
"250160180","KRZESZ”W","2012","11","27",2.0,"","W",0,"9",0,"8","","8","",""
"250160180","KRZESZ”W","2012","11","28",13.0,"","W",0,"9",0,"8","","8","",""
"250160180","KRZESZ”W","2012","11","29",6.0,"","S",0,"9",0,"8","","8","",""
"250160180","KRZESZ”W","2012","11","30",8.0,"","S",10,"",0,"8","","8","*",""
"250160190","BOGUSZ”W-GORCE","2012","11","01",2.6,"","W",0,"9",0,"8","","8","",""
"250160190","BOGUSZ”W-GORCE","2012","11","02",1.1,"","W",0,"9",0,"8","","8","",""
"250160190","BOGUSZ”W-GORCE","2012","11","04",8.6,"","W",0,"9",0,"8","","8","",""
"250160190","BOGUSZ”W-GORCE","2012","11","05",.5,"","W",0,"9",0,"8","","8","",""
"250160190","BOGUSZ”W-GORCE","2012","11","06",.0,"","W",0,"9",0,"8","","8","",""
"250160190","BOGUSZ”W-GORCE","2012","11","07",.8,"","W",0,"9",0,"8","","8","",""
"250160190","BOGUSZ”W-GORCE","2012","11","08",1.2,"","W",0,"9",0,"8","","8","",""
"250160190","BOGUSZ”W-GORCE","2012","11","11",.1,"","W",0,"9",0,"8","","8","",""
"250160190","BOGUSZ”W-GORCE","2012","11","27",.0,"","W",0,"9",0,"8","","8","",""
"250160190","BOGUSZ”W-GORCE","2012","11","28",6.3,"","W",0,"9",0,"8","","8","",""
"250160190","BOGUSZ”W-GORCE","2012","11","29",5.0,"","S",0,"9",0,"8","","8","",""
"250160190","BOGUSZ”W-GORCE","2012","11","30",3.3,"","S",2,"",0,"8","","8","*",""
"250160210","WA£BRZYCH II","2012","11","01",6.0,"","W",0,"9",0,"8","","8","",""
"250160210","WA£BRZYCH II","2012","11","02",1.2,"","W",0,"9",0,"8","","8","",""
"250160210","WA£BRZYCH II","2012","11","04",8.9,"","W",0,"9",0,"8","","8","",""
"250160210","WA£BRZYCH II","2012","11","05",1.0,"","W",0,"9",0,"8","","8","",""
"250160210","WA£BRZYCH II","2012","11","06",.6,"","W",0,"9",0,"8","","8","",""
"250160210","WA£BRZYCH II","2012","11","07",1.0,"","W",0,"9",0,"8","","8","",""
"250160210","WA£BRZYCH II","2012","11","08",.6,"","W",0,"9",0,"8","","8","",""
"250160210","WA£BRZYCH II","2012","11","11",.4,"","W",0,"9",0,"8","","8","",""
"250160210","WA£BRZYCH II","2012","11","22",.5,"","W",0,"9",0,"8","","8","",""
"250160210","WA£BRZYCH II","2012","11","28",10.9,"","W",0,"9",0,"8","","8","",""
"250160210","WA£BRZYCH II","2012","11","29",5.1,"","S",0,"9",0,"8","","8","",""
"250160210","WA£BRZYCH II","2012","11","30",5.5,"","S",4,"",0,"8","","8","*",""
"250160220","JEDLINA-ZDR”J","2012","11","01",5.1,"","W",0,"9",0,"8","","8","PL",""
"250160220","JEDLINA-ZDR”J","2012","11","02",.5,"","W",0,"9",0,"8","","8","",""
"250160220","JEDLINA-ZDR”J","2012","11","04",13.4,"","W",0,"9",0,"8","","8","",""
"250160220","JEDLINA-ZDR”J","2012","11","05",.7,"","W",0,"9",0,"8","","8","",""
"250160220","JEDLINA-ZDR”J","2012","11","06",.8,"","W",0,"9",0,"8","","8","",""
"250160220","JEDLINA-ZDR”J","2012","11","08",.2,"","W",0,"9",0,"8","","8","",""
"250160220","JEDLINA-ZDR”J","2012","11","22",.3,"","W",0,"9",0,"8","","8","",""
"250160220","JEDLINA-ZDR”J","2012","11","26",.1,"","W",0,"9",0,"8","","8","",""
"250160220","JEDLINA-ZDR”J","2012","11","28",8.0,"","W",0,"9",0,"8","","8","",""
"250160220","JEDLINA-ZDR”J","2012","11","29",5.6,"","S",0,"9",0,"8","","8","",""
"250160220","JEDLINA-ZDR”J","2012","11","30",1.2,"","S",0,"",0,"8","","8","SL",""
"250160230","NIEMCZA","2012","11","01",4.7,"","W",0,"9",0,"8","","8","",""
"250160230","NIEMCZA","2012","11","04",14.8,"","W",0,"9",0,"8","","8","",""
"250160230","NIEMCZA","2012","11","05",2.4,"","W",0,"9",0,"8","","8","",""
"250160230","NIEMCZA","2012","11","07",.5,"","W",0,"9",0,"8","","8","",""
"250160230","NIEMCZA","2012","11","08",.9,"","W",0,"9",0,"8","","8","",""
"250160230","NIEMCZA","2012","11","11",.2,"","W",0,"9",0,"8","","8","",""
"250160230","NIEMCZA","2012","11","22",1.4,"","W",0,"9",0,"8","","8","",""
"250160230","NIEMCZA","2012","11","23",.7,"","W",0,"9",0,"8","","8","",""
"250160230","NIEMCZA","2012","11","26",.2,"","W",0,"9",0,"8","","8","",""
"250160230","NIEMCZA","2012","11","27",.4,"","W",0,"9",0,"8","","8","",""
"250160230","NIEMCZA","2012","11","28",2.9,"","W",0,"9",0,"8","","8","",""
"250160230","NIEMCZA","2012","11","29",1.4,"","W",0,"9",0,"8","","8","",""
"250160230","NIEMCZA","2012","11","30",3.3,"","S",0,"9",0,"8","","8","",""
"250160240","UNIS£AW åL•SKI","2012","11","01",5.7,"","W",5,"",0,"8","","8","*PRZ",""
"250160240","UNIS£AW åL•SKI","2012","11","02",1.1,"","W",0,"9",0,"8","","8","",""
"250160240","UNIS£AW åL•SKI","2012","11","03",1.3,"","W",0,"9",0,"8","","8","",""
"250160240","UNIS£AW åL•SKI","2012","11","04",16.5,"","W",0,"9",0,"8","","8","",""
"250160240","UNIS£AW åL•SKI","2012","11","05",4.0,"","W",0,"9",0,"8","","8","",""
"250160240","UNIS£AW åL•SKI","2012","11","06",4.9,"","W",0,"9",0,"8","","8","",""
"250160240","UNIS£AW åL•SKI","2012","11","07",3.0,"","W",0,"9",0,"8","","8","",""
"250160240","UNIS£AW åL•SKI","2012","11","08",1.0,"","W",0,"9",0,"8","","8","",""
"250160240","UNIS£AW åL•SKI","2012","11","12",1.5,"","W",0,"9",0,"8","","8","",""
"250160240","UNIS£AW åL•SKI","2012","11","21",.7,"","W",0,"9",0,"8","","8","",""
"250160240","UNIS£AW åL•SKI","2012","11","22",1.0,"","W",0,"9",0,"8","","8","",""
"250160240","UNIS£AW åL•SKI","2012","11","28",8.4,"","W",0,"9",0,"8","","8","",""
"250160240","UNIS£AW åL•SKI","2012","11","29",5.5,"","S",0,"9",0,"8","","8","",""
"250160240","UNIS£AW åL•SKI","2012","11","30",3.4,"","S",3,"",0,"8","","8","*",""
"250160250","ROåCISZ”W","2012","11","01",3.0,"","W",0,"9",0,"8","","8","",""
"250160250","ROåCISZ”W","2012","11","04",14.1,"","W",0,"9",0,"8","","8","",""
"250160250","ROåCISZ”W","2012","11","05",1.7,"","W",0,"9",0,"8","","8","",""
"250160250","ROåCISZ”W","2012","11","06",.1,"","W",0,"9",0,"8","","8","",""
"250160250","ROåCISZ”W","2012","11","08",.1,"","W",0,"9",0,"8","","8","",""
"250160250","ROåCISZ”W","2012","11","11",.1,"","W",0,"9",0,"8","","8","",""
"250160250","ROåCISZ”W","2012","11","21",.1,"","W",0,"9",0,"8","","8","",""
"250160250","ROåCISZ”W","2012","11","22",.2,"","W",0,"9",0,"8","","8","",""
"250160250","ROåCISZ”W","2012","11","26",.3,"","W",0,"9",0,"8","","8","",""
"250160250","ROåCISZ”W","2012","11","27",.2,"","W",0,"9",0,"8","","8","",""
"250160250","ROåCISZ”W","2012","11","28",7.8,"","W",0,"9",0,"8","","8","",""
"250160250","ROåCISZ”W","2012","11","29",2.3,"","W",0,"9",0,"8","","8","",""
"250160250","ROåCISZ”W","2012","11","30",3.5,"","S",0,"9",0,"8","","8","",""
"250160260","DZIERØONI”W","2012","11","01",2.3,"","W",0,"9",0,"8","","8","",""
"250160260","DZIERØONI”W","2012","11","02",.4,"","W",0,"9",0,"8","","8","",""
"250160260","DZIERØONI”W","2012","11","04",12.9,"","W",0,"9",0,"8","","8","",""
"250160260","DZIERØONI”W","2012","11","05",1.0,"","W",0,"9",0,"8","","8","",""
"250160260","DZIERØONI”W","2012","11","08",.0,"","W",0,"9",0,"8","","8","",""
"250160260","DZIERØONI”W","2012","11","11",.0,"","W",0,"9",0,"8","","8","",""
"250160260","DZIERØONI”W","2012","11","22",.9,"","W",0,"9",0,"8","","8","",""
"250160260","DZIERØONI”W","2012","11","27",.0,"","W",0,"9",0,"8","","8","",""
"250160260","DZIERØONI”W","2012","11","28",3.6,"","W",0,"9",0,"8","","8","",""
"250160260","DZIERØONI”W","2012","11","29",3.5,"","W",0,"9",0,"8","","8","",""
"250160260","DZIERØONI”W","2012","11","30",2.6,"","S",0,"9",0,"8","","8","",""
"250160270","WALIM","2012","11","01",5.6,"","W",0,"9",0,"8","","8","",""
"250160270","WALIM","2012","11","02",.1,"","W",0,"9",0,"8","","8","",""
"250160270","WALIM","2012","11","03",.2,"","W",0,"9",0,"8","","8","",""
"250160270","WALIM","2012","11","04",11.5,"","W",0,"9",0,"8","","8","",""
"250160270","WALIM","2012","11","05",.2,"","W",0,"9",0,"8","","8","",""
"250160270","WALIM","2012","11","06",.1,"","W",0,"9",0,"8","","8","",""
"250160270","WALIM","2012","11","07",.8,"","W",0,"9",0,"8","","8","",""
"250160270","WALIM","2012","11","20",.1,"","W",0,"9",0,"8","","8","",""
"250160270","WALIM","2012","11","22",.3,"","W",0,"9",0,"8","","8","",""
"250160270","WALIM","2012","11","26",.1,"","W",0,"9",0,"8","","8","",""
"250160270","WALIM","2012","11","27",.0,"","W",0,"9",0,"8","","8","",""
"250160270","WALIM","2012","11","28",6.9,"","W",0,"9",0,"8","","8","",""
"250160270","WALIM","2012","11","29",4.8,"","S",0,"9",0,"8","","8","",""
"250160270","WALIM","2012","11","30",4.9,"","S",0,"",0,"8","","8","SL",""
"250160280","PI£AWA G”RNA","2012","11","01",6.2,"","W",0,"9",0,"8","","8","",""
"250160280","PI£AWA G”RNA","2012","11","02",.2,"","W",0,"9",0,"8","","8","",""
"250160280","PI£AWA G”RNA","2012","11","04",11.9,"","W",0,"9",0,"8","","8","",""
"250160280","PI£AWA G”RNA","2012","11","05",.3,"","W",0,"9",0,"8","","8","",""
"250160280","PI£AWA G”RNA","2012","11","22",1.3,"","W",0,"9",0,"8","","8","",""
"250160280","PI£AWA G”RNA","2012","11","27",.3,"","W",0,"9",0,"8","","8","",""
"250160280","PI£AWA G”RNA","2012","11","28",2.2,"","W",0,"9",0,"8","","8","",""
"250160280","PI£AWA G”RNA","2012","11","29",2.0,"","S",0,"9",0,"8","","8","",""
"250160280","PI£AWA G”RNA","2012","11","30",3.2,"","S",0,"9",0,"8","","8","",""
"250160290","CHE£MSKO åL•SKIE","2012","11","01",5.8,"","W",0,"9",0,"8","","8","",""
"250160290","CHE£MSKO åL•SKIE","2012","11","02",2.3,"","W",0,"9",0,"8","","8","",""
"250160290","CHE£MSKO åL•SKIE","2012","11","03",.1,"","W",0,"9",0,"8","","8","",""
"250160290","CHE£MSKO åL•SKIE","2012","11","04",9.2,"","W",0,"9",0,"8","","8","",""
"250160290","CHE£MSKO åL•SKIE","2012","11","05",2.2,"","W",0,"9",0,"8","","8","",""
"250160290","CHE£MSKO åL•SKIE","2012","11","06",.2,"","W",0,"9",0,"8","","8","",""
"250160290","CHE£MSKO åL•SKIE","2012","11","07",.6,"","W",0,"9",0,"8","","8","",""
"250160290","CHE£MSKO åL•SKIE","2012","11","08",.5,"","W",0,"9",0,"8","","8","",""
"250160290","CHE£MSKO åL•SKIE","2012","11","09",.3,"","W",0,"9",0,"8","","8","",""
"250160290","CHE£MSKO åL•SKIE","2012","11","11",.2,"","W",0,"9",0,"8","","8","",""
"250160290","CHE£MSKO åL•SKIE","2012","11","21",.3,"","W",0,"9",0,"8","","8","",""
"250160290","CHE£MSKO åL•SKIE","2012","11","23",.1,"","W",0,"9",0,"8","","8","",""
"250160290","CHE£MSKO åL•SKIE","2012","11","26",.0,"","W",0,"9",0,"8","","8","",""
"250160290","CHE£MSKO åL•SKIE","2012","11","27",.1,"","W",0,"9",0,"8","","8","",""
"250160290","CHE£MSKO åL•SKIE","2012","11","28",10.0,"","W",0,"9",0,"8","","8","",""
"250160290","CHE£MSKO åL•SKIE","2012","11","29",8.0,"","S",0,"9",0,"8","","8","",""
"250160290","CHE£MSKO åL•SKIE","2012","11","30",4.5,"","S",0,"",0,"8","","8","SL",""
"250160310","MIEROSZ”W","2012","11","01",6.4,"","W",0,"9",0,"8","","8","",""
"250160310","MIEROSZ”W","2012","11","02",.6,"","W",0,"9",0,"8","","8","",""
"250160310","MIEROSZ”W","2012","11","04",10.3,"","W",0,"9",0,"8","","8","",""
"250160310","MIEROSZ”W","2012","11","05",3.1,"","W",0,"9",0,"8","","8","",""
"250160310","MIEROSZ”W","2012","11","06",.1,"","W",0,"9",0,"8","","8","",""
"250160310","MIEROSZ”W","2012","11","07",1.1,"","W",0,"9",0,"8","","8","",""
"250160310","MIEROSZ”W","2012","11","08",.4,"","W",0,"9",0,"8","","8","",""
"250160310","MIEROSZ”W","2012","11","21",.4,"","W",0,"9",0,"8","","8","",""
"250160310","MIEROSZ”W","2012","11","23",.1,"","W",0,"9",0,"8","","8","",""
"250160310","MIEROSZ”W","2012","11","28",6.6,"","W",0,"9",0,"8","","8","",""
"250160310","MIEROSZ”W","2012","11","29",6.0,"","W",0,"9",0,"8","","8","",""
"250160310","MIEROSZ”W","2012","11","30",4.8,"","S",0,"",0,"8","","8","SL",""
"250160320","OSTROSZOWICE","2012","11","01",.6,"","W",0,"9",0,"8","","8","",""
"250160320","OSTROSZOWICE","2012","11","02",.4,"","W",0,"9",0,"8","","8","",""
"250160320","OSTROSZOWICE","2012","11","03",.1,"","W",0,"9",0,"8","","8","",""
"250160320","OSTROSZOWICE","2012","11","04",14.3,"","W",0,"9",0,"8","","8","",""
"250160320","OSTROSZOWICE","2012","11","05",1.6,"","W",0,"9",0,"8","","8","",""
"250160320","OSTROSZOWICE","2012","11","06",.1,"","S",0,"9",0,"8","","8","",""
"250160320","OSTROSZOWICE","2012","11","07",.5,"","W",0,"9",0,"8","","8","",""
"250160320","OSTROSZOWICE","2012","11","08",.4,"","W",0,"9",0,"8","","8","",""
"250160320","OSTROSZOWICE","2012","11","11",.2,"","W",0,"9",0,"8","","8","",""
"250160320","OSTROSZOWICE","2012","11","12",.4,"","W",0,"9",0,"8","","8","",""
"250160320","OSTROSZOWICE","2012","11","13",.0,"","W",0,"9",0,"8","","8","",""
"250160320","OSTROSZOWICE","2012","11","18",.0,"","W",0,"9",0,"8","","8","",""
"250160320","OSTROSZOWICE","2012","11","19",.0,"","W",0,"9",0,"8","","8","",""
"250160320","OSTROSZOWICE","2012","11","21",.0,"","W",0,"9",0,"8","","8","",""
"250160320","OSTROSZOWICE","2012","11","22",1.1,"","W",0,"9",0,"8","","8","",""
"250160320","OSTROSZOWICE","2012","11","23",.5,"","W",0,"9",0,"8","","8","",""
"250160320","OSTROSZOWICE","2012","11","24",.0,"","W",0,"9",0,"8","","8","",""
"250160320","OSTROSZOWICE","2012","11","26",.1,"","W",0,"9",0,"8","","8","",""
"250160320","OSTROSZOWICE","2012","11","27",.2,"","W",0,"9",0,"8","","8","",""
"250160320","OSTROSZOWICE","2012","11","28",4.5,"","W",0,"9",0,"8","","8","",""
"250160320","OSTROSZOWICE","2012","11","29",3.8,"","S",0,"9",0,"8","","8","",""
"250160320","OSTROSZOWICE","2012","11","30",3.4,"","S",0,"9",0,"8","","8","",""
"250160340","DWORKI","2012","11","01",1.9,"","W",0,"9",0,"8","","8","PL",""
"250160340","DWORKI","2012","11","02",.2,"","W",0,"9",0,"8","","8","",""
"250160340","DWORKI","2012","11","03",.1,"","W",0,"9",0,"8","","8","",""
"250160340","DWORKI","2012","11","04",11.6,"","W",0,"9",0,"8","","8","",""
"250160340","DWORKI","2012","11","05",2.6,"","W",0,"9",0,"8","","8","",""
"250160340","DWORKI","2012","11","06",1.0,"","W",0,"9",0,"8","","8","",""
"250160340","DWORKI","2012","11","07",3.2,"","W",0,"9",0,"8","","8","",""
"250160340","DWORKI","2012","11","08",1.6,"","W",0,"9",0,"8","","8","",""
"250160340","DWORKI","2012","11","09",.8,"","W",0,"9",0,"8","","8","",""
"250160340","DWORKI","2012","11","10",.2,"","W",0,"9",0,"8","","8","",""
"250160340","DWORKI","2012","11","12",.1,"","W",0,"9",0,"8","","8","",""
"250160340","DWORKI","2012","11","13",.1,"","W",0,"9",0,"8","","8","",""
"250160340","DWORKI","2012","11","22",.6,"","W",0,"9",0,"8","","8","",""
"250160340","DWORKI","2012","11","23",.2,"","W",0,"9",0,"8","","8","",""
"250160340","DWORKI","2012","11","28",5.9,"","W",0,"9",0,"8","","8","",""
"250160340","DWORKI","2012","11","29",4.4,"","W",0,"9",0,"8","","8","",""
"250160340","DWORKI","2012","11","30",5.3,"","S",0,"9",0,"8","","8","",""
"250160350","SREBRNA G”RA","2012","11","02",.1,"","W",0,"9",0,"8","","8","",""
"250160350","SREBRNA G”RA","2012","11","04",13.6,"","W",0,"9",0,"8","","8","",""
"250160350","SREBRNA G”RA","2012","11","05",3.3,"","W",0,"9",0,"8","","8","",""
"250160350","SREBRNA G”RA","2012","11","06",.1,"","W",0,"9",0,"8","","8","",""
"250160350","SREBRNA G”RA","2012","11","07",1.9,"","W",0,"9",0,"8","","8","",""
"250160350","SREBRNA G”RA","2012","11","08",2.0,"","W",0,"9",0,"8","","8","",""
"250160350","SREBRNA G”RA","2012","11","12",1.0,"","W",0,"9",0,"8","","8","",""
"250160350","SREBRNA G”RA","2012","11","15",.1,"","W",0,"9",0,"8","","8","",""
"250160350","SREBRNA G”RA","2012","11","22",1.1,"","W",0,"9",0,"8","","8","",""
"250160350","SREBRNA G”RA","2012","11","23",1.0,"","W",0,"9",0,"8","","8","",""
"250160350","SREBRNA G”RA","2012","11","26",.0,"","W",0,"9",0,"8","","8","",""
"250160350","SREBRNA G”RA","2012","11","27",.0,"","W",0,"9",0,"8","","8","",""
"250160350","SREBRNA G”RA","2012","11","28",4.1,"","W",0,"9",0,"8","","8","",""
"250160350","SREBRNA G”RA","2012","11","29",2.3,"","S",0,"9",0,"8","","8","",""
"250160350","SREBRNA G”RA","2012","11","30",3.4,"","S",0,"9",0,"8","","8","",""
"250160370","NOWA RUDA-S£UPIEC","2012","11","01",.1,"","W",0,"9",0,"8","","8","",""
"250160370","NOWA RUDA-S£UPIEC","2012","11","02",.3,"","W",0,"9",0,"8","","8","",""
"250160370","NOWA RUDA-S£UPIEC","2012","11","04",16.3,"","W",0,"9",0,"8","","8","",""
"250160370","NOWA RUDA-S£UPIEC","2012","11","05",1.8,"","W",0,"9",0,"8","","8","",""
"250160370","NOWA RUDA-S£UPIEC","2012","11","06",.1,"","W",0,"9",0,"8","","8","",""
"250160370","NOWA RUDA-S£UPIEC","2012","11","07",.7,"","W",0,"9",0,"8","","8","",""
"250160370","NOWA RUDA-S£UPIEC","2012","11","08",.1,"","W",0,"9",0,"8","","8","",""
"250160370","NOWA RUDA-S£UPIEC","2012","11","12",1.0,"","W",0,"9",0,"8","","8","",""
"250160370","NOWA RUDA-S£UPIEC","2012","11","21",.1,"","W",0,"9",0,"8","","8","",""
"250160370","NOWA RUDA-S£UPIEC","2012","11","22",.1,"","W",0,"9",0,"8","","8","",""
"250160370","NOWA RUDA-S£UPIEC","2012","11","23",.1,"","W",0,"9",0,"8","","8","",""
"250160370","NOWA RUDA-S£UPIEC","2012","11","27",1.8,"","W",0,"9",0,"8","","8","",""
"250160370","NOWA RUDA-S£UPIEC","2012","11","28",3.3,"","W",0,"9",0,"8","","8","",""
"250160370","NOWA RUDA-S£UPIEC","2012","11","29",2.5,"","S",0,"9",0,"8","","8","",""
"250160370","NOWA RUDA-S£UPIEC","2012","11","30",3.4,"","S",0,"9",0,"8","","8","PL",""
"250160380","GAJ”W","2012","11","01",.0,"","W",0,"9",0,"8","","8","",""
"250160380","GAJ”W","2012","11","02",.0,"","W",0,"9",0,"8","","8","",""
"250160380","GAJ”W","2012","11","04",14.4,"","W",0,"9",0,"8","","8","",""
"250160380","GAJ”W","2012","11","05",.4,"","W",0,"9",0,"8","","8","",""
"250160380","GAJ”W","2012","11","12",1.2,"","W",0,"9",0,"8","","8","",""
"250160380","GAJ”W","2012","11","22",2.0,"","W",0,"9",0,"8","","8","",""
"250160380","GAJ”W","2012","11","23",.0,"","W",0,"9",0,"8","","8","",""
"250160380","GAJ”W","2012","11","28",5.3,"","W",0,"9",0,"8","","8","",""
"250160380","GAJ”W","2012","11","29",2.4,"","S",0,"9",0,"8","","8","",""
"250160380","GAJ”W","2012","11","30",3.3,"","S",0,"",0,"8","","8","SL",""
"250160390","KAMIENIEC Z•BKOWICKI","2012","11","01",8.7,"","W",0,"9",0,"8","","8","",""
"250160390","KAMIENIEC Z•BKOWICKI","2012","11","04",18.9,"","W",0,"9",0,"8","","8","",""
"250160390","KAMIENIEC Z•BKOWICKI","2012","11","05",5.4,"","W",0,"9",0,"8","","8","",""
"250160390","KAMIENIEC Z•BKOWICKI","2012","11","07",.0,"","W",0,"9",0,"8","","8","",""
"250160390","KAMIENIEC Z•BKOWICKI","2012","11","11",.0,"","W",0,"9",0,"8","","8","",""
"250160390","KAMIENIEC Z•BKOWICKI","2012","11","12",1.2,"","W",0,"9",0,"8","","8","",""
"250160390","KAMIENIEC Z•BKOWICKI","2012","11","18",.8,"","W",0,"9",0,"8","","8","",""
"250160390","KAMIENIEC Z•BKOWICKI","2012","11","20",.7,"","W",0,"9",0,"8","","8","",""
"250160390","KAMIENIEC Z•BKOWICKI","2012","11","22",.0,"","W",0,"9",0,"8","","8","",""
"250160390","KAMIENIEC Z•BKOWICKI","2012","11","26",.0,"","W",0,"9",0,"8","","8","",""
"250160390","KAMIENIEC Z•BKOWICKI","2012","11","27",.0,"","W",0,"9",0,"8","","8","",""
"250160390","KAMIENIEC Z•BKOWICKI","2012","11","28",2.1,"","W",0,"9",0,"8","","8","",""
"250160390","KAMIENIEC Z•BKOWICKI","2012","11","29",3.0,"","W",0,"9",0,"8","","8","",""
"250160390","KAMIENIEC Z•BKOWICKI","2012","11","30",1.1,"","S",0,"9",0,"8","","8","",""
"250160410","BARDO åL•SKIE","2012","11","01",.0,"","W",0,"9",0,"8","","8","",""
"250160410","BARDO åL•SKIE","2012","11","02",1.5,"","W",0,"9",0,"8","","8","",""
"250160410","BARDO åL•SKIE","2012","11","03",.0,"","W",0,"9",0,"8","","8","",""
"250160410","BARDO åL•SKIE","2012","11","04",18.2,"","W",0,"9",0,"8","","8","",""
"250160410","BARDO åL•SKIE","2012","11","05",2.7,"","W",0,"9",0,"8","","8","",""
"250160410","BARDO åL•SKIE","2012","11","06",.0,"","W",0,"9",0,"8","","8","",""
"250160410","BARDO åL•SKIE","2012","11","08",.0,"","W",0,"9",0,"8","","8","",""
"250160410","BARDO åL•SKIE","2012","11","09",.0,"","W",0,"9",0,"8","","8","",""
"250160410","BARDO åL•SKIE","2012","11","12",1.1,"","W",0,"9",0,"8","","8","",""
"250160410","BARDO åL•SKIE","2012","11","22",2.1,"","W",0,"9",0,"8","","8","",""
"250160410","BARDO åL•SKIE","2012","11","23",.7,"","W",0,"9",0,"8","","8","",""
"250160410","BARDO åL•SKIE","2012","11","26",.2,"","W",0,"9",0,"8","","8","",""
"250160410","BARDO åL•SKIE","2012","11","28",3.2,"","W",0,"9",0,"8","","8","",""
"250160410","BARDO åL•SKIE","2012","11","29",1.8,"","W",0,"9",0,"8","","8","",""
"250160410","BARDO åL•SKIE","2012","11","30",2.9,"","W",0,"9",0,"8","","8","",""
"250160420","PASTERKA","2012","11","01",1.1,"","W",0,"9",0,"8","","8","",""
"250160420","PASTERKA","2012","11","02",.1,"","W",0,"9",0,"8","","8","",""
"250160420","PASTERKA","2012","11","03",1.5,"","W",0,"9",0,"8","","8","",""
"250160420","PASTERKA","2012","11","04",11.2,"","W",0,"9",0,"8","","8","",""
"250160420","PASTERKA","2012","11","05",1.0,"","W",0,"9",0,"8","","8","",""
"250160420","PASTERKA","2012","11","06",2.8,"","W",0,"9",0,"8","","8","",""
"250160420","PASTERKA","2012","11","07",1.3,"","W",0,"9",0,"8","","8","",""
"250160420","PASTERKA","2012","11","08",.9,"","W",0,"9",0,"8","","8","",""
"250160420","PASTERKA","2012","11","12",1.2,"","W",0,"9",0,"8","","8","",""
"250160420","PASTERKA","2012","11","13",.0,"","W",0,"9",0,"8","","8","",""
"250160420","PASTERKA","2012","11","15",.1,"","W",0,"9",0,"8","","8","",""
"250160420","PASTERKA","2012","11","16",.0,"","W",0,"9",0,"8","","8","",""
"250160420","PASTERKA","2012","11","17",.2,"","W",0,"9",0,"8","","8","",""
"250160420","PASTERKA","2012","11","18",.0,"","W",0,"9",0,"8","","8","",""
"250160420","PASTERKA","2012","11","21",1.1,"","W",0,"9",0,"8","","8","",""
"250160420","PASTERKA","2012","11","22",1.1,"","W",0,"9",0,"8","","8","",""
"250160420","PASTERKA","2012","11","23",.2,"","W",0,"9",0,"8","","8","",""
"250160420","PASTERKA","2012","11","24",.3,"","W",0,"9",0,"8","","8","",""
"250160420","PASTERKA","2012","11","25",.2,"","W",0,"9",0,"8","","8","",""
"250160420","PASTERKA","2012","11","26",.1,"","W",0,"9",0,"8","","8","",""
"250160420","PASTERKA","2012","11","27",.2,"","W",0,"9",0,"8","","8","",""
"250160420","PASTERKA","2012","11","28",6.8,"","W",0,"9",0,"8","","8","",""
"250160420","PASTERKA","2012","11","29",5.0,"","S",0,"9",0,"8","","8","",""
"250160420","PASTERKA","2012","11","30",.9,"","S",1,"",0,"8","","8","*",""
"250160430","CHOCIESZ”W","2012","11","01",.0,"","W",0,"9",0,"8","","8","",""
"250160430","CHOCIESZ”W","2012","11","04",17.3,"","W",0,"9",0,"8","","8","",""
"250160430","CHOCIESZ”W","2012","11","05",.6,"","W",0,"9",0,"8","","8","",""
"250160430","CHOCIESZ”W","2012","11","06",.9,"","W",0,"9",0,"8","","8","",""
"250160430","CHOCIESZ”W","2012","11","07",.0,"","W",0,"9",0,"8","","8","",""
"250160430","CHOCIESZ”W","2012","11","08",.0,"","W",0,"9",0,"8","","8","",""
"250160430","CHOCIESZ”W","2012","11","12",1.7,"","W",0,"9",0,"8","","8","",""
"250160430","CHOCIESZ”W","2012","11","16",.4,"","W",0,"9",0,"8","","8","",""
"250160430","CHOCIESZ”W","2012","11","21",.0,"","W",0,"9",0,"8","","8","",""
"250160430","CHOCIESZ”W","2012","11","22",2.1,"","W",0,"9",0,"8","","8","",""
"250160430","CHOCIESZ”W","2012","11","26",.0,"","W",0,"9",0,"8","","8","",""
"250160430","CHOCIESZ”W","2012","11","27",.0,"","W",0,"9",0,"8","","8","",""
"250160430","CHOCIESZ”W","2012","11","28",4.2,"","W",0,"9",0,"8","","8","",""
"250160430","CHOCIESZ”W","2012","11","29",2.2,"","S",0,"9",0,"8","","8","",""
"250160430","CHOCIESZ”W","2012","11","30",.4,"","S",0,"9",0,"8","","8","PL",""
"250160440","Z£OTY STOK","2012","11","01",.5,"","W",0,"9",0,"8","","8","",""
"250160440","Z£OTY STOK","2012","11","04",14.0,"","W",0,"9",0,"8","","8","",""
"250160440","Z£OTY STOK","2012","11","05",.4,"","W",0,"9",0,"8","","8","",""
"250160440","Z£OTY STOK","2012","11","12",1.5,"","W",0,"9",0,"8","","8","",""
"250160440","Z£OTY STOK","2012","11","22",2.5,"","W",0,"9",0,"8","","8","",""
"250160440","Z£OTY STOK","2012","11","27",.3,"","W",0,"9",0,"8","","8","",""
"250160440","Z£OTY STOK","2012","11","28",3.5,"","W",0,"9",0,"8","","8","",""
"250160440","Z£OTY STOK","2012","11","29",3.0,"","W",0,"9",0,"8","","8","",""
"250160440","Z£OTY STOK","2012","11","30",3.0,"","S",0,"9",0,"8","","8","",""
"250160450","KUDOWA-ZDR”J","2012","11","01",5.3,"","W",0,"9",0,"8","","8","",""
"250160450","KUDOWA-ZDR”J","2012","11","02",.8,"","W",0,"9",0,"8","","8","",""
"250160450","KUDOWA-ZDR”J","2012","11","03",.1,"","W",0,"9",0,"8","","8","",""
"250160450","KUDOWA-ZDR”J","2012","11","04",12.9,"","W",0,"9",0,"8","","8","",""
"250160450","KUDOWA-ZDR”J","2012","11","05",1.3,"","W",0,"9",0,"8","","8","",""
"250160450","KUDOWA-ZDR”J","2012","11","06",2.4,"","S",0,"9",0,"8","","8","",""
"250160450","KUDOWA-ZDR”J","2012","11","07",1.8,"","W",0,"9",0,"8","","8","",""
"250160450","KUDOWA-ZDR”J","2012","11","08",.0,"","W",0,"9",0,"8","","8","",""
"250160450","KUDOWA-ZDR”J","2012","11","11",.2,"","W",0,"9",0,"8","","8","",""
"250160450","KUDOWA-ZDR”J","2012","11","12",.3,"","W",0,"9",0,"8","","8","",""
"250160450","KUDOWA-ZDR”J","2012","11","21",.4,"","W",0,"9",0,"8","","8","",""
"250160450","KUDOWA-ZDR”J","2012","11","22",1.0,"","W",0,"9",0,"8","","8","",""
"250160450","KUDOWA-ZDR”J","2012","11","23",.4,"","W",0,"9",0,"8","","8","",""
"250160450","KUDOWA-ZDR”J","2012","11","25",.1,"","W",0,"9",0,"8","","8","",""
"250160450","KUDOWA-ZDR”J","2012","11","27",.1,"","W",0,"9",0,"8","","8","",""
"250160450","KUDOWA-ZDR”J","2012","11","28",5.1,"","S",0,"9",0,"8","","8","",""
"250160450","KUDOWA-ZDR”J","2012","11","29",4.5,"","S",0,"",0,"8","","8","SL",""
"250160450","KUDOWA-ZDR”J","2012","11","30",2.8,"","S",0,"",0,"8","","8","SL",""
"250160460","PODZAMEK","2012","11","04",18.3,"","W",0,"9",0,"8","","8","",""
"250160460","PODZAMEK","2012","11","05",2.4,"","W",0,"9",0,"8","","8","",""
"250160460","PODZAMEK","2012","11","22",3.6,"","W",0,"9",0,"8","","8","",""
"250160460","PODZAMEK","2012","11","23",.3,"","W",0,"9",0,"8","","8","",""
"250160460","PODZAMEK","2012","11","28",2.1,"","W",0,"9",0,"8","","8","",""
"250160460","PODZAMEK","2012","11","29",.2,"","S",0,"9",0,"8","","8","",""
"250160460","PODZAMEK","2012","11","30",4.1,"","S",0,"9",0,"8","","8","",""
"250160470","LEWIN K£ODZKI","2012","11","01",5.7,"","W",0,"9",0,"8","","8","",""
"250160470","LEWIN K£ODZKI","2012","11","02",1.7,"","W",0,"9",0,"8","","8","",""
"250160470","LEWIN K£ODZKI","2012","11","03",.2,"","W",0,"9",0,"8","","8","",""
"250160470","LEWIN K£ODZKI","2012","11","04",15.7,"","W",0,"9",0,"8","","8","",""
"250160470","LEWIN K£ODZKI","2012","11","05",1.2,"","W",0,"9",0,"8","","8","",""
"250160470","LEWIN K£ODZKI","2012","11","06",.2,"","S",0,"9",0,"8","","8","",""
"250160470","LEWIN K£ODZKI","2012","11","07",1.0,"","W",0,"9",0,"8","","8","",""
"250160470","LEWIN K£ODZKI","2012","11","08",.6,"","W",0,"9",0,"8","","8","",""
"250160470","LEWIN K£ODZKI","2012","11","09",.1,"","W",0,"9",0,"8","","8","",""
"250160470","LEWIN K£ODZKI","2012","11","12",1.3,"","W",0,"9",0,"8","","8","",""
"250160470","LEWIN K£ODZKI","2012","11","14",.2,"","W",0,"9",0,"8","","8","",""
"250160470","LEWIN K£ODZKI","2012","11","21",.5,"","W",0,"9",0,"8","","8","",""
"250160470","LEWIN K£ODZKI","2012","11","22",1.6,"","W",0,"9",0,"8","","8","",""
"250160470","LEWIN K£ODZKI","2012","11","23",.2,"","W",0,"9",0,"8","","8","",""
"250160470","LEWIN K£ODZKI","2012","11","26",.1,"","W",0,"9",0,"8","","8","",""
"250160470","LEWIN K£ODZKI","2012","11","28",4.0,"","W",0,"9",0,"8","","8","",""
"250160470","LEWIN K£ODZKI","2012","11","29",4.7,"","S",0,"9",0,"8","","8","",""
"250160470","LEWIN K£ODZKI","2012","11","30",2.4,"","S",0,"",0,"8","","8","SL",""
"250160490","POLANICA-ZDR”J","2012","11","01",.0,"","W",0,"9",0,"8","","8","",""
"250160490","POLANICA-ZDR”J","2012","11","02",.0,"","W",0,"9",0,"8","","8","",""
"250160490","POLANICA-ZDR”J","2012","11","04",15.5,"","W",0,"9",0,"8","","8","",""
"250160490","POLANICA-ZDR”J","2012","11","05",1.5,"","W",0,"9",0,"8","","8","",""
"250160490","POLANICA-ZDR”J","2012","11","06",1.2,"","W",0,"9",0,"8","","8","",""
"250160490","POLANICA-ZDR”J","2012","11","07",1.1,"","W",0,"9",0,"8","","8","",""
"250160490","POLANICA-ZDR”J","2012","11","08",.0,"","W",0,"9",0,"8","","8","",""
"250160490","POLANICA-ZDR”J","2012","11","12",2.1,"","W",0,"9",0,"8","","8","",""
"250160490","POLANICA-ZDR”J","2012","11","22",2.1,"","W",0,"9",0,"8","","8","",""
"250160490","POLANICA-ZDR”J","2012","11","23",.3,"","W",0,"9",0,"8","","8","",""
"250160490","POLANICA-ZDR”J","2012","11","28",4.2,"","W",0,"9",0,"8","","8","",""
"250160490","POLANICA-ZDR”J","2012","11","29",2.2,"","S",0,"9",0,"8","","8","",""
"250160490","POLANICA-ZDR”J","2012","11","30",1.0,"","S",1,"",0,"8","","8","*",""
"250160510","O£DRZYCHOWICE K£ODZKIE","2012","11","01",.4,"","W",0,"9",0,"8","","8","PL",""
"250160510","O£DRZYCHOWICE K£ODZKIE","2012","11","02",.2,"","W",0,"9",0,"8","","8","",""
"250160510","O£DRZYCHOWICE K£ODZKIE","2012","11","04",17.0,"","W",0,"9",0,"8","","8","",""
"250160510","O£DRZYCHOWICE K£ODZKIE","2012","11","05",1.0,"","W",0,"9",0,"8","","8","",""
"250160510","O£DRZYCHOWICE K£ODZKIE","2012","11","06",.5,"","W",0,"9",0,"8","","8","",""
"250160510","O£DRZYCHOWICE K£ODZKIE","2012","11","07",.0,"","W",0,"9",0,"8","","8","",""
"250160510","O£DRZYCHOWICE K£ODZKIE","2012","11","12",1.0,"","W",0,"9",0,"8","","8","",""
"250160510","O£DRZYCHOWICE K£ODZKIE","2012","11","22",2.3,"","W",0,"9",0,"8","","8","",""
"250160510","O£DRZYCHOWICE K£ODZKIE","2012","11","25",.3,"","W",0,"9",0,"8","","8","",""
"250160510","O£DRZYCHOWICE K£ODZKIE","2012","11","28",1.8,"","W",0,"9",0,"8","","8","",""
"250160510","O£DRZYCHOWICE K£ODZKIE","2012","11","29",1.0,"","W",0,"9",0,"8","","8","",""
"250160510","O£DRZYCHOWICE K£ODZKIE","2012","11","30",1.6,"","S",0,"",0,"8","","8","SL",""
"250160530","ZIELENIEC","2012","11","01",2.9,"","S",17,"",0,"8","","8","*",""
"250160530","ZIELENIEC","2012","11","02",.1,"","W",7,"",0,"8","","8","*PRZ",""
"250160530","ZIELENIEC","2012","11","03",.7,"","W",0,"9",0,"8","","8","PL",""
"250160530","ZIELENIEC","2012","11","04",18.4,"","W",0,"9",0,"8","","8","",""
"250160530","ZIELENIEC","2012","11","05",5.7,"","S",0,"9",0,"8","","8","",""
"250160530","ZIELENIEC","2012","11","06",4.1,"","S",0,"",0,"8","","8","SL",""
"250160530","ZIELENIEC","2012","11","07",6.5,"","W",3,"",0,"8","","8","*",""
"250160530","ZIELENIEC","2012","11","08",.4,"","W",0,"9",0,"8","","8","",""
"250160530","ZIELENIEC","2012","11","09",.2,"","W",0,"9",0,"8","","8","",""
"250160530","ZIELENIEC","2012","11","11",.1,"","W",0,"9",0,"8","","8","",""
"250160530","ZIELENIEC","2012","11","12",1.7,"","W",0,"9",0,"8","","8","",""
"250160530","ZIELENIEC","2012","11","18",.2,"","W",0,"9",0,"8","","8","",""
"250160530","ZIELENIEC","2012","11","21",.7,"","W",0,"9",0,"8","","8","",""
"250160530","ZIELENIEC","2012","11","22",2.3,"","W",0,"9",0,"8","","8","",""
"250160530","ZIELENIEC","2012","11","23",.5,"","W",0,"9",0,"8","","8","",""
"250160530","ZIELENIEC","2012","11","24",.1,"","W",0,"9",0,"8","","8","",""
"250160530","ZIELENIEC","2012","11","26",.0,"","W",0,"9",0,"8","","8","",""
"250160530","ZIELENIEC","2012","11","28",2.5,"","W",0,"9",0,"8","","8","",""
"250160530","ZIELENIEC","2012","11","29",7.0,"","S",0,"9",0,"8","","8","",""
"250160530","ZIELENIEC","2012","11","30",3.7,"","S",5,"",0,"8","","8","*",""
"250160540","M£OTY","2012","11","01",2.8,"","W",0,"9",0,"8","","8","PL",""
"250160540","M£OTY","2012","11","02",.4,"","W",0,"9",0,"8","","8","",""
"250160540","M£OTY","2012","11","03",.3,"","W",0,"9",0,"8","","8","",""
"250160540","M£OTY","2012","11","04",12.7,"","W",0,"9",0,"8","","8","",""
"250160540","M£OTY","2012","11","05",1.5,"","W",0,"9",0,"8","","8","",""
"250160540","M£OTY","2012","11","06",2.1,"","W",0,"9",0,"8","","8","",""
"250160540","M£OTY","2012","11","07",.4,"","W",0,"9",0,"8","","8","",""
"250160540","M£OTY","2012","11","12",1.5,"","W",0,"9",0,"8","","8","",""
"250160540","M£OTY","2012","11","22",2.4,"","W",0,"9",0,"8","","8","",""
"250160540","M£OTY","2012","11","23",.2,"","W",0,"9",0,"8","","8","",""
"250160540","M£OTY","2012","11","28",3.6,"","W",0,"9",0,"8","","8","",""
"250160540","M£OTY","2012","11","29",1.6,"","S",0,"9",0,"8","","8","",""
"250160540","M£OTY","2012","11","30",.4,"","S",0,"",0,"8","","8","SL",""
"250160550","BYSTRZYCA K£ODZKA","2012","11","01",2.6,"","W",0,"9",0,"8","","8","",""
"250160550","BYSTRZYCA K£ODZKA","2012","11","04",14.7,"","W",0,"9",0,"8","","8","",""
"250160550","BYSTRZYCA K£ODZKA","2012","11","05",1.6,"","W",0,"9",0,"8","","8","",""
"250160550","BYSTRZYCA K£ODZKA","2012","11","06",1.8,"","W",0,"9",0,"8","","8","",""
"250160550","BYSTRZYCA K£ODZKA","2012","11","12",1.5,"","W",0,"9",0,"8","","8","",""
"250160550","BYSTRZYCA K£ODZKA","2012","11","22",2.6,"","W",0,"9",0,"8","","8","",""
"250160550","BYSTRZYCA K£ODZKA","2012","11","23",.4,"","W",0,"9",0,"8","","8","",""
"250160550","BYSTRZYCA K£ODZKA","2012","11","28",3.4,"","W",0,"9",0,"8","","8","",""
"250160550","BYSTRZYCA K£ODZKA","2012","11","29",.4,"","W",0,"9",0,"8","","8","",""
"250160550","BYSTRZYCA K£ODZKA","2012","11","30",.6,"","S",0,"9",0,"8","","8","",""
"250160560","STRONIE åL•SKIE","2012","11","01",2.3,"","W",0,"9",0,"8","","8","PL",""
"250160560","STRONIE åL•SKIE","2012","11","02",.0,"","W",0,"9",0,"8","","8","",""
"250160560","STRONIE åL•SKIE","2012","11","03",.0,"","W",0,"9",0,"8","","8","",""
"250160560","STRONIE åL•SKIE","2012","11","04",15.0,"","W",0,"9",0,"8","","8","",""
"250160560","STRONIE åL•SKIE","2012","11","05",6.0,"","W",0,"9",0,"8","","8","",""
"250160560","STRONIE åL•SKIE","2012","11","06",2.2,"","W",0,"9",0,"8","","8","",""
"250160560","STRONIE åL•SKIE","2012","11","12",.6,"","W",0,"9",0,"8","","8","",""
"250160560","STRONIE åL•SKIE","2012","11","22",2.6,"","W",0,"9",0,"8","","8","",""
"250160560","STRONIE åL•SKIE","2012","11","27",.0,"","W",0,"9",0,"8","","8","",""
"250160560","STRONIE åL•SKIE","2012","11","28",2.9,"","W",0,"9",0,"8","","8","",""
"250160560","STRONIE åL•SKIE","2012","11","29",.9,"","S",0,"9",0,"8","","8","",""
"250160560","STRONIE åL•SKIE","2012","11","30",.0,"","S",0,"",0,"8","","8","SL",""
"250160570","NOWY GIERA£T”W","2012","11","01",1.3,"","W",4,"",0,"8","","8","*",""
"250160570","NOWY GIERA£T”W","2012","11","02",.0,"9","",0,"",0,"8","","8","SL",""
"250160570","NOWY GIERA£T”W","2012","11","04",16.1,"","W",0,"9",0,"8","","8","",""
"250160570","NOWY GIERA£T”W","2012","11","05",5.9,"","W",0,"9",0,"8","","8","",""
"250160570","NOWY GIERA£T”W","2012","11","06",1.8,"","S",0,"9",0,"8","","8","",""
"250160570","NOWY GIERA£T”W","2012","11","07",.5,"","S",0,"",0,"8","","8","SL",""
"250160570","NOWY GIERA£T”W","2012","11","08",.0,"9","",0,"",0,"8","","8","SL",""
"250160570","NOWY GIERA£T”W","2012","11","10",.3,"","W",0,"9",0,"8","","8","",""
"250160570","NOWY GIERA£T”W","2012","11","13",.2,"","W",0,"9",0,"8","","8","",""
"250160570","NOWY GIERA£T”W","2012","11","14",.4,"","W",0,"9",0,"8","","8","",""
"250160570","NOWY GIERA£T”W","2012","11","15",.6,"","W",0,"9",0,"8","","8","",""
"250160570","NOWY GIERA£T”W","2012","11","19",.2,"","W",0,"9",0,"8","","8","",""
"250160570","NOWY GIERA£T”W","2012","11","22",2.5,"","W",0,"9",0,"8","","8","",""
"250160570","NOWY GIERA£T”W","2012","11","23",1.5,"","W",0,"9",0,"8","","8","",""
"250160570","NOWY GIERA£T”W","2012","11","28",.3,"","W",0,"9",0,"8","","8","",""
"250160570","NOWY GIERA£T”W","2012","11","29",2.0,"","S",0,"9",0,"8","","8","",""
"250160570","NOWY GIERA£T”W","2012","11","30",.4,"","S",0,"",0,"8","","8","SL",""
"250160580","SPALONA","2012","11","01",5.7,"","W",0,"9",0,"8","","8","PL",""
"250160580","SPALONA","2012","11","04",13.2,"","W",0,"9",0,"8","","8","",""
"250160580","SPALONA","2012","11","05",1.4,"","W",0,"9",0,"8","","8","",""
"250160580","SPALONA","2012","11","06",3.2,"","S",0,"9",0,"8","","8","",""
"250160580","SPALONA","2012","11","07",1.9,"","W",0,"",0,"8","","8","SL",""
"250160580","SPALONA","2012","11","12",2.0,"","W",0,"9",0,"8","","8","",""
"250160580","SPALONA","2012","11","22",3.0,"","W",0,"9",0,"8","","8","",""
"250160580","SPALONA","2012","11","23",1.0,"","W",0,"9",0,"8","","8","",""
"250160580","SPALONA","2012","11","28",3.0,"","W",0,"9",0,"8","","8","",""
"250160580","SPALONA","2012","11","29",3.2,"","S",0,"9",0,"8","","8","",""
"250160580","SPALONA","2012","11","30",.7,"","W",0,"",0,"8","","8","SL",""
"250160620","KAMIENICA","2012","11","01",9.7,"","W",12,"",0,"8","","8","*",""
"250160620","KAMIENICA","2012","11","02",.2,"","W",0,"9",0,"8","","8","PL",""
"250160620","KAMIENICA","2012","11","03",2.6,"","W",0,"9",0,"8","","8","PL",""
"250160620","KAMIENICA","2012","11","04",13.0,"","W",0,"9",0,"8","","8","",""
"250160620","KAMIENICA","2012","11","05",6.5,"","W",0,"9",0,"8","","8","",""
"250160620","KAMIENICA","2012","11","06",4.5,"","S",0,"9",0,"8","","8","",""
"250160620","KAMIENICA","2012","11","07",1.7,"","W",0,"",0,"8","","8","SL",""
"250160620","KAMIENICA","2012","11","12",.6,"","W",0,"9",0,"8","","8","",""
"250160620","KAMIENICA","2012","11","18",.0,"","W",0,"9",0,"8","","8","",""
"250160620","KAMIENICA","2012","11","21",.2,"","W",0,"9",0,"8","","8","",""
"250160620","KAMIENICA","2012","11","22",2.2,"","W",0,"9",0,"8","","8","",""
"250160620","KAMIENICA","2012","11","23",.6,"","W",0,"9",0,"8","","8","",""
"250160620","KAMIENICA","2012","11","25",.0,"","W",0,"9",0,"8","","8","",""
"250160620","KAMIENICA","2012","11","26",.0,"","W",0,"9",0,"8","","8","",""
"250160620","KAMIENICA","2012","11","28",2.8,"","W",0,"9",0,"8","","8","",""
"250160620","KAMIENICA","2012","11","29",1.2,"","S",0,"9",0,"8","","8","",""
"250160620","KAMIENICA","2012","11","30",.6,"","S",0,"",0,"8","","8","SL",""
"250160630","MI DZYG”RZE","2012","11","01",3.0,"","W",1,"",0,"8","","8","*PRZ",""
"250160630","MI DZYG”RZE","2012","11","03",.3,"","W",0,"9",0,"8","","8","",""
"250160630","MI DZYG”RZE","2012","11","04",17.4,"","W",0,"9",0,"8","","8","",""
"250160630","MI DZYG”RZE","2012","11","05",6.4,"","W",0,"9",0,"8","","8","",""
"250160630","MI DZYG”RZE","2012","11","06",6.0,"","S",0,"9",0,"8","","8","",""
"250160630","MI DZYG”RZE","2012","11","07",1.1,"","W",0,"",0,"8","","8","SL",""
"250160630","MI DZYG”RZE","2012","11","18",.3,"","W",0,"9",0,"8","","8","",""
"250160630","MI DZYG”RZE","2012","11","22",2.5,"","W",0,"9",0,"8","","8","",""
"250160630","MI DZYG”RZE","2012","11","23",1.9,"","W",0,"9",0,"8","","8","",""
"250160630","MI DZYG”RZE","2012","11","28",1.6,"","W",0,"9",0,"8","","8","",""
"250160630","MI DZYG”RZE","2012","11","29",2.4,"","S",0,"9",0,"8","","8","",""
"250160630","MI DZYG”RZE","2012","11","30",4.3,"","S",0,"",0,"8","","8","SL",""
"250160640","NIEMOJ”W","2012","11","01",4.0,"","W",0,"9",0,"8","","8","",""
"250160640","NIEMOJ”W","2012","11","03",2.0,"","W",0,"9",0,"8","","8","",""
"250160640","NIEMOJ”W","2012","11","04",8.8,"","W",0,"9",0,"8","","8","",""
"250160640","NIEMOJ”W","2012","11","05",4.5,"","W",0,"9",0,"8","","8","",""
"250160640","NIEMOJ”W","2012","11","06",4.9,"","W",0,"9",0,"8","","8","",""
"250160640","NIEMOJ”W","2012","11","07",9.0,"","W",0,"9",0,"8","","8","",""
"250160640","NIEMOJ”W","2012","11","21",1.3,"","W",0,"9",0,"8","","8","",""
"250160640","NIEMOJ”W","2012","11","22",2.4,"","W",0,"9",0,"8","","8","",""
"250160640","NIEMOJ”W","2012","11","23",.5,"","W",0,"9",0,"8","","8","",""
"250160640","NIEMOJ”W","2012","11","28",2.0,"","W",0,"9",0,"8","","8","",""
"250160640","NIEMOJ”W","2012","11","29",5.7,"","S",0,"9",0,"8","","8","",""
"250160640","NIEMOJ”W","2012","11","30",1.0,"","S",3,"",0,"8","","8","*",""
"250160650","MI DZYLESIE","2012","11","01",5.0,"","W",0,"9",0,"8","","8","",""
"250160650","MI DZYLESIE","2012","11","02",.1,"","W",0,"9",0,"8","","8","",""
"250160650","MI DZYLESIE","2012","11","03",2.3,"","W",0,"9",0,"8","","8","",""
"250160650","MI DZYLESIE","2012","11","04",12.0,"","W",0,"9",0,"8","","8","",""
"250160650","MI DZYLESIE","2012","11","05",3.4,"","W",0,"9",0,"8","","8","",""
"250160650","MI DZYLESIE","2012","11","06",5.7,"","W",0,"9",0,"8","","8","",""
"250160650","MI DZYLESIE","2012","11","07",4.2,"","W",0,"9",0,"8","","8","",""
"250160650","MI DZYLESIE","2012","11","12",.2,"","W",0,"9",0,"8","","8","",""
"250160650","MI DZYLESIE","2012","11","15",.1,"","W",0,"9",0,"8","","8","",""
"250160650","MI DZYLESIE","2012","11","21",.2,"","W",0,"9",0,"8","","8","",""
"250160650","MI DZYLESIE","2012","11","22",2.0,"","W",0,"9",0,"8","","8","",""
"250160650","MI DZYLESIE","2012","11","23",.8,"","W",0,"9",0,"8","","8","",""
"250160650","MI DZYLESIE","2012","11","28",2.3,"","W",0,"9",0,"8","","8","",""
"250160650","MI DZYLESIE","2012","11","29",3.9,"","S",0,"9",0,"8","","8","",""
"250160650","MI DZYLESIE","2012","11","30",1.3,"","S",2,"",0,"8","","8","*",""
"250170010","Ø”RAWINA","2012","11","01",5.0,"","W",0,"9",0,"8","","8","",""
"250170010","Ø”RAWINA","2012","11","02",.8,"","W",0,"9",0,"8","","8","",""
"250170010","Ø”RAWINA","2012","11","03",.6,"","W",0,"9",0,"8","","8","",""
"250170010","Ø”RAWINA","2012","11","04",8.0,"","W",0,"9",0,"8","","8","",""
"250170010","Ø”RAWINA","2012","11","05",1.0,"","W",0,"9",0,"8","","8","",""
"250170010","Ø”RAWINA","2012","11","06",.6,"","W",0,"9",0,"8","","8","",""
"250170010","Ø”RAWINA","2012","11","07",1.2,"","W",0,"9",0,"8","","8","",""
"250170010","Ø”RAWINA","2012","11","09",.6,"","W",0,"9",0,"8","","8","",""
"250170010","Ø”RAWINA","2012","11","10",.2,"","W",0,"9",0,"8","","8","",""
"250170010","Ø”RAWINA","2012","11","19",.2,"","W",0,"9",0,"8","","8","",""
"250170010","Ø”RAWINA","2012","11","23",.3,"","W",0,"9",0,"8","","8","",""
"250170010","Ø”RAWINA","2012","11","27",1.3,"","W",0,"9",0,"8","","8","",""
"250170010","Ø”RAWINA","2012","11","28",3.3,"","W",0,"9",0,"8","","8","",""
"250170010","Ø”RAWINA","2012","11","29",3.0,"","S",0,"9",0,"8","","8","",""
"250170010","Ø”RAWINA","2012","11","30",3.5,"","S",0,"",0,"8","","8","SL",""
"250170020","BIESTRZYKOWICE","2012","11","01",2.5,"","W",0,"9",0,"8","","8","",""
"250170020","BIESTRZYKOWICE","2012","11","02",1.0,"","W",0,"9",0,"8","","8","",""
"250170020","BIESTRZYKOWICE","2012","11","04",13.3,"","W",0,"9",0,"8","","8","",""
"250170020","BIESTRZYKOWICE","2012","11","05",4.5,"","W",0,"9",0,"8","","8","",""
"250170020","BIESTRZYKOWICE","2012","11","06",.1,"","W",0,"9",0,"8","","8","",""
"250170020","BIESTRZYKOWICE","2012","11","07",3.2,"","W",0,"9",0,"8","","8","",""
"250170020","BIESTRZYKOWICE","2012","11","08",.2,"","W",0,"9",0,"8","","8","",""
"250170020","BIESTRZYKOWICE","2012","11","09",.5,"","W",0,"9",0,"8","","8","",""
"250170020","BIESTRZYKOWICE","2012","11","10",.1,"","W",0,"9",0,"8","","8","",""
"250170020","BIESTRZYKOWICE","2012","11","23",.9,"","W",0,"9",0,"8","","8","",""
"250170020","BIESTRZYKOWICE","2012","11","27",.9,"","W",0,"9",0,"8","","8","",""
"250170020","BIESTRZYKOWICE","2012","11","28",.7,"","W",0,"9",0,"8","","8","",""
"250170020","BIESTRZYKOWICE","2012","11","29",1.0,"","W",0,"9",0,"8","","8","",""
"250170020","BIESTRZYKOWICE","2012","11","30",.6,"","W",0,"9",0,"8","","8","",""
"250170030","O£AWA","2012","11","01",3.6,"","W",0,"9",0,"8","","8","",""
"250170030","O£AWA","2012","11","02",.8,"","W",0,"9",0,"8","","8","",""
"250170030","O£AWA","2012","11","04",11.5,"","W",0,"9",0,"8","","8","",""
"250170030","O£AWA","2012","11","05",2.4,"","W",0,"9",0,"8","","8","",""
"250170030","O£AWA","2012","11","06",.3,"","W",0,"9",0,"8","","8","",""
"250170030","O£AWA","2012","11","07",2.8,"","W",0,"9",0,"8","","8","",""
"250170030","O£AWA","2012","11","08",.7,"","W",0,"9",0,"8","","8","",""
"250170030","O£AWA","2012","11","22",.6,"","W",0,"9",0,"8","","8","",""
"250170030","O£AWA","2012","11","23",.2,"","W",0,"9",0,"8","","8","",""
"250170030","O£AWA","2012","11","27",1.1,"","W",0,"9",0,"8","","8","",""
"250170030","O£AWA","2012","11","28",1.8,"","W",0,"9",0,"8","","8","",""
"250170030","O£AWA","2012","11","29",2.0,"","W",0,"9",0,"8","","8","",""
"250170030","O£AWA","2012","11","30",2.6,"","S",0,"9",0,"8","","8","",""
"250170040","LUBICZ","2012","11","01",1.8,"","W",0,"9",0,"8","","8","",""
"250170040","LUBICZ","2012","11","02",.9,"","W",0,"9",0,"8","","8","",""
"250170040","LUBICZ","2012","11","04",9.7,"","W",0,"9",0,"8","","8","",""
"250170040","LUBICZ","2012","11","05",7.7,"","W",0,"9",0,"8","","8","",""
"250170040","LUBICZ","2012","11","06",.4,"","W",0,"9",0,"8","","8","",""
"250170040","LUBICZ","2012","11","07",3.3,"","W",0,"9",0,"8","","8","",""
"250170040","LUBICZ","2012","11","08",1.0,"","W",0,"9",0,"8","","8","",""
"250170040","LUBICZ","2012","11","09",.0,"","W",0,"9",0,"8","","8","",""
"250170040","LUBICZ","2012","11","11",.2,"","W",0,"9",0,"8","","8","",""
"250170040","LUBICZ","2012","11","22",.4,"","W",0,"9",0,"8","","8","",""
"250170040","LUBICZ","2012","11","27",.5,"","W",0,"9",0,"8","","8","",""
"250170040","LUBICZ","2012","11","28",1.3,"","W",0,"9",0,"8","","8","",""
"250170040","LUBICZ","2012","11","29",1.4,"","W",0,"9",0,"8","","8","",""
"250170040","LUBICZ","2012","11","30",1.8,"","W",0,"9",0,"8","","8","",""
"250170050","BRZEG","2012","11","01",1.2,"","W",0,"9",0,"8","","8","",""
"250170050","BRZEG","2012","11","04",15.2,"","W",0,"9",0,"8","","8","",""
"250170050","BRZEG","2012","11","05",2.3,"","W",0,"9",0,"8","","8","",""
"250170050","BRZEG","2012","11","06",.8,"","W",0,"9",0,"8","","8","",""
"250170050","BRZEG","2012","11","07",2.0,"","W",0,"9",0,"8","","8","",""
"250170050","BRZEG","2012","11","08",.9,"","W",0,"9",0,"8","","8","",""
"250170050","BRZEG","2012","11","21",.3,"","W",0,"9",0,"8","","8","",""
"250170050","BRZEG","2012","11","23",.2,"","W",0,"9",0,"8","","8","",""
"250170050","BRZEG","2012","11","24",.5,"","W",0,"9",0,"8","","8","",""
"250170050","BRZEG","2012","11","28",1.0,"","W",0,"9",0,"8","","8","",""
"250170050","BRZEG","2012","11","29",1.5,"","W",0,"9",0,"8","","8","",""
"250170050","BRZEG","2012","11","30",2.2,"","S",0,"9",0,"8","","8","",""
"250170060","WI•Z”W","2012","11","01",3.8,"","W",0,"9",0,"8","","8","",""
"250170060","WI•Z”W","2012","11","03",.2,"","W",0,"9",0,"8","","8","",""
"250170060","WI•Z”W","2012","11","04",13.9,"","W",0,"9",0,"8","","8","",""
"250170060","WI•Z”W","2012","11","05",3.3,"","W",0,"9",0,"8","","8","",""
"250170060","WI•Z”W","2012","11","06",.2,"","W",0,"9",0,"8","","8","",""
"250170060","WI•Z”W","2012","11","07",2.4,"","W",0,"9",0,"8","","8","",""
"250170060","WI•Z”W","2012","11","09",.9,"","W",0,"9",0,"8","","8","",""
"250170060","WI•Z”W","2012","11","11",.1,"","W",0,"9",0,"8","","8","",""
"250170060","WI•Z”W","2012","11","19",.4,"","W",0,"9",0,"8","","8","",""
"250170060","WI•Z”W","2012","11","22",.9,"","W",0,"9",0,"8","","8","",""
"250170060","WI•Z”W","2012","11","23",.5,"","W",0,"9",0,"8","","8","",""
"250170060","WI•Z”W","2012","11","27",.8,"","W",0,"9",0,"8","","8","",""
"250170060","WI•Z”W","2012","11","28",2.3,"","W",0,"9",0,"8","","8","",""
"250170060","WI•Z”W","2012","11","29",1.5,"","W",0,"9",0,"8","","8","",""
"250170060","WI•Z”W","2012","11","30",3.9,"","S",0,"9",0,"8","","8","",""
"250170070","KUP","2012","11","01",2.1,"","W",0,"9",0,"8","","8","",""
"250170070","KUP","2012","11","02",.7,"","W",0,"9",0,"8","","8","",""
"250170070","KUP","2012","11","03",.0,"","W",0,"9",0,"8","","8","",""
"250170070","KUP","2012","11","04",15.0,"","W",0,"9",0,"8","","8","",""
"250170070","KUP","2012","11","05",5.8,"","W",0,"9",0,"8","","8","",""
"250170070","KUP","2012","11","06",.0,"","W",0,"9",0,"8","","8","",""
"250170070","KUP","2012","11","07",4.2,"","W",0,"9",0,"8","","8","",""
"250170070","KUP","2012","11","08",.2,"","W",0,"9",0,"8","","8","",""
"250170070","KUP","2012","11","11",.1,"","W",0,"9",0,"8","","8","",""
"250170070","KUP","2012","11","22",.5,"","W",0,"9",0,"8","","8","",""
"250170070","KUP","2012","11","23",1.4,"","W",0,"9",0,"8","","8","",""
"250170070","KUP","2012","11","26",.2,"","W",0,"9",0,"8","","8","",""
"250170070","KUP","2012","11","27",1.6,"","W",0,"9",0,"8","","8","",""
"250170070","KUP","2012","11","28",.6,"","W",0,"9",0,"8","","8","",""
"250170070","KUP","2012","11","29",.9,"","W",0,"9",0,"8","","8","",""
"250170070","KUP","2012","11","30",3.7,"","S",0,"9",0,"8","","8","",""
"250170080","STARE SIO£KOWICE","2012","11","01",1.3,"","W",0,"9",0,"8","","8","",""
"250170080","STARE SIO£KOWICE","2012","11","02",.7,"","W",0,"9",0,"8","","8","",""
"250170080","STARE SIO£KOWICE","2012","11","04",14.8,"","W",0,"9",0,"8","","8","",""
"250170080","STARE SIO£KOWICE","2012","11","05",4.5,"","W",0,"9",0,"8","","8","",""
"250170080","STARE SIO£KOWICE","2012","11","06",.5,"","W",0,"9",0,"8","","8","",""
"250170080","STARE SIO£KOWICE","2012","11","07",3.2,"","W",0,"9",0,"8","","8","",""
"250170080","STARE SIO£KOWICE","2012","11","08",1.4,"","W",0,"9",0,"8","","8","",""
"250170080","STARE SIO£KOWICE","2012","11","09",.7,"","W",0,"9",0,"8","","8","",""
"250170080","STARE SIO£KOWICE","2012","11","22",1.6,"","W",0,"9",0,"8","","8","",""
"250170080","STARE SIO£KOWICE","2012","11","23",1.4,"","W",0,"9",0,"8","","8","",""
"250170080","STARE SIO£KOWICE","2012","11","27",2.6,"","W",0,"9",0,"8","","8","",""
"250170080","STARE SIO£KOWICE","2012","11","28",.3,"","W",0,"9",0,"8","","8","",""
"250170080","STARE SIO£KOWICE","2012","11","29",1.1,"","W",0,"9",0,"8","","8","",""
"250170080","STARE SIO£KOWICE","2012","11","30",3.0,"","S",0,"9",0,"8","","8","",""
"250170090","STRZELIN","2012","11","01",2.3,"","W",0,"9",0,"8","","8","",""
"250170090","STRZELIN","2012","11","04",13.0,"","W",0,"9",0,"8","","8","",""
"250170090","STRZELIN","2012","11","05",2.1,"","W",0,"9",0,"8","","8","",""
"250170090","STRZELIN","2012","11","06",.1,"","W",0,"9",0,"8","","8","",""
"250170090","STRZELIN","2012","11","07",.9,"","W",0,"9",0,"8","","8","",""
"250170090","STRZELIN","2012","11","08",.2,"","W",0,"9",0,"8","","8","",""
"250170090","STRZELIN","2012","11","09",.6,"","W",0,"9",0,"8","","8","",""
"250170090","STRZELIN","2012","11","18",.2,"","W",0,"9",0,"8","","8","",""
"250170090","STRZELIN","2012","11","20",.3,"","W",0,"9",0,"8","","8","",""
"250170090","STRZELIN","2012","11","21",.1,"","W",0,"9",0,"8","","8","",""
"250170090","STRZELIN","2012","11","22",1.1,"","W",0,"9",0,"8","","8","",""
"250170090","STRZELIN","2012","11","23",.0,"","W",0,"9",0,"8","","8","",""
"250170090","STRZELIN","2012","11","28",4.5,"","W",0,"9",0,"8","","8","",""
"250170090","STRZELIN","2012","11","29",2.0,"","W",0,"9",0,"8","","8","",""
"250170090","STRZELIN","2012","11","30",2.8,"","S",0,"9",0,"8","","8","",""
"250170120","PRZEWORNO","2012","11","01",4.3,"","W",0,"9",0,"8","","8","",""
"250170120","PRZEWORNO","2012","11","04",16.8,"","W",0,"9",0,"8","","8","",""
"250170120","PRZEWORNO","2012","11","05",5.2,"","W",0,"9",0,"8","","8","",""
"250170120","PRZEWORNO","2012","11","22",1.1,"","W",0,"9",0,"8","","8","",""
"250170120","PRZEWORNO","2012","11","23",.3,"","W",0,"9",0,"8","","8","",""
"250170120","PRZEWORNO","2012","11","28",1.0,"","W",0,"9",0,"8","","8","",""
"250170120","PRZEWORNO","2012","11","29",.2,"","W",0,"9",0,"8","","8","",""
"250170120","PRZEWORNO","2012","11","30",1.0,"","S",0,"9",0,"8","","8","",""
"250170130","WITOSTOWICE","2012","11","01",1.7,"","W",0,"9",0,"8","","8","",""
"250170130","WITOSTOWICE","2012","11","04",15.2,"","W",0,"9",0,"8","","8","",""
"250170130","WITOSTOWICE","2012","11","05",4.2,"","W",0,"9",0,"8","","8","",""
"250170130","WITOSTOWICE","2012","11","22",2.5,"","W",0,"9",0,"8","","8","",""
"250170130","WITOSTOWICE","2012","11","23",.4,"","W",0,"9",0,"8","","8","",""
"250170130","WITOSTOWICE","2012","11","26",.3,"","W",0,"9",0,"8","","8","",""
"250170130","WITOSTOWICE","2012","11","27",.4,"","W",0,"9",0,"8","","8","",""
"250170130","WITOSTOWICE","2012","11","28",3.5,"","W",0,"9",0,"8","","8","",""
"250170130","WITOSTOWICE","2012","11","30",4.8,"","S",0,"9",0,"8","","8","",""
"250170150","SZYD£OWIEC åL•SKI","2012","11","01",.7,"","W",0,"9",0,"8","","8","",""
"250170150","SZYD£OWIEC åL•SKI","2012","11","02",.0,"","W",0,"9",0,"8","","8","",""
"250170150","SZYD£OWIEC åL•SKI","2012","11","03",.0,"","W",0,"9",0,"8","","8","",""
"250170150","SZYD£OWIEC åL•SKI","2012","11","04",16.8,"","W",0,"9",0,"8","","8","",""
"250170150","SZYD£OWIEC åL•SKI","2012","11","05",4.1,"","W",0,"9",0,"8","","8","",""
"250170150","SZYD£OWIEC åL•SKI","2012","11","06",.1,"","W",0,"9",0,"8","","8","",""
"250170150","SZYD£OWIEC åL•SKI","2012","11","07",1.2,"","W",0,"9",0,"8","","8","",""
"250170150","SZYD£OWIEC åL•SKI","2012","11","08",.0,"","W",0,"9",0,"8","","8","",""
"250170150","SZYD£OWIEC åL•SKI","2012","11","09",.2,"","W",0,"9",0,"8","","8","",""
"250170150","SZYD£OWIEC åL•SKI","2012","11","12",.0,"","W",0,"9",0,"8","","8","",""
"250170150","SZYD£OWIEC åL•SKI","2012","11","18",.0,"","W",0,"9",0,"8","","8","",""
"250170150","SZYD£OWIEC åL•SKI","2012","11","19",.1,"","W",0,"9",0,"8","","8","",""
"250170150","SZYD£OWIEC åL•SKI","2012","11","20",.1,"","W",0,"9",0,"8","","8","",""
"250170150","SZYD£OWIEC åL•SKI","2012","11","21",.0,"","W",0,"9",0,"8","","8","",""
"250170150","SZYD£OWIEC åL•SKI","2012","11","22",1.5,"","W",0,"9",0,"8","","8","",""
"250170150","SZYD£OWIEC åL•SKI","2012","11","23",.5,"","W",0,"9",0,"8","","8","",""
"250170150","SZYD£OWIEC åL•SKI","2012","11","26",.2,"","W",0,"9",0,"8","","8","",""
"250170150","SZYD£OWIEC åL•SKI","2012","11","27",.7,"","W",0,"9",0,"8","","8","",""
"250170150","SZYD£OWIEC åL•SKI","2012","11","28",.6,"","W",0,"9",0,"8","","8","",""
"250170150","SZYD£OWIEC åL•SKI","2012","11","29",1.2,"","W",0,"9",0,"8","","8","",""
"250170150","SZYD£OWIEC åL•SKI","2012","11","30",3.0,"","S",0,"9",0,"8","","8","",""
"250170160","ZI BICE","2012","11","01",.5,"","W",0,"9",0,"8","","8","",""
"250170160","ZI BICE","2012","11","04",18.6,"","W",0,"9",0,"8","","8","",""
"250170160","ZI BICE","2012","11","05",6.8,"","W",0,"9",0,"8","","8","",""
"250170160","ZI BICE","2012","11","06",.3,"","W",0,"9",0,"8","","8","",""
"250170160","ZI BICE","2012","11","07",.2,"","W",0,"9",0,"8","","8","",""
"250170160","ZI BICE","2012","11","08",.4,"","W",0,"9",0,"8","","8","",""
"250170160","ZI BICE","2012","11","11",.1,"","W",0,"9",0,"8","","8","",""
"250170160","ZI BICE","2012","11","12",.5,"","W",0,"9",0,"8","","8","",""
"250170160","ZI BICE","2012","11","20",.3,"","W",0,"9",0,"8","","8","",""
"250170160","ZI BICE","2012","11","21",.1,"","W",0,"9",0,"8","","8","",""
"250170160","ZI BICE","2012","11","22",1.8,"","W",0,"9",0,"8","","8","",""
"250170160","ZI BICE","2012","11","26",.4,"","W",0,"9",0,"8","","8","",""
"250170160","ZI BICE","2012","11","27",.5,"","W",0,"9",0,"8","","8","",""
"250170160","ZI BICE","2012","11","28",3.6,"","W",0,"9",0,"8","","8","",""
"250170160","ZI BICE","2012","11","29",.4,"","W",0,"9",0,"8","","8","",""
"250170160","ZI BICE","2012","11","30",4.3,"","S",0,"9",0,"8","","8","",""
"250170170","CZARNOLAS","2012","11","01",.7,"","W",0,"9",0,"8","","8","",""
"250170170","CZARNOLAS","2012","11","04",22.5,"","W",0,"9",0,"8","","8","",""
"250170170","CZARNOLAS","2012","11","05",3.0,"","W",0,"9",0,"8","","8","",""
"250170170","CZARNOLAS","2012","11","06",.3,"","W",0,"9",0,"8","","8","",""
"250170170","CZARNOLAS","2012","11","07",.5,"","W",0,"9",0,"8","","8","",""
"250170170","CZARNOLAS","2012","11","08",.7,"","W",0,"9",0,"8","","8","",""
"250170170","CZARNOLAS","2012","11","22",2.2,"","W",0,"9",0,"8","","8","",""
"250170170","CZARNOLAS","2012","11","23",.1,"","W",0,"9",0,"8","","8","",""
"250170170","CZARNOLAS","2012","11","26",.1,"","W",0,"9",0,"8","","8","",""
"250170170","CZARNOLAS","2012","11","27",.6,"","W",0,"9",0,"8","","8","",""
"250170170","CZARNOLAS","2012","11","28",1.8,"","W",0,"9",0,"8","","8","",""
"250170170","CZARNOLAS","2012","11","29",.5,"","W",0,"9",0,"8","","8","",""
"250170170","CZARNOLAS","2012","11","30",2.8,"","S",0,"9",0,"8","","8","",""
"250170180","SZYD£”W","2012","11","01",2.2,"","W",0,"9",0,"8","","8","",""
"250170180","SZYD£”W","2012","11","02",.0,"","W",0,"9",0,"8","","8","",""
"250170180","SZYD£”W","2012","11","04",23.3,"","W",0,"9",0,"8","","8","",""
"250170180","SZYD£”W","2012","11","05",1.0,"","W",0,"9",0,"8","","8","",""
"250170180","SZYD£”W","2012","11","06",1.2,"","W",0,"9",0,"8","","8","",""
"250170180","SZYD£”W","2012","11","07",.3,"","W",0,"9",0,"8","","8","",""
"250170180","SZYD£”W","2012","11","08",.1,"","W",0,"9",0,"8","","8","",""
"250170180","SZYD£”W","2012","11","18",.3,"","W",0,"9",0,"8","","8","",""
"250170180","SZYD£”W","2012","11","22",1.7,"","W",0,"9",0,"8","","8","",""
"250170180","SZYD£”W","2012","11","23",.3,"","W",0,"9",0,"8","","8","",""
"250170180","SZYD£”W","2012","11","26",.6,"","W",0,"9",0,"8","","8","",""
"250170180","SZYD£”W","2012","11","28",.3,"","W",0,"9",0,"8","","8","",""
"250170180","SZYD£”W","2012","11","29",.2,"","W",0,"9",0,"8","","8","",""
"250170180","SZYD£”W","2012","11","30",3.6,"","S",0,"9",0,"8","","8","",""
"250170190","GOWOROWICE","2012","11","01",.3,"","W",0,"9",0,"8","","8","",""
"250170190","GOWOROWICE","2012","11","04",20.0,"","W",0,"9",0,"8","","8","",""
"250170190","GOWOROWICE","2012","11","05",6.3,"","W",0,"9",0,"8","","8","",""
"250170190","GOWOROWICE","2012","11","06",.0,"","W",0,"9",0,"8","","8","",""
"250170190","GOWOROWICE","2012","11","09",.1,"","W",0,"9",0,"8","","8","",""
"250170190","GOWOROWICE","2012","11","22",2.5,"","W",0,"9",0,"8","","8","",""
"250170190","GOWOROWICE","2012","11","27",.5,"","W",0,"9",0,"8","","8","",""
"250170190","GOWOROWICE","2012","11","28",2.2,"","W",0,"9",0,"8","","8","",""
"250170190","GOWOROWICE","2012","11","30",1.2,"","W",0,"9",0,"8","","8","",""
"250170220","PACZK”W","2012","11","04",19.8,"","W",0,"9",0,"8","","8","",""
"250170220","PACZK”W","2012","11","05",3.4,"","W",0,"9",0,"8","","8","",""
"250170220","PACZK”W","2012","11","07",.2,"","W",0,"9",0,"8","","8","",""
"250170220","PACZK”W","2012","11","20",.8,"","W",0,"9",0,"8","","8","",""
"250170220","PACZK”W","2012","11","21",.3,"","W",0,"9",0,"8","","8","",""
"250170220","PACZK”W","2012","11","22",2.3,"","W",0,"9",0,"8","","8","",""
"250170220","PACZK”W","2012","11","25",.0,"","W",0,"9",0,"8","","8","",""
"250170220","PACZK”W","2012","11","26",.3,"","W",0,"9",0,"8","","8","",""
"250170220","PACZK”W","2012","11","27",.0,"","W",0,"9",0,"8","","8","",""
"250170220","PACZK”W","2012","11","28",3.3,"","W",0,"9",0,"8","","8","",""
"250170220","PACZK”W","2012","11","30",2.4,"","S",0,"9",0,"8","","8","",""
"250170230","NYSA","2012","11","04",29.0,"","W",0,"9",0,"8","","8","",""
"250170230","NYSA","2012","11","05",4.6,"","W",0,"9",0,"8","","8","",""
"250170230","NYSA","2012","11","06",.2,"","W",0,"9",0,"8","","8","",""
"250170230","NYSA","2012","11","07",.3,"","W",0,"9",0,"8","","8","",""
"250170230","NYSA","2012","11","12",.2,"","W",0,"9",0,"8","","8","",""
"250170230","NYSA","2012","11","14",.1,"","W",0,"9",0,"8","","8","",""
"250170230","NYSA","2012","11","22",1.9,"","W",0,"9",0,"8","","8","",""
"250170230","NYSA","2012","11","23",.4,"","W",0,"9",0,"8","","8","",""
"250170230","NYSA","2012","11","27",.1,"","W",0,"9",0,"8","","8","",""
"250170230","NYSA","2012","11","28",1.5,"","W",0,"9",0,"8","","8","",""
"250170230","NYSA","2012","11","29",.5,"","W",0,"9",0,"8","","8","",""
"250170230","NYSA","2012","11","30",1.9,"","S",0,"9",0,"8","","8","",""
"250170260","POG”RZE","2012","11","01",1.4,"","W",0,"9",0,"8","","8","",""
"250170260","POG”RZE","2012","11","02",.9,"","W",0,"9",0,"8","","8","",""
"250170260","POG”RZE","2012","11","04",11.0,"","W",0,"9",0,"8","","8","",""
"250170260","POG”RZE","2012","11","05",15.4,"","W",0,"9",0,"8","","8","",""
"250170260","POG”RZE","2012","11","06",.5,"","W",0,"9",0,"8","","8","",""
"250170260","POG”RZE","2012","11","12",.2,"","W",0,"9",0,"8","","8","",""
"250170260","POG”RZE","2012","11","22",.5,"","W",0,"9",0,"8","","8","",""
"250170260","POG”RZE","2012","11","23",.7,"","W",0,"9",0,"8","","8","",""
"250170260","POG”RZE","2012","11","27",.2,"","W",0,"9",0,"8","","8","",""
"250170260","POG”RZE","2012","11","28",.3,"","W",0,"9",0,"8","","8","",""
"250170260","POG”RZE","2012","11","30",1.7,"","W",0,"9",0,"8","","8","",""
"250170270","KRAPKOWICE","2012","11","01",2.6,"","W",0,"9",0,"8","","8","",""
"250170270","KRAPKOWICE","2012","11","02",.1,"","W",0,"9",0,"8","","8","",""
"250170270","KRAPKOWICE","2012","11","04",13.2,"","W",0,"9",0,"8","","8","",""
"250170270","KRAPKOWICE","2012","11","05",13.0,"","W",0,"9",0,"8","","8","",""
"250170270","KRAPKOWICE","2012","11","07",1.5,"","W",0,"9",0,"8","","8","",""
"250170270","KRAPKOWICE","2012","11","08",.5,"","W",0,"9",0,"8","","8","",""
"250170270","KRAPKOWICE","2012","11","12",.0,"","W",0,"9",0,"8","","8","",""
"250170270","KRAPKOWICE","2012","11","23",.3,"","W",0,"9",0,"8","","8","",""
"250170270","KRAPKOWICE","2012","11","27",.1,"","W",0,"9",0,"8","","8","",""
"250170270","KRAPKOWICE","2012","11","28",.4,"","W",0,"9",0,"8","","8","",""
"250170270","KRAPKOWICE","2012","11","29",1.0,"","W",0,"9",0,"8","","8","",""
"250170270","KRAPKOWICE","2012","11","30",1.9,"","W",0,"9",0,"8","","8","",""
"250170280","ZIELINA","2012","11","01",1.5,"","W",0,"9",0,"8","","8","",""
"250170280","ZIELINA","2012","11","02",.6,"","W",0,"9",0,"8","","8","",""
"250170280","ZIELINA","2012","11","04",20.5,"","W",0,"9",0,"8","","8","",""
"250170280","ZIELINA","2012","11","05",5.7,"","W",0,"9",0,"8","","8","",""
"250170280","ZIELINA","2012","11","06",.1,"","W",0,"9",0,"8","","8","",""
"250170280","ZIELINA","2012","11","07",.5,"","W",0,"9",0,"8","","8","",""
"250170280","ZIELINA","2012","11","08",.4,"","W",0,"9",0,"8","","8","",""
"250170280","ZIELINA","2012","11","23",1.2,"","W",0,"9",0,"8","","8","",""
"250170280","ZIELINA","2012","11","27",.3,"","W",0,"9",0,"8","","8","",""
"250170280","ZIELINA","2012","11","28",.5,"","W",0,"9",0,"8","","8","",""
"250170280","ZIELINA","2012","11","29",.2,"","W",0,"9",0,"8","","8","",""
"250170280","ZIELINA","2012","11","30",1.6,"","S",0,"9",0,"8","","8","",""
"250170290","DZIEWI TLICE","2012","11","01",.0,"","W",0,"9",0,"8","","8","",""
"250170290","DZIEWI TLICE","2012","11","04",17.5,"","W",0,"9",0,"8","","8","",""
"250170290","DZIEWI TLICE","2012","11","05",3.0,"","W",0,"9",0,"8","","8","",""
"250170290","DZIEWI TLICE","2012","11","09",.0,"","W",0,"9",0,"8","","8","",""
"250170290","DZIEWI TLICE","2012","11","12",.2,"","W",0,"9",0,"8","","8","",""
"250170290","DZIEWI TLICE","2012","11","20",.2,"","W",0,"9",0,"8","","8","",""
"250170290","DZIEWI TLICE","2012","11","22",2.3,"","W",0,"9",0,"8","","8","",""
"250170290","DZIEWI TLICE","2012","11","23",.2,"","W",0,"9",0,"8","","8","",""
"250170290","DZIEWI TLICE","2012","11","26",.0,"","W",0,"9",0,"8","","8","",""
"250170290","DZIEWI TLICE","2012","11","27",.0,"","W",0,"9",0,"8","","8","",""
"250170290","DZIEWI TLICE","2012","11","28",1.9,"","W",0,"9",0,"8","","8","",""
"250170290","DZIEWI TLICE","2012","11","29",1.2,"","W",0,"9",0,"8","","8","",""
"250170290","DZIEWI TLICE","2012","11","30",2.7,"","S",0,"9",0,"8","","8","",""
"250170340","JARNO£T”WEK","2012","11","01",.5,"","W",0,"9",0,"8","","8","PL",""
"250170340","JARNO£T”WEK","2012","11","04",16.3,"","W",0,"9",0,"8","","8","",""
"250170340","JARNO£T”WEK","2012","11","05",7.1,"","W",0,"9",0,"8","","8","",""
"250170340","JARNO£T”WEK","2012","11","06",.3,"","W",0,"9",0,"8","","8","",""
"250170340","JARNO£T”WEK","2012","11","08",.1,"","W",0,"9",0,"8","","8","",""
"250170340","JARNO£T”WEK","2012","11","12",1.2,"","W",0,"9",0,"8","","8","",""
"250170340","JARNO£T”WEK","2012","11","18",.5,"","W",0,"9",0,"8","","8","",""
"250170340","JARNO£T”WEK","2012","11","22",.2,"","W",0,"9",0,"8","","8","",""
"250170340","JARNO£T”WEK","2012","11","23",.1,"","W",0,"9",0,"8","","8","",""
"250170340","JARNO£T”WEK","2012","11","28",.7,"","W",0,"9",0,"8","","8","",""
"250170340","JARNO£T”WEK","2012","11","29",.4,"","W",0,"9",0,"8","","8","",""
"250170340","JARNO£T”WEK","2012","11","30",3.4,"","S",0,"9",0,"8","","8","",""
"250170350","BIELICE","2012","11","01",3.9,"","S",5,"",0,"8","","8","*",""
"250170350","BIELICE","2012","11","02",.0,"9","",5,"",0,"8","","8","*",""
"250170350","BIELICE","2012","11","03",.2,"","W",0,"9",0,"8","","8","PL",""
"250170350","BIELICE","2012","11","04",17.3,"","W",0,"9",0,"8","","8","PL",""
"250170350","BIELICE","2012","11","05",5.6,"","W",0,"9",0,"8","","8","",""
"250170350","BIELICE","2012","11","06",2.0,"","S",0,"9",0,"8","","8","",""
"250170350","BIELICE","2012","11","07",.1,"","S",0,"9",0,"8","","8","",""
"250170350","BIELICE","2012","11","12",.5,"","W",0,"9",0,"8","","8","",""
"250170350","BIELICE","2012","11","21",.1,"","W",0,"9",0,"8","","8","",""
"250170350","BIELICE","2012","11","22",2.0,"","W",0,"9",0,"8","","8","",""
"250170350","BIELICE","2012","11","23",.5,"","W",0,"9",0,"8","","8","",""
"250170350","BIELICE","2012","11","28",4.3,"","W",0,"9",0,"8","","8","",""
"250170350","BIELICE","2012","11","29",1.3,"","S",0,"9",0,"8","","8","",""
"250170350","BIELICE","2012","11","30",.5,"","S",0,"",0,"8","","8","SL",""
"250170380","PIELGRZYM”W","2012","11","01",.8,"","W",0,"9",0,"8","","8","pl",""
"250170380","PIELGRZYM”W","2012","11","04",17.0,"","W",0,"9",0,"8","","8",".",""
"250170380","PIELGRZYM”W","2012","11","05",3.4,"","W",0,"9",0,"8","","8",".",""
"250170380","PIELGRZYM”W","2012","11","06",2.1,"","W",0,"9",0,"8","","8",".",""
"250170380","PIELGRZYM”W","2012","11","12",.1,"","W",0,"9",0,"8","","8",".",""
"250170380","PIELGRZYM”W","2012","11","23",2.0,"","W",0,"9",0,"8","","8",".",""
"250170380","PIELGRZYM”W","2012","11","28",.7,"","W",0,"9",0,"8","","8",".",""
"250170380","PIELGRZYM”W","2012","11","29",.2,"","W",0,"9",0,"8","","8",".",""
"250170380","PIELGRZYM”W","2012","11","30",.2,"","W",0,"9",0,"8","","8",".",""
"250170410","BABOR”W","2012","11","01",1.4,"","W",0,"9",0,"8","","8",".",""
"250170410","BABOR”W","2012","11","02",.5,"","W",0,"9",0,"8","","8",".",""
"250170410","BABOR”W","2012","11","04",19.2,"","W",0,"9",0,"8","","8",".",""
"250170410","BABOR”W","2012","11","05",5.8,"","W",0,"9",0,"8","","8",".",""
"250170410","BABOR”W","2012","11","06",1.0,"","W",0,"9",0,"8","","8",".",""
"250170410","BABOR”W","2012","11","07",.6,"","W",0,"9",0,"8","","8",".",""
"250170410","BABOR”W","2012","11","21",.3,"","W",0,"9",0,"8","","8",".",""
"250170410","BABOR”W","2012","11","23",1.7,"","W",0,"9",0,"8","","8",".",""
"250170410","BABOR”W","2012","11","29",1.0,"","W",0,"9",0,"8","","8",".",""
"250170410","BABOR”W","2012","11","30",3.5,"","S",0,"9",0,"8","","8",".",""
"250170420","WOJNOWICE","2012","11","01",1.7,"","W",0,"9",0,"8","","8",".",""
"250170420","WOJNOWICE","2012","11","02",.5,"","W",0,"9",0,"8","","8",".",""
"250170420","WOJNOWICE","2012","11","04",19.2,"","W",0,"9",0,"8","","8",".",""
"250170420","WOJNOWICE","2012","11","05",4.3,"","W",0,"9",0,"8","","8",".",""
"250170420","WOJNOWICE","2012","11","06",1.2,"","W",0,"9",0,"8","","8",".",""
"250170420","WOJNOWICE","2012","11","07",.1,"","W",0,"9",0,"8","","8",".",""
"250170420","WOJNOWICE","2012","11","12",.0,"","W",0,"9",0,"8","","8",".",""
"250170420","WOJNOWICE","2012","11","20",.1,"","W",0,"9",0,"8","","8",".",""
"250170420","WOJNOWICE","2012","11","21",.0,"","W",0,"9",0,"8","","8",".",""
"250170420","WOJNOWICE","2012","11","23",2.2,"","W",0,"9",0,"8","","8",".",""
"250170420","WOJNOWICE","2012","11","28",.9,"","W",0,"9",0,"8","","8",".",""
"250170420","WOJNOWICE","2012","11","29",1.2,"","W",0,"9",0,"8","","8",".",""
"250170420","WOJNOWICE","2012","11","30",3.0,"","S",0,"9",0,"8","","8",".",""
"250170430","BRANICE","2012","11","01",1.1,"","W",0,"9",0,"8","","8",".",""
"250170430","BRANICE","2012","11","02",.7,"","W",0,"9",0,"8","","8",".",""
"250170430","BRANICE","2012","11","03",.4,"","W",0,"9",0,"8","","8",".",""
"250170430","BRANICE","2012","11","04",9.7,"","W",0,"9",0,"8","","8",".",""
"250170430","BRANICE","2012","11","05",11.4,"","W",0,"9",0,"8","","8",".",""
"250170430","BRANICE","2012","11","06",.7,"","W",0,"9",0,"8","","8",".",""
"250170430","BRANICE","2012","11","07",1.1,"","W",0,"9",0,"8","","8",".",""
"250170430","BRANICE","2012","11","11",.2,"","W",0,"9",0,"8","","8",".",""
"250170430","BRANICE","2012","11","22",.7,"","W",0,"9",0,"8","","8",".",""
"250170430","BRANICE","2012","11","23",2.1,"","W",0,"9",0,"8","","8",".",""
"250170430","BRANICE","2012","11","29",1.7,"","W",0,"9",0,"8","","8",".",""
"250170430","BRANICE","2012","11","30",3.4,"","S",0,"9",0,"8","","8",".",""
"250170440","TURK”W","2012","11","01",1.5,"","W",0,"9",0,"8","","8",".",""
"250170440","TURK”W","2012","11","04",22.1,"","W",0,"9",0,"8","","8",".",""
"250170440","TURK”W","2012","11","05",4.2,"","W",0,"9",0,"8","","8",".",""
"250170440","TURK”W","2012","11","12",.0,"","W",0,"9",0,"8","","8",".",""
"250170440","TURK”W","2012","11","23",5.4,"","W",0,"9",0,"8","","8",".",""
"250170440","TURK”W","2012","11","29",2.5,"","W",0,"9",0,"8","","8",".",""
"250170440","TURK”W","2012","11","30",2.1,"","S",0,"9",0,"8","","8",".",""
"250170530","PRUDNIK","2012","11","01",.5,"","W",0,"9",0,"8","","8","",""
"250170530","PRUDNIK","2012","11","02",.1,"","W",0,"9",0,"8","","8","",""
"250170530","PRUDNIK","2012","11","04",20.0,"","W",0,"9",0,"8","","8","",""
"250170530","PRUDNIK","2012","11","05",2.5,"","W",0,"9",0,"8","","8","",""
"250170530","PRUDNIK","2012","11","06",.3,"","W",0,"9",0,"8","","8","",""
"250170530","PRUDNIK","2012","11","07",.2,"","W",0,"9",0,"8","","8","",""
"250170530","PRUDNIK","2012","11","08",.2,"","W",0,"9",0,"8","","8","",""
"250170530","PRUDNIK","2012","11","23",.5,"","W",0,"9",0,"8","","8","",""
"250170530","PRUDNIK","2012","11","27",.0,"","W",0,"9",0,"8","","8","",""
"250170530","PRUDNIK","2012","11","28",.6,"","W",0,"9",0,"8","","8","",""
"250170530","PRUDNIK","2012","11","29",.1,"","W",0,"9",0,"8","","8","",""
"250170530","PRUDNIK","2012","11","30",1.1,"","S",0,"9",0,"8","","8","",""
"250170540","RAC£AWICE åL•SKIE","2012","11","01",.9,"","W",0,"9",0,"8","","8","",""
"250170540","RAC£AWICE åL•SKIE","2012","11","02",1.9,"","W",0,"9",0,"8","","8","",""
"250170540","RAC£AWICE åL•SKIE","2012","11","04",21.2,"","W",0,"9",0,"8","","8","",""
"250170540","RAC£AWICE åL•SKIE","2012","11","05",4.7,"","W",0,"9",0,"8","","8","",""
"250170540","RAC£AWICE åL•SKIE","2012","11","07",.6,"","W",0,"9",0,"8","","8","",""
"250170540","RAC£AWICE åL•SKIE","2012","11","08",.4,"","W",0,"9",0,"8","","8","",""
"250170540","RAC£AWICE åL•SKIE","2012","11","23",2.6,"","W",0,"9",0,"8","","8","",""
"250170540","RAC£AWICE åL•SKIE","2012","11","29",.7,"","W",0,"9",0,"8","","8","",""
"250170540","RAC£AWICE åL•SKIE","2012","11","30",1.3,"","W",0,"9",0,"8","","8","",""
"250170550","D•BR”WKA G”RNA","2012","11","01",2.2,"","W",0,"9",0,"8","","8","",""
"250170550","D•BR”WKA G”RNA","2012","11","02",2.1,"","W",0,"9",0,"8","","8","",""
"250170550","D•BR”WKA G”RNA","2012","11","04",16.7,"","W",0,"9",0,"8","","8","",""
"250170550","D•BR”WKA G”RNA","2012","11","05",11.2,"","W",0,"9",0,"8","","8","",""
"250170550","D•BR”WKA G”RNA","2012","11","06",1.8,"","W",0,"9",0,"8","","8","",""
"250170550","D•BR”WKA G”RNA","2012","11","07",2.8,"","W",0,"9",0,"8","","8","",""
"250170550","D•BR”WKA G”RNA","2012","11","08",.5,"","W",0,"9",0,"8","","8","",""
"250170550","D•BR”WKA G”RNA","2012","11","09",.8,"","W",0,"9",0,"8","","8","",""
"250170550","D•BR”WKA G”RNA","2012","11","23",1.5,"","W",0,"9",0,"8","","8","",""
"250170550","D•BR”WKA G”RNA","2012","11","28",.8,"","W",0,"9",0,"8","","8","",""
"250170550","D•BR”WKA G”RNA","2012","11","29",1.5,"","W",0,"9",0,"8","","8","",""
"250170550","D•BR”WKA G”RNA","2012","11","30",2.0,"","S",0,"9",0,"8","","8","",""
"250180010","B•K”W","2012","11","01",2.0,"","W",0,"9",0,"8","","8","",""
"250180010","B•K”W","2012","11","02",.9,"","W",0,"9",0,"8","","8","",""
"250180010","B•K”W","2012","11","04",13.5,"","W",0,"9",0,"8","","8","",""
"250180010","B•K”W","2012","11","05",7.5,"","W",0,"9",0,"8","","8","",""
"250180010","B•K”W","2012","11","06",.5,"","W",0,"9",0,"8","","8","",""
"250180010","B•K”W","2012","11","07",3.6,"","W",0,"9",0,"8","","8","",""
"250180010","B•K”W","2012","11","21",.1,"","W",0,"9",0,"8","","8","",""
"250180010","B•K”W","2012","11","22",.1,"","W",0,"9",0,"8","","8","",""
"250180010","B•K”W","2012","11","23",.4,"","W",0,"9",0,"8","","8","",""
"250180010","B•K”W","2012","11","26",.0,"","W",0,"9",0,"8","","8","",""
"250180010","B•K”W","2012","11","27",1.0,"","W",0,"9",0,"8","","8","",""
"250180010","B•K”W","2012","11","28",.5,"","W",0,"9",0,"8","","8","",""
"250180010","B•K”W","2012","11","29",1.0,"","W",0,"9",0,"8","","8","",""
"250180010","B•K”W","2012","11","30",1.6,"","S",0,"9",0,"8","","8","",""
"250180020","KARMONKI NOWE","2012","11","01",1.8,"","W",0,"9",0,"8","","8",".",""
"250180020","KARMONKI NOWE","2012","11","02",.7,"","W",0,"9",0,"8","","8",".",""
"250180020","KARMONKI NOWE","2012","11","04",15.6,"","W",0,"9",0,"8","","8",".",""
"250180020","KARMONKI NOWE","2012","11","05",7.9,"","W",0,"9",0,"8","","8",".",""
"250180020","KARMONKI NOWE","2012","11","06",.7,"","W",0,"9",0,"8","","8",".",""
"250180020","KARMONKI NOWE","2012","11","07",3.1,"","W",0,"9",0,"8","","8",".",""
"250180020","KARMONKI NOWE","2012","11","09",.2,"","W",0,"9",0,"8","","8",".",""
"250180020","KARMONKI NOWE","2012","11","23",.4,"","W",0,"9",0,"8","","8",".",""
"250180020","KARMONKI NOWE","2012","11","26",.1,"","W",0,"9",0,"8","","8",".",""
"250180020","KARMONKI NOWE","2012","11","27",.1,"","W",0,"9",0,"8","","8",".",""
"250180020","KARMONKI NOWE","2012","11","28",.7,"","W",0,"9",0,"8","","8",".",""
"250180020","KARMONKI NOWE","2012","11","29",1.7,"","W",0,"9",0,"8","","8",".",""
"250180020","KARMONKI NOWE","2012","11","30",3.5,"","S",0,"9",0,"8","","8",".",""
"250180040","K£OBUCK","2012","11","01",3.0,"","W",0,"9",0,"8","","8",".",""
"250180040","K£OBUCK","2012","11","04",15.7,"","W",0,"9",0,"8","","8",".",""
"250180040","K£OBUCK","2012","11","05",6.4,"","W",0,"9",0,"8","","8",".",""
"250180040","K£OBUCK","2012","11","06",.3,"","W",0,"9",0,"8","","8",".",""
"250180040","K£OBUCK","2012","11","07",3.7,"","W",0,"9",0,"8","","8",".",""
"250180040","K£OBUCK","2012","11","09",.3,"","W",0,"9",0,"8","","8",".",""
"250180040","K£OBUCK","2012","11","23",.3,"","W",0,"9",0,"8","","8",".",""
"250180040","K£OBUCK","2012","11","28",.6,"","W",0,"9",0,"8","","8",".",""
"250180040","K£OBUCK","2012","11","29",1.2,"","W",0,"9",0,"8","","8",".",""
"250180040","K£OBUCK","2012","11","30",4.1,"","S",0,"9",0,"8","","8",".",""
"250180050","D BINIEC","2012","11","01",4.1,"","W",0,"9",0,"8","","8",".",""
"250180050","D BINIEC","2012","11","04",23.1,"","W",0,"9",0,"8","","8",".",""
"250180050","D BINIEC","2012","11","05",1.5,"","W",0,"9",0,"8","","8",".",""
"250180050","D BINIEC","2012","11","07",4.7,"","W",0,"9",0,"8","","8",".",""
"250180050","D BINIEC","2012","11","26",.9,"","W",0,"9",0,"8","","8",".",""
"250180050","D BINIEC","2012","11","28",.7,"","W",0,"9",0,"8","","8",".",""
"250180050","D BINIEC","2012","11","29",.5,"","W",0,"9",0,"8","","8",".",""
"250180050","D BINIEC","2012","11","30",6.4,"","S",0,"9",0,"8","","8",".",""
"250180060","SZUMIRAD","2012","11","01",3.6,"","W",0,"9",0,"8","","8","",""
"250180060","SZUMIRAD","2012","11","02",.5,"","W",0,"9",0,"8","","8","",""
"250180060","SZUMIRAD","2012","11","04",25.1,"","W",0,"9",0,"8","","8","",""
"250180060","SZUMIRAD","2012","11","05",.9,"","W",0,"9",0,"8","","8","",""
"250180060","SZUMIRAD","2012","11","07",4.8,"","W",0,"9",0,"8","","8","",""
"250180060","SZUMIRAD","2012","11","09",1.6,"","W",0,"9",0,"8","","8","",""
"250180060","SZUMIRAD","2012","11","11",.3,"","W",0,"9",0,"8","","8","",""
"250180060","SZUMIRAD","2012","11","18",.1,"","W",0,"9",0,"8","","8","",""
"250180060","SZUMIRAD","2012","11","19",.3,"","W",0,"9",0,"8","","8","",""
"250180060","SZUMIRAD","2012","11","23",.3,"","W",0,"9",0,"8","","8","",""
"250180060","SZUMIRAD","2012","11","26",.5,"","W",0,"9",0,"8","","8","",""
"250180060","SZUMIRAD","2012","11","27",.4,"","W",0,"9",0,"8","","8","",""
"250180060","SZUMIRAD","2012","11","28",.6,"","W",0,"9",0,"8","","8","",""
"250180060","SZUMIRAD","2012","11","29",2.2,"","W",0,"9",0,"8","","8","",""
"250180060","SZUMIRAD","2012","11","30",3.5,"","W",0,"9",0,"8","","8","",""
"250180070","NIWKI","2012","11","01",2.7,"","W",0,"9",0,"8","","8",".",""
"250180070","NIWKI","2012","11","02",.4,"","W",0,"9",0,"8","","8",".",""
"250180070","NIWKI","2012","11","03",.0,"","W",0,"9",0,"8","","8",".",""
"250180070","NIWKI","2012","11","04",16.8,"","W",0,"9",0,"8","","8",".",""
"250180070","NIWKI","2012","11","05",6.2,"","W",0,"9",0,"8","","8",".",""
"250180070","NIWKI","2012","11","06",.1,"","W",0,"9",0,"8","","8",".",""
"250180070","NIWKI","2012","11","07",4.0,"","W",0,"9",0,"8","","8",".",""
"250180070","NIWKI","2012","11","09",.1,"","W",0,"9",0,"8","","8",".",""
"250180070","NIWKI","2012","11","23",.1,"","W",0,"9",0,"8","","8",".",""
"250180070","NIWKI","2012","11","27",.0,"","W",0,"9",0,"8","","8",".",""
"250180070","NIWKI","2012","11","28",.8,"","W",0,"9",0,"8","","8",".",""
"250180070","NIWKI","2012","11","29",2.1,"","W",0,"9",0,"8","","8",".",""
"250180070","NIWKI","2012","11","30",3.4,"","S",0,"9",0,"8","","8",".",""
"250180080","£EBKI","2012","11","01",7.4,"","W",0,"9",0,"8","","8",".",""
"250180080","£EBKI","2012","11","02",.0,"","W",0,"9",0,"8","","8",".",""
"250180080","£EBKI","2012","11","04",17.8,"","W",0,"9",0,"8","","8",".",""
"250180080","£EBKI","2012","11","05",8.0,"","W",0,"9",0,"8","","8",".",""
"250180080","£EBKI","2012","11","06",.1,"","W",0,"9",0,"8","","8",".",""
"250180080","£EBKI","2012","11","07",3.8,"","W",0,"9",0,"8","","8",".",""
"250180080","£EBKI","2012","11","27",.0,"","W",0,"9",0,"8","","8",".",""
"250180080","£EBKI","2012","11","28",.2,"","W",0,"9",0,"8","","8",".",""
"250180080","£EBKI","2012","11","29",1.7,"","W",0,"9",0,"8","","8",".",""
"250180080","£EBKI","2012","11","30",1.8,"","S",0,"9",0,"8","","8",".",""
"250180090","TURAWA","2012","11","01",2.8,"","W",0,"9",0,"8","","8","",""
"250180090","TURAWA","2012","11","02",.8,"","W",0,"9",0,"8","","8","",""
"250180090","TURAWA","2012","11","04",22.9,"","W",0,"9",0,"8","","8","",""
"250180090","TURAWA","2012","11","05",5.3,"","W",0,"9",0,"8","","8","",""
"250180090","TURAWA","2012","11","06",.8,"","W",0,"9",0,"8","","8","",""
"250180090","TURAWA","2012","11","07",2.7,"","W",0,"9",0,"8","","8","",""
"250180090","TURAWA","2012","11","08",.4,"","W",0,"9",0,"8","","8","",""
"250180090","TURAWA","2012","11","22",.4,"","W",0,"9",0,"8","","8","",""
"250180090","TURAWA","2012","11","23",.2,"","W",0,"9",0,"8","","8","",""
"250180090","TURAWA","2012","11","26",.3,"","W",0,"9",0,"8","","8","",""
"250180090","TURAWA","2012","11","27",.2,"","W",0,"9",0,"8","","8","",""
"250180090","TURAWA","2012","11","29",2.2,"","W",0,"9",0,"8","","8","",""
"250180090","TURAWA","2012","11","30",2.7,"","S",0,"9",0,"8","","8","",""
"250180110","DOBRODZIE—","2012","11","01",1.9,"","W",0,"9",0,"8","","8","",""
"250180110","DOBRODZIE—","2012","11","02",.6,"","W",0,"9",0,"8","","8","",""
"250180110","DOBRODZIE—","2012","11","04",22.3,"","W",0,"9",0,"8","","8","",""
"250180110","DOBRODZIE—","2012","11","05",2.9,"","W",0,"9",0,"8","","8","",""
"250180110","DOBRODZIE—","2012","11","06",1.2,"","W",0,"9",0,"8","","8","",""
"250180110","DOBRODZIE—","2012","11","07",5.1,"","W",0,"9",0,"8","","8","",""
"250180110","DOBRODZIE—","2012","11","08",.3,"","W",0,"9",0,"8","","8","",""
"250180110","DOBRODZIE—","2012","11","09",.4,"","W",0,"9",0,"8","","8","",""
"250180110","DOBRODZIE—","2012","11","20",.4,"","W",0,"9",0,"8","","8","",""
"250180110","DOBRODZIE—","2012","11","21",.1,"","W",0,"9",0,"8","","8","",""
"250180110","DOBRODZIE—","2012","11","23",.2,"","W",0,"9",0,"8","","8","",""
"250180110","DOBRODZIE—","2012","11","27",.0,"","W",0,"9",0,"8","","8","",""
"250180110","DOBRODZIE—","2012","11","28",.9,"","W",0,"9",0,"8","","8","",""
"250180110","DOBRODZIE—","2012","11","29",2.8,"","S",0,"9",0,"8","","8","",""
"250180110","DOBRODZIE—","2012","11","30",4.1,"","S",0,"",0,"8","","8","SL",""
"250180130","GRODZIEC","2012","11","01",2.4,"","W",0,"9",0,"8","","8","",""
"250180130","GRODZIEC","2012","11","02",.6,"","W",0,"9",0,"8","","8","",""
"250180130","GRODZIEC","2012","11","04",22.1,"","W",0,"9",0,"8","","8","",""
"250180130","GRODZIEC","2012","11","05",4.5,"","W",0,"9",0,"8","","8","",""
"250180130","GRODZIEC","2012","11","06",1.2,"","W",0,"9",0,"8","","8","",""
"250180130","GRODZIEC","2012","11","07",3.6,"","W",0,"9",0,"8","","8","",""
"250180130","GRODZIEC","2012","11","08",.5,"","W",0,"9",0,"8","","8","",""
"250180130","GRODZIEC","2012","11","09",.2,"","W",0,"9",0,"8","","8","",""
"250180130","GRODZIEC","2012","11","23",.1,"","W",0,"9",0,"8","","8","",""
"250180130","GRODZIEC","2012","11","26",.3,"","W",0,"9",0,"8","","8","",""
"250180130","GRODZIEC","2012","11","28",.7,"","W",0,"9",0,"8","","8","",""
"250180130","GRODZIEC","2012","11","29",2.9,"","W",0,"9",0,"8","","8","",""
"250180130","GRODZIEC","2012","11","30",3.6,"","S",0,"9",0,"8","","8","",""
"250180150","RASZOWA","2012","11","01",3.3,"","W",0,"9",0,"8","","8","",""
"250180150","RASZOWA","2012","11","02",.5,"","W",0,"9",0,"8","","8","",""
"250180150","RASZOWA","2012","11","04",19.8,"","W",0,"9",0,"8","","8","",""
"250180150","RASZOWA","2012","11","05",5.6,"","W",0,"9",0,"8","","8","",""
"250180150","RASZOWA","2012","11","06",.5,"","W",0,"9",0,"8","","8","",""
"250180150","RASZOWA","2012","11","07",2.4,"","W",0,"9",0,"8","","8","",""
"250180150","RASZOWA","2012","11","08",.7,"","W",0,"9",0,"8","","8","",""
"250180150","RASZOWA","2012","11","09",.4,"","W",0,"9",0,"8","","8","",""
"250180150","RASZOWA","2012","11","12",.5,"","W",0,"9",0,"8","","8","",""
"250180150","RASZOWA","2012","11","28",.3,"","W",0,"9",0,"8","","8","",""
"250180150","RASZOWA","2012","11","29",1.9,"","W",0,"9",0,"8","","8","",""
"250180150","RASZOWA","2012","11","30",2.2,"","W",0,"9",0,"8","","8","",""
"250180160","KAD£UB-PIEC","2012","11","01",.8,"","W",0,"9",0,"8","","8","",""
"250180160","KAD£UB-PIEC","2012","11","02",.3,"","W",0,"9",0,"8","","8","",""
"250180160","KAD£UB-PIEC","2012","11","04",19.0,"","W",0,"9",0,"8","","8","",""
"250180160","KAD£UB-PIEC","2012","11","05",6.0,"","W",0,"9",0,"8","","8","",""
"250180160","KAD£UB-PIEC","2012","11","06",.6,"","W",0,"9",0,"8","","8","",""
"250180160","KAD£UB-PIEC","2012","11","07",3.0,"","W",0,"9",0,"8","","8","",""
"250180160","KAD£UB-PIEC","2012","11","08",.5,"","W",0,"9",0,"8","","8","",""
"250180160","KAD£UB-PIEC","2012","11","14",.4,"","W",0,"9",0,"8","","8","",""
"250180160","KAD£UB-PIEC","2012","11","21",.8,"","W",0,"9",0,"8","","8","",""
"250180160","KAD£UB-PIEC","2012","11","23",2.0,"","W",0,"9",0,"8","","8","",""
"250180160","KAD£UB-PIEC","2012","11","28",.4,"","W",0,"9",0,"8","","8","",""
"250180160","KAD£UB-PIEC","2012","11","29",3.3,"","W",0,"9",0,"8","","8","",""
"250180160","KAD£UB-PIEC","2012","11","30",2.9,"","S",0,"9",0,"8","","8","",""
"250180170","ZAWADZKIE","2012","11","01",2.0,"","W",0,"9",0,"8","","8","",""
"250180170","ZAWADZKIE","2012","11","02",.1,"","W",0,"9",0,"8","","8","",""
"250180170","ZAWADZKIE","2012","11","04",16.3,"","W",0,"9",0,"8","","8","",""
"250180170","ZAWADZKIE","2012","11","05",8.5,"","W",0,"9",0,"8","","8","",""
"250180170","ZAWADZKIE","2012","11","06",.5,"","W",0,"9",0,"8","","8","",""
"250180170","ZAWADZKIE","2012","11","07",4.4,"","W",0,"9",0,"8","","8","",""
"250180170","ZAWADZKIE","2012","11","09",.6,"","W",0,"9",0,"8","","8","",""
"250180170","ZAWADZKIE","2012","11","23",.3,"","W",0,"9",0,"8","","8","",""
"250180170","ZAWADZKIE","2012","11","28",1.0,"","W",0,"9",0,"8","","8","",""
"250180170","ZAWADZKIE","2012","11","29",3.0,"","W",0,"9",0,"8","","8","",""
"250180170","ZAWADZKIE","2012","11","30",2.6,"","S",0,"9",0,"8","","8","",""
"250180180","BRUSIEK","2012","11","01",2.5,"","W",0,"9",0,"8","","8",".",""
"250180180","BRUSIEK","2012","11","02",1.0,"","W",0,"9",0,"8","","8",".",""
"250180180","BRUSIEK","2012","11","04",14.5,"","W",0,"9",0,"8","","8",".",""
"250180180","BRUSIEK","2012","11","05",2.6,"","W",0,"9",0,"8","","8",".",""
"250180180","BRUSIEK","2012","11","06",1.2,"","W",0,"9",0,"8","","8",".",""
"250180180","BRUSIEK","2012","11","07",3.7,"","W",0,"9",0,"8","","8",".",""
"250180180","BRUSIEK","2012","11","09",.6,"","W",0,"9",0,"8","","8",".",""
"250180180","BRUSIEK","2012","11","21",.6,"","W",0,"9",0,"8","","8",".",""
"250180180","BRUSIEK","2012","11","23",.8,"","W",0,"9",0,"8","","8",".",""
"250180180","BRUSIEK","2012","11","28",.8,"","W",0,"9",0,"8","","8",".",""
"250180180","BRUSIEK","2012","11","29",1.1,"","W",0,"9",0,"8","","8",".",""
"250180180","BRUSIEK","2012","11","30",4.8,"","S",0,"9",0,"8","","8",".",""
"250180190","KRUPSKI M£YN","2012","11","01",3.0,"","W",0,"9",0,"8","","8",".",""
"250180190","KRUPSKI M£YN","2012","11","04",18.3,"","W",0,"9",0,"8","","8",".",""
"250180190","KRUPSKI M£YN","2012","11","05",8.0,"","W",0,"9",0,"8","","8",".",""
"250180190","KRUPSKI M£YN","2012","11","06",.7,"","W",0,"9",0,"8","","8",".",""
"250180190","KRUPSKI M£YN","2012","11","07",3.8,"","W",0,"9",0,"8","","8",".",""
"250180190","KRUPSKI M£YN","2012","11","08",.2,"","W",0,"9",0,"8","","8",".",""
"250180190","KRUPSKI M£YN","2012","11","09",.2,"","W",0,"9",0,"8","","8",".",""
"250180190","KRUPSKI M£YN","2012","11","12",.2,"","W",0,"9",0,"8","","8",".",""
"250180190","KRUPSKI M£YN","2012","11","23",.3,"","W",0,"9",0,"8","","8",".",""
"250180190","KRUPSKI M£YN","2012","11","28",.3,"","W",0,"9",0,"8","","8",".",""
"250180190","KRUPSKI M£YN","2012","11","29",.2,"","W",0,"9",0,"8","","8",".",""
"250180190","KRUPSKI M£YN","2012","11","30",2.8,"","S",0,"9",0,"8","","8",".",""
"250180210","ZIELONA","2012","11","01",.2,"","W",0,"9",0,"8","","8",".",""
"250180210","ZIELONA","2012","11","02",.0,"","W",0,"9",0,"8","","8",".",""
"250180210","ZIELONA","2012","11","03",.2,"","W",0,"9",0,"8","","8",".",""
"250180210","ZIELONA","2012","11","04",20.0,"","W",0,"9",0,"8","","8",".",""
"250180210","ZIELONA","2012","11","05",5.2,"","W",0,"9",0,"8","","8",".",""
"250180210","ZIELONA","2012","11","06",1.6,"","W",0,"9",0,"8","","8",".",""
"250180210","ZIELONA","2012","11","07",3.8,"","W",0,"9",0,"8","","8",".",""
"250180210","ZIELONA","2012","11","08",1.7,"","W",0,"9",0,"8","","8",".",""
"250180210","ZIELONA","2012","11","09",.3,"","W",0,"9",0,"8","","8",".",""
"250180210","ZIELONA","2012","11","11",.2,"","W",0,"9",0,"8","","8",".",""
"250180210","ZIELONA","2012","11","12",.1,"","W",0,"9",0,"8","","8",".",""
"250180210","ZIELONA","2012","11","23",1.2,"","W",0,"9",0,"8","","8",".",""
"250180210","ZIELONA","2012","11","28",.3,"","W",0,"9",0,"8","","8",".",""
"250180210","ZIELONA","2012","11","29",.6,"","W",0,"9",0,"8","","8",".",""
"250180210","ZIELONA","2012","11","30",2.9,"","S",0,"9",0,"8","","8",".",""
"250180220","STRZELCE OPOLSKIE","2012","11","01",3.2,"","W",0,"9",0,"8","","8","",""
"250180220","STRZELCE OPOLSKIE","2012","11","04",21.0,"","W",0,"9",0,"8","","8","",""
"250180220","STRZELCE OPOLSKIE","2012","11","05",7.0,"","W",0,"9",0,"8","","8","",""
"250180220","STRZELCE OPOLSKIE","2012","11","06",1.0,"","W",0,"9",0,"8","","8","",""
"250180220","STRZELCE OPOLSKIE","2012","11","07",2.1,"","W",0,"9",0,"8","","8","",""
"250180220","STRZELCE OPOLSKIE","2012","11","09",1.0,"","W",0,"9",0,"8","","8","",""
"250180220","STRZELCE OPOLSKIE","2012","11","23",.2,"","W",0,"9",0,"8","","8","",""
"250180220","STRZELCE OPOLSKIE","2012","11","28",.4,"","W",0,"9",0,"8","","8","",""
"250180220","STRZELCE OPOLSKIE","2012","11","29",1.5,"","W",0,"9",0,"8","","8","",""
"250180220","STRZELCE OPOLSKIE","2012","11","30",2.1,"","W",0,"9",0,"8","","8","",""
"250180230","LIGOTA G”RNA","2012","11","01",1.0,"","W",0,"9",0,"8","","8","",""
"250180230","LIGOTA G”RNA","2012","11","02",2.1,"","W",0,"9",0,"8","","8","",""
"250180230","LIGOTA G”RNA","2012","11","04",21.6,"","W",0,"9",0,"8","","8","",""
"250180230","LIGOTA G”RNA","2012","11","05",5.7,"","W",0,"9",0,"8","","8","",""
"250180230","LIGOTA G”RNA","2012","11","06",2.7,"","W",0,"9",0,"8","","8","",""
"250180230","LIGOTA G”RNA","2012","11","07",2.6,"","W",0,"9",0,"8","","8","",""
"250180230","LIGOTA G”RNA","2012","11","08",.3,"","W",0,"9",0,"8","","8","",""
"250180230","LIGOTA G”RNA","2012","11","09",.6,"","W",0,"9",0,"8","","8","",""
"250180230","LIGOTA G”RNA","2012","11","12",.0,"","W",0,"9",0,"8","","8","",""
"250180230","LIGOTA G”RNA","2012","11","19",.0,"","W",0,"9",0,"8","","8","",""
"250180230","LIGOTA G”RNA","2012","11","28",.5,"","W",0,"9",0,"8","","8","",""
"250180230","LIGOTA G”RNA","2012","11","29",4.0,"","W",0,"9",0,"8","","8","",""
"250180230","LIGOTA G”RNA","2012","11","30",2.5,"","S",0,"9",0,"8","","8","",""
"250180240","TOSZEK","2012","11","01",2.3,"","W",0,"9",0,"8","","8",".",""
"250180240","TOSZEK","2012","11","04",25.0,"","W",0,"9",0,"8","","8",".",""
"250180240","TOSZEK","2012","11","05",2.3,"","W",0,"9",0,"8","","8",".",""
"250180240","TOSZEK","2012","11","06",1.6,"","W",0,"9",0,"8","","8",".",""
"250180240","TOSZEK","2012","11","07",.6,"","W",0,"9",0,"8","","8",".",""
"250180240","TOSZEK","2012","11","08",.3,"","W",0,"9",0,"8","","8",".",""
"250180240","TOSZEK","2012","11","23",.3,"","W",0,"9",0,"8","","8",".",""
"250180240","TOSZEK","2012","11","28",.2,"","W",0,"9",0,"8","","8",".",""
"250180240","TOSZEK","2012","11","29",.8,"","W",0,"9",0,"8","","8",".",""
"250180240","TOSZEK","2012","11","30",2.0,"","S",0,"9",0,"8","","8",".",""
"250180250","BRYNICA","2012","11","01",2.8,"","W",0,"9",0,"8","","8",".",""
"250180250","BRYNICA","2012","11","02",.3,"","W",0,"9",0,"8","","8",".",""
"250180250","BRYNICA","2012","11","04",24.1,"","W",0,"9",0,"8","","8",".",""
"250180250","BRYNICA","2012","11","05",4.8,"","W",0,"9",0,"8","","8",".",""
"250180250","BRYNICA","2012","11","06",.9,"","W",0,"9",0,"8","","8",".",""
"250180250","BRYNICA","2012","11","07",4.2,"","W",0,"9",0,"8","","8",".",""
"250180250","BRYNICA","2012","11","08",.5,"","W",0,"9",0,"8","","8",".",""
"250180250","BRYNICA","2012","11","09",.6,"","W",0,"9",0,"8","","8",".",""
"250180250","BRYNICA","2012","11","11",.3,"","W",0,"9",0,"8","","8",".",""
"250180250","BRYNICA","2012","11","12",.3,"","W",0,"9",0,"8","","8",".",""
"250180250","BRYNICA","2012","11","23",1.2,"","W",0,"9",0,"8","","8",".",""
"250180250","BRYNICA","2012","11","29",2.4,"","W",0,"9",0,"8","","8",".",""
"250180250","BRYNICA","2012","11","30",2.0,"","W",0,"9",0,"8","","8",".",""
"250180260","£UBIE G”RNE","2012","11","01",5.5,"","W",0,"9",0,"8","","8",".",""
"250180260","£UBIE G”RNE","2012","11","04",18.3,"","W",0,"9",0,"8","","8",".",""
"250180260","£UBIE G”RNE","2012","11","05",7.9,"","W",0,"9",0,"8","","8",".",""
"250180260","£UBIE G”RNE","2012","11","06",3.1,"","W",0,"9",0,"8","","8",".",""
"250180260","£UBIE G”RNE","2012","11","07",.1,"","W",0,"9",0,"8","","8",".",""
"250180260","£UBIE G”RNE","2012","11","09",.2,"","W",0,"9",0,"8","","8",".",""
"250180260","£UBIE G”RNE","2012","11","11",.3,"","W",0,"9",0,"8","","8",".",""
"250180260","£UBIE G”RNE","2012","11","23",.7,"","W",0,"9",0,"8","","8",".",""
"250180260","£UBIE G”RNE","2012","11","24",.3,"","W",0,"9",0,"8","","8",".",""
"250180260","£UBIE G”RNE","2012","11","29",.8,"","W",0,"9",0,"8","","8",".",""
"250180280","UJAZD åL•SKI","2012","11","01",1.2,"","W",0,"9",0,"8","","8",".",""
"250180280","UJAZD åL•SKI","2012","11","02",.8,"","W",0,"9",0,"8","","8",".",""
"250180280","UJAZD åL•SKI","2012","11","04",21.5,"","W",0,"9",0,"8","","8",".",""
"250180280","UJAZD åL•SKI","2012","11","05",7.0,"","W",0,"9",0,"8","","8",".",""
"250180280","UJAZD åL•SKI","2012","11","06",.0,"","W",0,"9",0,"8","","8",".",""
"250180280","UJAZD åL•SKI","2012","11","07",2.5,"","W",0,"9",0,"8","","8",".",""
"250180280","UJAZD åL•SKI","2012","11","09",1.2,"","W",0,"9",0,"8","","8",".",""
"250180280","UJAZD åL•SKI","2012","11","13",.3,"","W",0,"9",0,"8","","8",".",""
"250180280","UJAZD åL•SKI","2012","11","23",.1,"","W",0,"9",0,"8","","8",".",""
"250180280","UJAZD åL•SKI","2012","11","28",3.5,"","W",0,"9",0,"8","","8",".",""
"250180280","UJAZD åL•SKI","2012","11","29",1.8,"","W",0,"9",0,"8","","8",".",""
"250180280","UJAZD åL•SKI","2012","11","30",.1,"","W",0,"9",0,"8","","8",".",""
"250180290","TACISZ”W","2012","11","01",4.4,"","W",0,"9",0,"8","","8",".",""
"250180290","TACISZ”W","2012","11","04",20.0,"","W",0,"9",0,"8","","8",".",""
"250180290","TACISZ”W","2012","11","05",5.0,"","W",0,"9",0,"8","","8",".",""
"250180290","TACISZ”W","2012","11","06",3.0,"","W",0,"9",0,"8","","8",".",""
"250180290","TACISZ”W","2012","11","07",.3,"","W",0,"9",0,"8","","8",".",""
"250180290","TACISZ”W","2012","11","08",.5,"","W",0,"9",0,"8","","8",".",""
"250180290","TACISZ”W","2012","11","09",.2,"","W",0,"9",0,"8","","8",".",""
"250180290","TACISZ”W","2012","11","13",.0,"","W",0,"9",0,"8","","8",".",""
"250180290","TACISZ”W","2012","11","23",.1,"","W",0,"9",0,"8","","8",".",""
"250180290","TACISZ”W","2012","11","29",.2,"","W",0,"9",0,"8","","8",".",""
"250180310","ROKITNICA","2012","11","01",3.3,"","W",0,"9",0,"8","","8",".",""
"250180310","ROKITNICA","2012","11","03",.3,"","W",0,"9",0,"8","","8",".",""
"250180310","ROKITNICA","2012","11","04",24.5,"","W",0,"9",0,"8","","8",".",""
"250180310","ROKITNICA","2012","11","05",5.8,"","W",0,"9",0,"8","","8",".",""
"250180310","ROKITNICA","2012","11","06",.8,"","W",0,"9",0,"8","","8",".",""
"250180310","ROKITNICA","2012","11","07",2.2,"","W",0,"9",0,"8","","8",".",""
"250180310","ROKITNICA","2012","11","08",.4,"","W",0,"9",0,"8","","8",".",""
"250180310","ROKITNICA","2012","11","09",.3,"","W",0,"9",0,"8","","8",".",""
"250180310","ROKITNICA","2012","11","11",.2,"","W",0,"9",0,"8","","8",".",""
"250180310","ROKITNICA","2012","11","12",.3,"","W",0,"9",0,"8","","8",".",""
"250180310","ROKITNICA","2012","11","21",.4,"","W",0,"9",0,"8","","8",".",""
"250180310","ROKITNICA","2012","11","23",.8,"","W",0,"9",0,"8","","8",".",""
"250180310","ROKITNICA","2012","11","29",.8,"","W",0,"9",0,"8","","8",".",""
"250180310","ROKITNICA","2012","11","30",3.0,"","S",0,"9",0,"8","","8",".",""
"250180320","KOèLE","2012","11","01",3.2,"","W",0,"9",0,"8","","8",".",""
"250180320","KOèLE","2012","11","04",23.1,"","W",0,"9",0,"8","","8",".",""
"250180320","KOèLE","2012","11","05",5.2,"","W",0,"9",0,"8","","8",".",""
"250180320","KOèLE","2012","11","06",.8,"","W",0,"9",0,"8","","8",".",""
"250180320","KOèLE","2012","11","07",1.6,"","W",0,"9",0,"8","","8",".",""
"250180320","KOèLE","2012","11","08",.0,"","W",0,"9",0,"8","","8",".",""
"250180320","KOèLE","2012","11","13",.0,"","W",0,"9",0,"8","","8",".",""
"250180320","KOèLE","2012","11","23",.7,"","W",0,"9",0,"8","","8",".",""
"250180320","KOèLE","2012","11","26",.0,"","W",0,"9",0,"8","","8",".",""
"250180320","KOèLE","2012","11","28",.7,"","W",0,"9",0,"8","","8",".",""
"250180320","KOèLE","2012","11","29",2.8,"","W",0,"9",0,"8","","8",".",""
"250180320","KOèLE","2012","11","30",2.2,"","S",0,"9",0,"8","","8",".",""
"250180330","£AB DY","2012","11","01",2.1,"","W",0,"9",0,"8","","8",".",""
"250180330","£AB DY","2012","11","03",.2,"","W",0,"9",0,"8","","8",".",""
"250180330","£AB DY","2012","11","04",21.8,"","W",0,"9",0,"8","","8",".",""
"250180330","£AB DY","2012","11","05",7.0,"","W",0,"9",0,"8","","8",".",""
"250180330","£AB DY","2012","11","06",.2,"","W",0,"9",0,"8","","8",".",""
"250180330","£AB DY","2012","11","07",1.5,"","W",0,"9",0,"8","","8",".",""
"250180330","£AB DY","2012","11","08",.0,"","W",0,"9",0,"8","","8",".",""
"250180330","£AB DY","2012","11","11",.9,"","W",0,"9",0,"8","","8",".",""
"250180330","£AB DY","2012","11","13",.3,"","W",0,"9",0,"8","","8",".",""
"250180330","£AB DY","2012","11","21",.5,"","W",0,"9",0,"8","","8",".",""
"250180330","£AB DY","2012","11","23",.6,"","W",0,"9",0,"8","","8",".",""
"250180330","£AB DY","2012","11","28",.4,"","W",0,"9",0,"8","","8",".",""
"250180330","£AB DY","2012","11","29",.3,"","W",0,"9",0,"8","","8",".",""
"250180330","£AB DY","2012","11","30",1.9,"","W",0,"9",0,"8","","8",".",""
"250180350","LIPINY","2012","11","01",2.4,"","W",0,"9",0,"8","","8",".",""
"250180350","LIPINY","2012","11","04",25.4,"","W",0,"9",0,"8","","8",".",""
"250180350","LIPINY","2012","11","05",4.1,"","W",0,"9",0,"8","","8",".",""
"250180350","LIPINY","2012","11","06",.4,"","W",0,"9",0,"8","","8",".",""
"250180350","LIPINY","2012","11","07",1.9,"","W",0,"9",0,"8","","8",".",""
"250180350","LIPINY","2012","11","08",.3,"","W",0,"9",0,"8","","8",".",""
"250180350","LIPINY","2012","11","09",.5,"","W",0,"9",0,"8","","8",".",""
"250180350","LIPINY","2012","11","11",.3,"","W",0,"9",0,"8","","8",".",""
"250180350","LIPINY","2012","11","12",.4,"","W",0,"9",0,"8","","8",".",""
"250180350","LIPINY","2012","11","13",.0,"","W",0,"9",0,"8","","8",".",""
"250180350","LIPINY","2012","11","20",.2,"","W",0,"9",0,"8","","8",".",""
"250180350","LIPINY","2012","11","21",.5,"","W",0,"9",0,"8","","8",".",""
"250180350","LIPINY","2012","11","23",1.0,"","W",0,"9",0,"8","","8",".",""
"250180350","LIPINY","2012","11","28",.1,"","W",0,"9",0,"8","","8",".",""
"250180350","LIPINY","2012","11","29",3.2,"","W",0,"9",0,"8","","8",".",""
"250180350","LIPINY","2012","11","30",1.8,"","S",0,"9",0,"8","","8",".",""
"250180360","URBANOWICE","2012","11","01",2.1,"","W",0,"9",0,"8","","8",".",""
"250180360","URBANOWICE","2012","11","02",.1,"","W",0,"9",0,"8","","8",".",""
"250180360","URBANOWICE","2012","11","04",24.7,"","W",0,"9",0,"8","","8",".",""
"250180360","URBANOWICE","2012","11","05",3.4,"","W",0,"9",0,"8","","8",".",""
"250180360","URBANOWICE","2012","11","06",.1,"","W",0,"9",0,"8","","8",".",""
"250180360","URBANOWICE","2012","11","07",1.7,"","W",0,"9",0,"8","","8",".",""
"250180360","URBANOWICE","2012","11","08",.6,"","W",0,"9",0,"8","","8",".",""
"250180360","URBANOWICE","2012","11","23",1.4,"","W",0,"9",0,"8","","8",".",""
"250180360","URBANOWICE","2012","11","28",.7,"","W",0,"9",0,"8","","8",".",""
"250180360","URBANOWICE","2012","11","29",3.3,"","W",0,"9",0,"8","","8",".",""
"250180360","URBANOWICE","2012","11","30",2.2,"","S",0,"9",0,"8","","8",".",""
"250180370","STARA KUèNIA","2012","11","01",2.6,"","W",0,"9",0,"8","","8","pl",""
"250180370","STARA KUèNIA","2012","11","02",.3,"","W",0,"9",0,"8","","8",".",""
"250180370","STARA KUèNIA","2012","11","04",26.0,"","W",0,"9",0,"8","","8",".",""
"250180370","STARA KUèNIA","2012","11","05",3.9,"","W",0,"9",0,"8","","8",".",""
"250180370","STARA KUèNIA","2012","11","07",2.6,"","W",0,"9",0,"8","","8",".",""
"250180370","STARA KUèNIA","2012","11","08",.9,"","W",0,"9",0,"8","","8",".",""
"250180370","STARA KUèNIA","2012","11","09",.5,"","W",0,"9",0,"8","","8",".",""
"250180370","STARA KUèNIA","2012","11","13",.0,"","W",0,"9",0,"8","","8",".",""
"250180370","STARA KUèNIA","2012","11","23",.7,"","W",0,"9",0,"8","","8",".",""
"250180370","STARA KUèNIA","2012","11","28",1.2,"","W",0,"9",0,"8","","8",".",""
"250180370","STARA KUèNIA","2012","11","29",1.4,"","W",0,"9",0,"8","","8",".",""
"250180370","STARA KUèNIA","2012","11","30",2.2,"","S",0,"9",0,"8","","8",".",""
"250180410","MAKOSZOWY","2012","11","01",2.1,"","W",0,"9",0,"8","","8",".",""
"250180410","MAKOSZOWY","2012","11","04",24.7,"","W",0,"9",0,"8","","8",".",""
"250180410","MAKOSZOWY","2012","11","05",5.4,"","W",0,"9",0,"8","","8",".",""
"250180410","MAKOSZOWY","2012","11","07",1.6,"","W",0,"9",0,"8","","8",".",""
"250180410","MAKOSZOWY","2012","11","11",.9,"","W",0,"9",0,"8","","8",".",""
"250180410","MAKOSZOWY","2012","11","12",.1,"","W",0,"9",0,"8","","8",".",""
"250180410","MAKOSZOWY","2012","11","13",.1,"","W",0,"9",0,"8","","8",".",""
"250180410","MAKOSZOWY","2012","11","23",1.2,"","W",0,"9",0,"8","","8",".",""
"250180410","MAKOSZOWY","2012","11","29",1.6,"","W",0,"9",0,"8","","8",".",""
"250180410","MAKOSZOWY","2012","11","30",2.2,"","W",0,"9",0,"8","","8",".",""
"250180420","TWOR”G MA£Y","2012","11","04",31.2,"","W",0,"9",0,"8","","8",".",""
"250180420","TWOR”G MA£Y","2012","11","05",6.3,"","W",0,"9",0,"8","","8",".",""
"250180420","TWOR”G MA£Y","2012","11","06",.2,"","W",0,"9",0,"8","","8",".",""
"250180420","TWOR”G MA£Y","2012","11","08",.5,"","W",0,"9",0,"8","","8",".",""
"250180420","TWOR”G MA£Y","2012","11","11",1.4,"","W",0,"9",0,"8","","8",".",""
"250180420","TWOR”G MA£Y","2012","11","28",.2,"","W",0,"9",0,"8","","8",".",""
"250180420","TWOR”G MA£Y","2012","11","29",2.1,"","W",0,"9",0,"8","","8",".",""
"250180420","TWOR”G MA£Y","2012","11","30",.6,"","W",0,"9",0,"8","","8",".",""
"250180430","KRYWA£D","2012","11","01",2.3,"","W",0,"9",0,"8","","8",".",""
"250180430","KRYWA£D","2012","11","02",2.0,"","W",0,"9",0,"8","","8",".",""
"250180430","KRYWA£D","2012","11","04",28.5,"","W",0,"9",0,"8","","8",".",""
"250180430","KRYWA£D","2012","11","05",5.3,"","W",0,"9",0,"8","","8",".",""
"250180430","KRYWA£D","2012","11","07",2.2,"","W",0,"9",0,"8","","8",".",""
"250180430","KRYWA£D","2012","11","11",1.2,"","W",0,"9",0,"8","","8",".",""
"250180430","KRYWA£D","2012","11","23",2.7,"","W",0,"9",0,"8","","8",".",""
"250180430","KRYWA£D","2012","11","29",1.8,"","W",0,"9",0,"8","","8",".",""
"250180430","KRYWA£D","2012","11","30",2.3,"","W",0,"9",0,"8","","8",".",""
"250180440","MODZUR”W","2012","11","01",3.9,"","W",0,"9",0,"8","","8",".",""
"250180440","MODZUR”W","2012","11","02",.3,"","W",0,"9",0,"8","","8",".",""
"250180440","MODZUR”W","2012","11","04",23.8,"","W",0,"9",0,"8","","8",".",""
"250180440","MODZUR”W","2012","11","05",3.6,"","W",0,"9",0,"8","","8",".",""
"250180440","MODZUR”W","2012","11","06",.6,"","W",0,"9",0,"8","","8",".",""
"250180440","MODZUR”W","2012","11","07",1.5,"","W",0,"9",0,"8","","8",".",""
"250180440","MODZUR”W","2012","11","08",.3,"","W",0,"9",0,"8","","8",".",""
"250180440","MODZUR”W","2012","11","12",.1,"","W",0,"9",0,"8","","8",".",""
"250180440","MODZUR”W","2012","11","13",.0,"","W",0,"9",0,"8","","8",".",""
"250180440","MODZUR”W","2012","11","21",.1,"","W",0,"9",0,"8","","8",".",""
"250180440","MODZUR”W","2012","11","23",.7,"","W",0,"9",0,"8","","8",".",""
"250180440","MODZUR”W","2012","11","29",1.5,"","W",0,"9",0,"8","","8",".",""
"250180440","MODZUR”W","2012","11","30",3.5,"","S",0,"9",0,"8","","8",".",""
"250180450","ZWONOWICE","2012","11","01",1.4,"","W",0,"9",0,"8","","8","pl",""
"250180450","ZWONOWICE","2012","11","02",.1,"","W",0,"9",0,"8","","8",".",""
"250180450","ZWONOWICE","2012","11","04",29.4,"","W",0,"9",0,"8","","8",".",""
"250180450","ZWONOWICE","2012","11","05",7.1,"","W",0,"9",0,"8","","8",".",""
"250180450","ZWONOWICE","2012","11","06",.4,"","W",0,"9",0,"8","","8",".",""
"250180450","ZWONOWICE","2012","11","07",1.7,"","W",0,"9",0,"8","","8",".",""
"250180450","ZWONOWICE","2012","11","09",.3,"","W",0,"9",0,"8","","8",".",""
"250180450","ZWONOWICE","2012","11","11",.1,"","W",0,"9",0,"8","","8",".",""
"250180450","ZWONOWICE","2012","11","12",.3,"","W",0,"9",0,"8","","8",".",""
"250180450","ZWONOWICE","2012","11","13",.1,"","W",0,"9",0,"8","","8",".",""
"250180450","ZWONOWICE","2012","11","21",.1,"","W",0,"9",0,"8","","8",".",""
"250180450","ZWONOWICE","2012","11","23",.7,"","W",0,"9",0,"8","","8",".",""
"250180450","ZWONOWICE","2012","11","29",.8,"","W",0,"9",0,"8","","8",".",""
"250180450","ZWONOWICE","2012","11","30",3.2,"","S",0,"9",0,"8","","8",".",""
"250180460","ADAMOWICE","2012","11","01",1.8,"","W",0,"9",0,"8","","8",".",""
"250180460","ADAMOWICE","2012","11","04",32.1,"","W",0,"9",0,"8","","8",".",""
"250180460","ADAMOWICE","2012","11","05",4.3,"","W",0,"9",0,"8","","8",".",""
"250180460","ADAMOWICE","2012","11","07",.8,"","W",0,"9",0,"8","","8",".",""
"250180460","ADAMOWICE","2012","11","12",.4,"","W",0,"9",0,"8","","8",".",""
"250180460","ADAMOWICE","2012","11","21",.3,"","W",0,"9",0,"8","","8",".",""
"250180460","ADAMOWICE","2012","11","23",.5,"","W",0,"9",0,"8","","8",".",""
"250180460","ADAMOWICE","2012","11","29",2.1,"","W",0,"9",0,"8","","8",".",""
"250180460","ADAMOWICE","2012","11","30",4.0,"","S",0,"9",0,"8","","8",".",""
"250180470","STANOWICE","2012","11","01",2.0,"","W",0,"9",0,"8","","8",".",""
"250180470","STANOWICE","2012","11","02",2.4,"","W",0,"9",0,"8","","8",".",""
"250180470","STANOWICE","2012","11","04",24.0,"","W",0,"9",0,"8","","8",".",""
"250180470","STANOWICE","2012","11","05",5.4,"","W",0,"9",0,"8","","8",".",""
"250180470","STANOWICE","2012","11","06",.7,"","W",0,"9",0,"8","","8",".",""
"250180470","STANOWICE","2012","11","07",1.9,"","W",0,"9",0,"8","","8",".",""
"250180470","STANOWICE","2012","11","09",.6,"","W",0,"9",0,"8","","8",".",""
"250180470","STANOWICE","2012","11","11",1.8,"","W",0,"9",0,"8","","8",".",""
"250180470","STANOWICE","2012","11","12",.4,"","W",0,"9",0,"8","","8",".",""
"250180470","STANOWICE","2012","11","23",2.0,"","W",0,"9",0,"8","","8",".",""
"250180470","STANOWICE","2012","11","29",1.9,"","W",0,"9",0,"8","","8",".",""
"250180470","STANOWICE","2012","11","30",2.0,"","W",0,"9",0,"8","","8",".",""
"250180480","ORZESZE","2012","11","01",1.9,"","W",0,"9",0,"8","","8","pl",""
"250180480","ORZESZE","2012","11","02",2.0,"","W",0,"9",0,"8","","8",".",""
"250180480","ORZESZE","2012","11","04",20.0,"","W",0,"9",0,"8","","8",".",""
"250180480","ORZESZE","2012","11","05",7.5,"","W",0,"9",0,"8","","8",".",""
"250180480","ORZESZE","2012","11","07",2.0,"","W",0,"9",0,"8","","8",".",""
"250180480","ORZESZE","2012","11","09",.4,"","W",0,"9",0,"8","","8",".",""
"250180480","ORZESZE","2012","11","12",1.2,"","W",0,"9",0,"8","","8",".",""
"250180480","ORZESZE","2012","11","22",.5,"","W",0,"9",0,"8","","8",".",""
"250180480","ORZESZE","2012","11","23",1.2,"","W",0,"9",0,"8","","8",".",""
"250180480","ORZESZE","2012","11","28",.5,"","W",0,"9",0,"8","","8",".",""
"250180480","ORZESZE","2012","11","29",1.7,"","W",0,"9",0,"8","","8",".",""
"250180480","ORZESZE","2012","11","30",2.3,"","S",0,"9",0,"8","","8",".",""
"250180490","TYCHY","2012","11","01",1.3,"","W",0,"9",0,"8","","8",".",""
"250180490","TYCHY","2012","11","04",16.0,"","W",0,"9",0,"8","","8",".",""
"250180490","TYCHY","2012","11","05",12.5,"","W",0,"9",0,"8","","8",".",""
"250180490","TYCHY","2012","11","06",.0,"","W",0,"9",0,"8","","8",".",""
"250180490","TYCHY","2012","11","07",2.5,"","W",0,"9",0,"8","","8",".",""
"250180490","TYCHY","2012","11","08",.3,"","W",0,"9",0,"8","","8",".",""
"250180490","TYCHY","2012","11","09",.6,"","W",0,"9",0,"8","","8",".",""
"250180490","TYCHY","2012","11","12",.0,"","W",0,"9",0,"8","","8",".",""
"250180490","TYCHY","2012","11","13",.3,"","W",0,"9",0,"8","","8",".",""
"250180490","TYCHY","2012","11","21",1.5,"","W",0,"9",0,"8","","8",".",""
"250180490","TYCHY","2012","11","23",1.4,"","W",0,"9",0,"8","","8",".",""
"250180490","TYCHY","2012","11","28",1.5,"","W",0,"9",0,"8","","8",".",""
"250180490","TYCHY","2012","11","29",.8,"","W",0,"9",0,"8","","8",".",""
"250180490","TYCHY","2012","11","30",2.8,"","S",0,"9",0,"8","","8",".",""
"250180510","RYBNIK","2012","11","01",1.6,"","W",0,"9",0,"8","","8",".",""
"250180510","RYBNIK","2012","11","02",.1,"","W",0,"9",0,"8","","8",".",""
"250180510","RYBNIK","2012","11","04",26.4,"","W",0,"9",0,"8","","8",".",""
"250180510","RYBNIK","2012","11","05",6.0,"","W",0,"9",0,"8","","8",".",""
"250180510","RYBNIK","2012","11","06",.1,"","W",0,"9",0,"8","","8",".",""
"250180510","RYBNIK","2012","11","07",.5,"","W",0,"9",0,"8","","8",".",""
"250180510","RYBNIK","2012","11","09",.6,"","W",0,"9",0,"8","","8",".",""
"250180510","RYBNIK","2012","11","11",.9,"","W",0,"9",0,"8","","8",".",""
"250180510","RYBNIK","2012","11","12",.6,"","W",0,"9",0,"8","","8",".",""
"250180510","RYBNIK","2012","11","13",.1,"","W",0,"9",0,"8","","8",".",""
"250180510","RYBNIK","2012","11","21",.3,"","W",0,"9",0,"8","","8",".",""
"250180510","RYBNIK","2012","11","23",.8,"","W",0,"9",0,"8","","8",".",""
"250180510","RYBNIK","2012","11","29",.9,"","W",0,"9",0,"8","","8",".",""
"250180510","RYBNIK","2012","11","30",4.0,"","S",0,"9",0,"8","","8",".",""
"250180530","KIETRZ","2012","11","01",2.0,"","W",0,"9",0,"8","","8",".",""
"250180530","KIETRZ","2012","11","04",20.0,"","W",0,"9",0,"8","","8",".",""
"250180530","KIETRZ","2012","11","05",4.5,"","W",0,"9",0,"8","","8",".",""
"250180530","KIETRZ","2012","11","06",2.1,"","W",0,"9",0,"8","","8",".",""
"250180530","KIETRZ","2012","11","12",.4,"","W",0,"9",0,"8","","8",".",""
"250180530","KIETRZ","2012","11","21",.4,"","W",0,"9",0,"8","","8",".",""
"250180530","KIETRZ","2012","11","23",1.5,"","W",0,"9",0,"8","","8",".",""
"250180530","KIETRZ","2012","11","29",1.5,"","W",0,"9",0,"8","","8",".",""
"250180530","KIETRZ","2012","11","30",4.1,"","W",0,"9",0,"8","","8",".",""
"250180540","RYDU£TOWY","2012","11","01",.9,"","W",0,"9",0,"8","","8",".",""
"250180540","RYDU£TOWY","2012","11","02",.3,"","W",0,"9",0,"8","","8",".",""
"250180540","RYDU£TOWY","2012","11","04",29.3,"","W",0,"9",0,"8","","8",".",""
"250180540","RYDU£TOWY","2012","11","05",6.0,"","W",0,"9",0,"8","","8",".",""
"250180540","RYDU£TOWY","2012","11","06",1.6,"","W",0,"9",0,"8","","8",".",""
"250180540","RYDU£TOWY","2012","11","07",2.3,"","W",0,"9",0,"8","","8",".",""
"250180540","RYDU£TOWY","2012","11","08",.6,"","W",0,"9",0,"8","","8",".",""
"250180540","RYDU£TOWY","2012","11","11",1.1,"","W",0,"9",0,"8","","8",".",""
"250180540","RYDU£TOWY","2012","11","12",.7,"","W",0,"9",0,"8","","8",".",""
"250180540","RYDU£TOWY","2012","11","21",.4,"","W",0,"9",0,"8","","8",".",""
"250180540","RYDU£TOWY","2012","11","23",.6,"","W",0,"9",0,"8","","8",".",""
"250180540","RYDU£TOWY","2012","11","29",1.5,"","W",0,"9",0,"8","","8",".",""
"250180540","RYDU£TOWY","2012","11","30",4.0,"","S",0,"9",0,"8","","8",".",""
"250180550","KOBI”R","2012","11","01",1.2,"","W",0,"9",0,"8","","8",".",""
"250180550","KOBI”R","2012","11","02",.1,"","W",0,"9",0,"8","","8",".",""
"250180550","KOBI”R","2012","11","04",17.2,"","W",0,"9",0,"8","","8",".",""
"250180550","KOBI”R","2012","11","05",11.7,"","W",0,"9",0,"8","","8",".",""
"250180550","KOBI”R","2012","11","06",1.3,"","W",0,"9",0,"8","","8",".",""
"250180550","KOBI”R","2012","11","07",1.4,"","W",0,"9",0,"8","","8",".",""
"250180550","KOBI”R","2012","11","08",.2,"","W",0,"9",0,"8","","8",".",""
"250180550","KOBI”R","2012","11","09",.5,"","W",0,"9",0,"8","","8",".",""
"250180550","KOBI”R","2012","11","11",.0,"","W",0,"9",0,"8","","8",".",""
"250180550","KOBI”R","2012","11","12",.5,"","W",0,"9",0,"8","","8",".",""
"250180550","KOBI”R","2012","11","13",.0,"","W",0,"9",0,"8","","8",".",""
"250180550","KOBI”R","2012","11","21",1.3,"","W",0,"9",0,"8","","8",".",""
"250180550","KOBI”R","2012","11","23",1.2,"","W",0,"9",0,"8","","8",".",""
"250180550","KOBI”R","2012","11","28",.8,"","W",0,"9",0,"8","","8",".",""
"250180550","KOBI”R","2012","11","29",.7,"","W",0,"9",0,"8","","8",".",""
"250180550","KOBI”R","2012","11","30",3.4,"","S",0,"9",0,"8","","8",".",""
"250180560","ØORY","2012","11","01",2.8,"","W",0,"9",0,"8","","8",".",""
"250180560","ØORY","2012","11","04",23.0,"","W",0,"9",0,"8","","8",".",""
"250180560","ØORY","2012","11","05",7.0,"","W",0,"9",0,"8","","8",".",""
"250180560","ØORY","2012","11","06",.8,"","W",0,"9",0,"8","","8",".",""
"250180560","ØORY","2012","11","07",.5,"","W",0,"9",0,"8","","8",".",""
"250180560","ØORY","2012","11","08",.6,"","W",0,"9",0,"8","","8",".",""
"250180560","ØORY","2012","11","11",.5,"","W",0,"9",0,"8","","8",".",""
"250180560","ØORY","2012","11","12",.7,"","W",0,"9",0,"8","","8",".",""
"250180560","ØORY","2012","11","21",.5,"","W",0,"9",0,"8","","8",".",""
"250180560","ØORY","2012","11","23",1.5,"","W",0,"9",0,"8","","8",".",""
"250180560","ØORY","2012","11","29",2.5,"","W",0,"9",0,"8","","8",".",""
"250180560","ØORY","2012","11","30",2.8,"","S",0,"9",0,"8","","8",".",""
"250190010","JANUSZEWICE","2012","11","01",2.7,"","W",0,"9",0,"8","","8",".",""
"250190010","JANUSZEWICE","2012","11","02",.6,"","W",0,"9",0,"8","","8",".",""
"250190010","JANUSZEWICE","2012","11","04",16.1,"","W",0,"9",0,"8","","8",".",""
"250190010","JANUSZEWICE","2012","11","05",9.5,"","W",0,"9",0,"8","","8",".",""
"250190010","JANUSZEWICE","2012","11","06",.6,"","W",0,"9",0,"8","","8",".",""
"250190010","JANUSZEWICE","2012","11","07",2.1,"","W",0,"9",0,"8","","8",".",""
"250190010","JANUSZEWICE","2012","11","09",2.4,"","W",0,"9",0,"8","","8",".",""
"250190010","JANUSZEWICE","2012","11","11",.2,"","W",0,"9",0,"8","","8",".",""
"250190010","JANUSZEWICE","2012","11","21",.7,"","W",0,"9",0,"8","","8",".",""
"250190010","JANUSZEWICE","2012","11","23",.1,"","W",0,"9",0,"8","","8",".",""
"250190010","JANUSZEWICE","2012","11","28",.7,"","W",0,"9",0,"8","","8",".",""
"250190010","JANUSZEWICE","2012","11","29",.9,"","W",0,"9",0,"8","","8",".",""
"250190010","JANUSZEWICE","2012","11","30",3.6,"","S",0,"9",0,"8","","8",".",""
"250190020","NIEZNANICE","2012","11","01",1.7,"","W",0,"9",0,"8","","8",".",""
"250190020","NIEZNANICE","2012","11","02",2.0,"","W",0,"9",0,"8","","8",".",""
"250190020","NIEZNANICE","2012","11","04",20.0,"","W",0,"9",0,"8","","8",".",""
"250190020","NIEZNANICE","2012","11","05",3.3,"","W",0,"9",0,"8","","8",".",""
"250190020","NIEZNANICE","2012","11","06",1.3,"","W",0,"9",0,"8","","8",".",""
"250190020","NIEZNANICE","2012","11","07",2.9,"","W",0,"9",0,"8","","8",".",""
"250190020","NIEZNANICE","2012","11","08",.2,"","W",0,"9",0,"8","","8",".",""
"250190020","NIEZNANICE","2012","11","09",1.1,"","W",0,"9",0,"8","","8",".",""
"250190020","NIEZNANICE","2012","11","20",.2,"","W",0,"9",0,"8","","8",".",""
"250190020","NIEZNANICE","2012","11","28",1.4,"","W",0,"9",0,"8","","8",".",""
"250190020","NIEZNANICE","2012","11","29",.2,"","W",0,"9",0,"8","","8",".",""
"250190020","NIEZNANICE","2012","11","30",3.1,"","W",0,"9",0,"8","","8",".",""
"250190040","CIEL TNIKI","2012","11","01",3.1,"","W",0,"9",0,"8","","8","",""
"250190040","CIEL TNIKI","2012","11","02",.5,"","W",0,"9",0,"8","","8","",""
"250190040","CIEL TNIKI","2012","11","04",18.0,"","W",0,"9",0,"8","","8","",""
"250190040","CIEL TNIKI","2012","11","05",7.0,"","W",0,"9",0,"8","","8","",""
"250190040","CIEL TNIKI","2012","11","06",.9,"","W",0,"9",0,"8","","8","",""
"250190040","CIEL TNIKI","2012","11","07",2.0,"","W",0,"9",0,"8","","8","",""
"250190040","CIEL TNIKI","2012","11","09",1.0,"","W",0,"9",0,"8","","8","",""
"250190040","CIEL TNIKI","2012","11","11",.0,"","W",0,"9",0,"8","","8","",""
"250190040","CIEL TNIKI","2012","11","12",.2,"","W",0,"9",0,"8","","8","",""
"250190040","CIEL TNIKI","2012","11","21",.8,"","W",0,"9",0,"8","","8","",""
"250190040","CIEL TNIKI","2012","11","26",.0,"","W",0,"9",0,"8","","8","",""
"250190040","CIEL TNIKI","2012","11","28",1.0,"","W",0,"9",0,"8","","8","",""
"250190040","CIEL TNIKI","2012","11","30",4.2,"","S",0,"9",0,"8","","8","",""
"250190050","CZARNCA","2012","11","01",2.9,"","W",0,"9",0,"8","","8",".",""
"250190050","CZARNCA","2012","11","02",.4,"","W",0,"9",0,"8","","8",".",""
"250190050","CZARNCA","2012","11","04",17.0,"","W",0,"9",0,"8","","8",".",""
"250190050","CZARNCA","2012","11","05",8.8,"","W",0,"9",0,"8","","8",".",""
"250190050","CZARNCA","2012","11","06",.6,"","W",0,"9",0,"8","","8",".",""
"250190050","CZARNCA","2012","11","07",2.3,"","W",0,"9",0,"8","","8",".",""
"250190050","CZARNCA","2012","11","09",.1,"","W",0,"9",0,"8","","8",".",""
"250190050","CZARNCA","2012","11","12",.2,"","W",0,"9",0,"8","","8",".",""
"250190050","CZARNCA","2012","11","17",.1,"","W",0,"9",0,"8","","8",".",""
"250190050","CZARNCA","2012","11","21",.8,"","W",0,"9",0,"8","","8",".",""
"250190050","CZARNCA","2012","11","28",.7,"","W",0,"9",0,"8","","8",".",""
"250190050","CZARNCA","2012","11","29",.8,"","W",0,"9",0,"8","","8",".",""
"250190050","CZARNCA","2012","11","30",3.5,"","S",0,"9",0,"8","","8",".",""
"250190060","KOBY£CZYCE","2012","11","01",3.2,"","W",0,"9",0,"8","","8",".",""
"250190060","KOBY£CZYCE","2012","11","02",.4,"","W",0,"9",0,"8","","8",".",""
"250190060","KOBY£CZYCE","2012","11","04",20.8,"","W",0,"9",0,"8","","8",".",""
"250190060","KOBY£CZYCE","2012","11","05",5.8,"","W",0,"9",0,"8","","8",".",""
"250190060","KOBY£CZYCE","2012","11","06",2.2,"","W",0,"9",0,"8","","8",".",""
"250190060","KOBY£CZYCE","2012","11","07",2.4,"","W",0,"9",0,"8","","8",".",""
"250190060","KOBY£CZYCE","2012","11","08",.7,"","W",0,"9",0,"8","","8",".",""
"250190060","KOBY£CZYCE","2012","11","09",.6,"","W",0,"9",0,"8","","8",".",""
"250190060","KOBY£CZYCE","2012","11","21",.3,"","W",0,"9",0,"8","","8",".",""
"250190060","KOBY£CZYCE","2012","11","28",.7,"","W",0,"9",0,"8","","8",".",""
"250190060","KOBY£CZYCE","2012","11","29",1.4,"","W",0,"9",0,"8","","8",".",""
"250190060","KOBY£CZYCE","2012","11","30",3.2,"","S",0,"9",0,"8","","8",".",""
"250190080","W•SOSZ","2012","11","01",3.3,"","W",0,"9",0,"8","","8",".",""
"250190080","W•SOSZ","2012","11","02",.4,"","W",0,"9",0,"8","","8",".",""
"250190080","W•SOSZ","2012","11","04",17.8,"","W",0,"9",0,"8","","8",".",""
"250190080","W•SOSZ","2012","11","05",8.8,"","W",0,"9",0,"8","","8",".",""
"250190080","W•SOSZ","2012","11","06",.5,"","W",0,"9",0,"8","","8",".",""
"250190080","W•SOSZ","2012","11","07",1.0,"","W",0,"9",0,"8","","8",".",""
"250190080","W•SOSZ","2012","11","09",.7,"","W",0,"9",0,"8","","8",".",""
"250190080","W•SOSZ","2012","11","10",.1,"","W",0,"9",0,"8","","8",".",""
"250190080","W•SOSZ","2012","11","11",.1,"","W",0,"9",0,"8","","8",".",""
"250190080","W•SOSZ","2012","11","12",.1,"","W",0,"9",0,"8","","8",".",""
"250190080","W•SOSZ","2012","11","21",1.1,"","W",0,"9",0,"8","","8",".",""
"250190080","W•SOSZ","2012","11","28",.7,"","W",0,"9",0,"8","","8",".",""
"250190080","W•SOSZ","2012","11","29",1.1,"","W",0,"9",0,"8","","8",".",""
"250190080","W•SOSZ","2012","11","30",4.0,"","S",0,"9",0,"8","","8",".",""
"250190090","Z£OTY POTOK","2012","11","01",3.8,"","W",0,"9",0,"8","","8",".",""
"250190090","Z£OTY POTOK","2012","11","02",.2,"","W",0,"9",0,"8","","8",".",""
"250190090","Z£OTY POTOK","2012","11","04",21.2,"","W",0,"9",0,"8","","8",".",""
"250190090","Z£OTY POTOK","2012","11","05",8.6,"","W",0,"9",0,"8","","8",".",""
"250190090","Z£OTY POTOK","2012","11","06",.4,"","W",0,"9",0,"8","","8",".",""
"250190090","Z£OTY POTOK","2012","11","07",4.6,"","W",0,"9",0,"8","","8",".",""
"250190090","Z£OTY POTOK","2012","11","11",.0,"","W",0,"9",0,"8","","8",".",""
"250190090","Z£OTY POTOK","2012","11","12",.9,"","W",0,"9",0,"8","","8",".",""
"250190090","Z£OTY POTOK","2012","11","21",.4,"","W",0,"9",0,"8","","8",".",""
"250190090","Z£OTY POTOK","2012","11","28",.9,"","W",0,"9",0,"8","","8",".",""
"250190090","Z£OTY POTOK","2012","11","29",.8,"","W",0,"9",0,"8","","8",".",""
"250190090","Z£OTY POTOK","2012","11","30",2.9,"","S",0,"9",0,"8","","8",".",""
"250190110","LEL”W","2012","11","01",3.3,"","W",0,"9",0,"8","","8",".",""
"250190110","LEL”W","2012","11","02",.1,"","W",0,"9",0,"8","","8",".",""
"250190110","LEL”W","2012","11","03",.1,"","W",0,"9",0,"8","","8",".",""
"250190110","LEL”W","2012","11","04",20.7,"","W",0,"9",0,"8","","8",".",""
"250190110","LEL”W","2012","11","05",7.7,"","W",0,"9",0,"8","","8",".",""
"250190110","LEL”W","2012","11","06",.1,"","W",0,"9",0,"8","","8",".",""
"250190110","LEL”W","2012","11","07",1.5,"","W",0,"9",0,"8","","8",".",""
"250190110","LEL”W","2012","11","09",1.1,"","W",0,"9",0,"8","","8",".",""
"250190110","LEL”W","2012","11","11",.1,"","W",0,"9",0,"8","","8",".",""
"250190110","LEL”W","2012","11","12",.1,"","W",0,"9",0,"8","","8",".",""
"250190110","LEL”W","2012","11","21",1.2,"","W",0,"9",0,"8","","8",".",""
"250190110","LEL”W","2012","11","26",.0,"","W",0,"9",0,"8","","8",".",""
"250190110","LEL”W","2012","11","27",.0,"","W",0,"9",0,"8","","8",".",""
"250190110","LEL”W","2012","11","28",1.2,"","W",0,"9",0,"8","","8",".",""
"250190110","LEL”W","2012","11","29",2.6,"","W",0,"9",0,"8","","8",".",""
"250190110","LEL”W","2012","11","30",3.8,"","S",0,"9",0,"8","","8",".",""
"250190130","HUTKI","2012","11","01",3.6,"","W",0,"9",0,"8","","8",".",""
"250190130","HUTKI","2012","11","02",.3,"","W",0,"9",0,"8","","8",".",""
"250190130","HUTKI","2012","11","04",20.8,"","W",0,"9",0,"8","","8",".",""
"250190130","HUTKI","2012","11","05",5.3,"","W",0,"9",0,"8","","8",".",""
"250190130","HUTKI","2012","11","06",.1,"","W",0,"9",0,"8","","8",".",""
"250190130","HUTKI","2012","11","07",5.8,"","W",0,"9",0,"8","","8",".",""
"250190130","HUTKI","2012","11","08",.0,"","W",0,"9",0,"8","","8",".",""
"250190130","HUTKI","2012","11","09",.3,"","W",0,"9",0,"8","","8",".",""
"250190130","HUTKI","2012","11","16",.0,"","W",0,"9",0,"8","","8",".",""
"250190130","HUTKI","2012","11","23",.2,"","W",0,"9",0,"8","","8",".",""
"250190130","HUTKI","2012","11","28",.2,"","W",0,"9",0,"8","","8",".",""
"250190130","HUTKI","2012","11","29",.1,"","W",0,"9",0,"8","","8",".",""
"250190130","HUTKI","2012","11","30",3.1,"","S",0,"9",0,"8","","8",".",""
"250190140","ØARKI","2012","11","01",3.6,"","W",0,"9",0,"8","","8",".",""
"250190140","ØARKI","2012","11","02",.2,"","W",0,"9",0,"8","","8",".",""
"250190140","ØARKI","2012","11","04",21.5,"","W",0,"9",0,"8","","8",".",""
"250190140","ØARKI","2012","11","05",8.9,"","W",0,"9",0,"8","","8",".",""
"250190140","ØARKI","2012","11","07",3.5,"","W",0,"9",0,"8","","8",".",""
"250190140","ØARKI","2012","11","09",1.3,"","W",0,"9",0,"8","","8",".",""
"250190140","ØARKI","2012","11","21",.5,"","W",0,"9",0,"8","","8",".",""
"250190140","ØARKI","2012","11","22",.2,"","W",0,"9",0,"8","","8",".",""
"250190140","ØARKI","2012","11","28",.4,"","W",0,"9",0,"8","","8",".",""
"250190140","ØARKI","2012","11","29",1.1,"","W",0,"9",0,"8","","8",".",""
"250190140","ØARKI","2012","11","30",2.9,"","S",0,"9",0,"8","","8",".",""
"250190150","BONOWICE","2012","11","01",3.2,"","W",0,"9",0,"8","","8",".",""
"250190150","BONOWICE","2012","11","02",.5,"","W",0,"9",0,"8","","8",".",""
"250190150","BONOWICE","2012","11","04",15.6,"","W",0,"9",0,"8","","8",".",""
"250190150","BONOWICE","2012","11","05",11.6,"","W",0,"9",0,"8","","8",".",""
"250190150","BONOWICE","2012","11","06",.1,"","W",0,"9",0,"8","","8",".",""
"250190150","BONOWICE","2012","11","07",.6,"","W",0,"9",0,"8","","8",".",""
"250190150","BONOWICE","2012","11","08",.5,"","W",0,"9",0,"8","","8",".",""
"250190150","BONOWICE","2012","11","09",.7,"","W",0,"9",0,"8","","8",".",""
"250190150","BONOWICE","2012","11","10",.1,"","W",0,"9",0,"8","","8",".",""
"250190150","BONOWICE","2012","11","11",.7,"","W",0,"9",0,"8","","8",".",""
"250190150","BONOWICE","2012","11","12",.3,"","W",0,"9",0,"8","","8",".",""
"250190150","BONOWICE","2012","11","21",.7,"","W",0,"9",0,"8","","8",".",""
"250190150","BONOWICE","2012","11","22",.1,"","W",0,"9",0,"8","","8",".",""
"250190150","BONOWICE","2012","11","23",.1,"","W",0,"9",0,"8","","8",".",""
"250190150","BONOWICE","2012","11","28",.6,"","W",0,"9",0,"8","","8",".",""
"250190150","BONOWICE","2012","11","29",.5,"","W",0,"9",0,"8","","8",".",""
"250190150","BONOWICE","2012","11","30",3.5,"","S",0,"9",0,"8","","8",".",""
"250190180","PIWO—","2012","11","01",2.8,"","W",0,"9",0,"8","","8",".",""
"250190180","PIWO—","2012","11","02",.1,"","W",0,"9",0,"8","","8",".",""
"250190180","PIWO—","2012","11","04",23.2,"","W",0,"9",0,"8","","8",".",""
"250190180","PIWO—","2012","11","05",6.7,"","W",0,"9",0,"8","","8",".",""
"250190180","PIWO—","2012","11","06",.2,"","W",0,"9",0,"8","","8",".",""
"250190180","PIWO—","2012","11","07",3.0,"","W",0,"9",0,"8","","8",".",""
"250190180","PIWO—","2012","11","08",.5,"","W",0,"9",0,"8","","8",".",""
"250190180","PIWO—","2012","11","09",.3,"","W",0,"9",0,"8","","8",".",""
"250190180","PIWO—","2012","11","12",.5,"","W",0,"9",0,"8","","8",".",""
"250190180","PIWO—","2012","11","21",.5,"","W",0,"9",0,"8","","8",".",""
"250190180","PIWO—","2012","11","22",.2,"","W",0,"9",0,"8","","8",".",""
"250190180","PIWO—","2012","11","23",.5,"","W",0,"9",0,"8","","8",".",""
"250190180","PIWO—","2012","11","29",2.1,"","W",0,"9",0,"8","","8",".",""
"250190180","PIWO—","2012","11","30",1.7,"","S",0,"9",0,"8","","8",".",""
"250190190","K PIE","2012","11","01",1.1,"","W",0,"9",0,"8","","8",".",""
"250190190","K PIE","2012","11","02",2.2,"","W",0,"9",0,"8","","8",".",""
"250190190","K PIE","2012","11","04",16.1,"","W",0,"9",0,"8","","8",".",""
"250190190","K PIE","2012","11","05",4.6,"","W",0,"9",0,"8","","8",".",""
"250190190","K PIE","2012","11","07",2.2,"","W",0,"9",0,"8","","8",".",""
"250190190","K PIE","2012","11","09",.5,"","W",0,"9",0,"8","","8",".",""
"250190190","K PIE","2012","11","12",.3,"","W",0,"9",0,"8","","8",".",""
"250190190","K PIE","2012","11","21",1.1,"","W",0,"9",0,"8","","8",".",""
"250190190","K PIE","2012","11","28",.0,"","W",0,"9",0,"8","","8",".",""
"250190190","K PIE","2012","11","29",1.3,"","W",0,"9",0,"8","","8",".",""
"250190190","K PIE","2012","11","30",1.5,"","W",0,"9",0,"8","","8",".",""
"250190210","PILICA","2012","11","01",2.7,"","W",0,"9",0,"8","","8",".",""
"250190210","PILICA","2012","11","02",.5,"","W",0,"9",0,"8","","8",".",""
"250190210","PILICA","2012","11","04",15.9,"","W",0,"9",0,"8","","8",".",""
"250190210","PILICA","2012","11","05",11.7,"","W",0,"9",0,"8","","8",".",""
"250190210","PILICA","2012","11","06",.6,"","W",0,"9",0,"8","","8",".",""
"250190210","PILICA","2012","11","07",4.1,"","W",0,"9",0,"8","","8",".",""
"250190210","PILICA","2012","11","08",.2,"","W",0,"9",0,"8","","8",".",""
"250190210","PILICA","2012","11","09",.6,"","W",0,"9",0,"8","","8",".",""
"250190210","PILICA","2012","11","12",.7,"","W",0,"9",0,"8","","8",".",""
"250190210","PILICA","2012","11","21",.9,"","W",0,"9",0,"8","","8",".",""
"250190210","PILICA","2012","11","23",.8,"","W",0,"9",0,"8","","8",".",""
"250190210","PILICA","2012","11","28",.6,"","W",0,"9",0,"8","","8",".",""
"250190210","PILICA","2012","11","29",1.3,"","W",0,"9",0,"8","","8",".",""
"250190210","PILICA","2012","11","30",2.3,"","S",0,"9",0,"8","","8",".",""
"250190220","£AZY","2012","11","01",2.5,"","W",0,"9",0,"8","","8",".",""
"250190220","£AZY","2012","11","02",.4,"","W",0,"9",0,"8","","8",".",""
"250190220","£AZY","2012","11","04",25.5,"","W",0,"9",0,"8","","8",".",""
"250190220","£AZY","2012","11","05",7.3,"","W",0,"9",0,"8","","8",".",""
"250190220","£AZY","2012","11","06",.7,"","W",0,"9",0,"8","","8",".",""
"250190220","£AZY","2012","11","07",2.9,"","W",0,"9",0,"8","","8",".",""
"250190220","£AZY","2012","11","08",.7,"","W",0,"9",0,"8","","8",".",""
"250190220","£AZY","2012","11","21",2.6,"","W",0,"9",0,"8","","8",".",""
"250190220","£AZY","2012","11","22",.2,"","W",0,"9",0,"8","","8",".",""
"250190220","£AZY","2012","11","23",.4,"","W",0,"9",0,"8","","8",".",""
"250190220","£AZY","2012","11","28",1.0,"","W",0,"9",0,"8","","8",".",""
"250190220","£AZY","2012","11","29",1.7,"","W",0,"9",0,"8","","8",".",""
"250190220","£AZY","2012","11","30",.8,"","W",0,"9",0,"8","","8",".",""
"250190230","RYCZ”W","2012","11","01",.3,"","W",0,"9",0,"8","","8",".",""
"250190230","RYCZ”W","2012","11","02",.4,"","W",0,"9",0,"8","","8",".",""
"250190230","RYCZ”W","2012","11","04",23.8,"","W",0,"9",0,"8","","8",".",""
"250190230","RYCZ”W","2012","11","05",7.5,"","W",0,"9",0,"8","","8",".",""
"250190230","RYCZ”W","2012","11","07",4.4,"","W",0,"9",0,"8","","8",".",""
"250190230","RYCZ”W","2012","11","08",.0,"","W",0,"9",0,"8","","8",".",""
"250190230","RYCZ”W","2012","11","11",.2,"","W",0,"9",0,"8","","8",".",""
"250190230","RYCZ”W","2012","11","12",1.0,"","W",0,"9",0,"8","","8",".",""
"250190230","RYCZ”W","2012","11","21",1.7,"","W",0,"9",0,"8","","8",".",""
"250190230","RYCZ”W","2012","11","23",.9,"","W",0,"9",0,"8","","8",".",""
"250190230","RYCZ”W","2012","11","28",1.0,"","W",0,"9",0,"8","","8",".",""
"250190230","RYCZ”W","2012","11","29",.2,"","W",0,"9",0,"8","","8",".",""
"250190230","RYCZ”W","2012","11","30",2.4,"","S",0,"9",0,"8","","8",".",""
"250190240","WOLBROM","2012","11","01",1.3,"","W",0,"9",0,"8","","8",".",""
"250190240","WOLBROM","2012","11","02",1.1,"","W",0,"9",0,"8","","8",".",""
"250190240","WOLBROM","2012","11","04",20.6,"","W",0,"9",0,"8","","8",".",""
"250190240","WOLBROM","2012","11","05",4.1,"","W",0,"9",0,"8","","8",".",""
"250190240","WOLBROM","2012","11","06",.4,"","W",0,"9",0,"8","","8",".",""
"250190240","WOLBROM","2012","11","07",4.2,"","W",0,"9",0,"8","","8",".",""
"250190240","WOLBROM","2012","11","09",.8,"","W",0,"9",0,"8","","8",".",""
"250190240","WOLBROM","2012","11","11",.1,"","W",0,"9",0,"8","","8",".",""
"250190240","WOLBROM","2012","11","12",.6,"","W",0,"9",0,"8","","8",".",""
"250190240","WOLBROM","2012","11","21",1.1,"","W",0,"9",0,"8","","8",".",""
"250190240","WOLBROM","2012","11","23",.7,"","W",0,"9",0,"8","","8",".",""
"250190240","WOLBROM","2012","11","28",.8,"","W",0,"9",0,"8","","8",".",""
"250190240","WOLBROM","2012","11","29",1.2,"","W",0,"9",0,"8","","8",".",""
"250190240","WOLBROM","2012","11","30",1.7,"","S",0,"9",0,"8","","8",".",""
"250190260","GOLCZOWICE","2012","11","01",2.0,"","W",0,"9",0,"8","","8",".",""
"250190260","GOLCZOWICE","2012","11","02",.6,"","W",0,"9",0,"8","","8",".",""
"250190260","GOLCZOWICE","2012","11","04",22.6,"","W",0,"9",0,"8","","8",".",""
"250190260","GOLCZOWICE","2012","11","05",8.2,"","W",0,"9",0,"8","","8",".",""
"250190260","GOLCZOWICE","2012","11","06",.5,"","W",0,"9",0,"8","","8",".",""
"250190260","GOLCZOWICE","2012","11","07",3.0,"","W",0,"9",0,"8","","8",".",""
"250190260","GOLCZOWICE","2012","11","09",.2,"","W",0,"9",0,"8","","8",".",""
"250190260","GOLCZOWICE","2012","11","11",.4,"","W",0,"9",0,"8","","8",".",""
"250190260","GOLCZOWICE","2012","11","12",1.5,"","W",0,"9",0,"8","","8",".",""
"250190260","GOLCZOWICE","2012","11","21",1.5,"","W",0,"9",0,"8","","8",".",""
"250190260","GOLCZOWICE","2012","11","23",1.0,"","W",0,"9",0,"8","","8",".",""
"250190260","GOLCZOWICE","2012","11","28",1.1,"","W",0,"9",0,"8","","8",".",""
"250190260","GOLCZOWICE","2012","11","29",1.7,"","W",0,"9",0,"8","","8",".",""
"250190260","GOLCZOWICE","2012","11","30",2.8,"","S",0,"9",0,"8","","8",".",""
"250190270","CZELADè","2012","11","01",1.8,"","W",0,"9",0,"8","","8",".",""
"250190270","CZELADè","2012","11","03",.0,"","W",0,"9",0,"8","","8",".",""
"250190270","CZELADè","2012","11","04",17.9,"","W",0,"9",0,"8","","8",".",""
"250190270","CZELADè","2012","11","05",7.8,"","W",0,"9",0,"8","","8",".",""
"250190270","CZELADè","2012","11","06",.6,"","W",0,"9",0,"8","","8",".",""
"250190270","CZELADè","2012","11","07",2.2,"","W",0,"9",0,"8","","8",".",""
"250190270","CZELADè","2012","11","08",.1,"","W",0,"9",0,"8","","8",".",""
"250190270","CZELADè","2012","11","09",.3,"","W",0,"9",0,"8","","8",".",""
"250190270","CZELADè","2012","11","11",1.1,"","W",0,"9",0,"8","","8",".",""
"250190270","CZELADè","2012","11","12",.5,"","W",0,"9",0,"8","","8",".",""
"250190270","CZELADè","2012","11","13",.0,"","W",0,"9",0,"8","","8",".",""
"250190270","CZELADè","2012","11","21",.5,"","W",0,"9",0,"8","","8",".",""
"250190270","CZELADè","2012","11","23",1.1,"","W",0,"9",0,"8","","8",".",""
"250190270","CZELADè","2012","11","28",.4,"","W",0,"9",0,"8","","8",".",""
"250190270","CZELADè","2012","11","29",1.3,"","W",0,"9",0,"8","","8",".",""
"250190270","CZELADè","2012","11","30",1.8,"","S",0,"9",0,"8","","8",".",""
"250190280","TRZYCI•Ø","2012","11","01",1.3,"","W",0,"9",0,"8","","8",".",""
"250190280","TRZYCI•Ø","2012","11","02",.6,"","W",0,"9",0,"8","","8",".",""
"250190280","TRZYCI•Ø","2012","11","04",15.3,"","W",0,"9",0,"8","","8",".",""
"250190280","TRZYCI•Ø","2012","11","05",5.2,"","W",0,"9",0,"8","","8",".",""
"250190280","TRZYCI•Ø","2012","11","07",1.4,"","W",0,"9",0,"8","","8",".",""
"250190280","TRZYCI•Ø","2012","11","09",.4,"","W",0,"9",0,"8","","8",".",""
"250190280","TRZYCI•Ø","2012","11","11",.3,"","W",0,"9",0,"8","","8",".",""
"250190280","TRZYCI•Ø","2012","11","12",1.0,"","W",0,"9",0,"8","","8",".",""
"250190280","TRZYCI•Ø","2012","11","21",1.2,"","W",0,"9",0,"8","","8",".",""
"250190280","TRZYCI•Ø","2012","11","23",.7,"","W",0,"9",0,"8","","8",".",""
"250190280","TRZYCI•Ø","2012","11","28",.8,"","W",0,"9",0,"8","","8",".",""
"250190280","TRZYCI•Ø","2012","11","29",1.2,"","W",0,"9",0,"8","","8",".",""
"250190280","TRZYCI•Ø","2012","11","30",.8,"","S",0,"9",0,"8","","8",".",""
"250190310","MACZKI","2012","11","01",.9,"","W",0,"9",0,"8","","8",".",""
"250190310","MACZKI","2012","11","02",.1,"","W",0,"9",0,"8","","8",".",""
"250190310","MACZKI","2012","11","04",21.6,"","W",0,"9",0,"8","","8",".",""
"250190310","MACZKI","2012","11","05",9.5,"","W",0,"9",0,"8","","8",".",""
"250190310","MACZKI","2012","11","06",.5,"","W",0,"9",0,"8","","8",".",""
"250190310","MACZKI","2012","11","07",1.5,"","W",0,"9",0,"8","","8",".",""
"250190310","MACZKI","2012","11","08",.2,"","W",0,"9",0,"8","","8",".",""
"250190310","MACZKI","2012","11","09",.1,"","W",0,"9",0,"8","","8",".",""
"250190310","MACZKI","2012","11","12",.6,"","W",0,"9",0,"8","","8",".",""
"250190310","MACZKI","2012","11","13",.1,"","W",0,"9",0,"8","","8",".",""
"250190310","MACZKI","2012","11","21",2.4,"","W",0,"9",0,"8","","8",".",""
"250190310","MACZKI","2012","11","22",.1,"","W",0,"9",0,"8","","8",".",""
"250190310","MACZKI","2012","11","23",.9,"","W",0,"9",0,"8","","8",".",""
"250190310","MACZKI","2012","11","28",1.7,"","W",0,"9",0,"8","","8",".",""
"250190310","MACZKI","2012","11","29",.9,"","W",0,"9",0,"8","","8",".",""
"250190310","MACZKI","2012","11","30",2.3,"","S",0,"9",0,"8","","8",".",""
"250190320","CI ØKOWICE","2012","11","01",2.7,"","W",0,"9",0,"8","","8",".",""
"250190320","CI ØKOWICE","2012","11","02",.3,"","W",0,"9",0,"8","","8",".",""
"250190320","CI ØKOWICE","2012","11","04",22.7,"","W",0,"9",0,"8","","8",".",""
"250190320","CI ØKOWICE","2012","11","05",10.0,"","W",0,"9",0,"8","","8",".",""
"250190320","CI ØKOWICE","2012","11","06",.3,"","W",0,"9",0,"8","","8",".",""
"250190320","CI ØKOWICE","2012","11","07",2.7,"","W",0,"9",0,"8","","8",".",""
"250190320","CI ØKOWICE","2012","11","09",.7,"","W",0,"9",0,"8","","8",".",""
"250190320","CI ØKOWICE","2012","11","12",1.6,"","W",0,"9",0,"8","","8",".",""
"250190320","CI ØKOWICE","2012","11","21",2.5,"","W",0,"9",0,"8","","8",".",""
"250190320","CI ØKOWICE","2012","11","28",2.0,"","W",0,"9",0,"8","","8",".",""
"250190320","CI ØKOWICE","2012","11","29",1.5,"","W",0,"9",0,"8","","8",".",""
"250190320","CI ØKOWICE","2012","11","30",3.1,"","S",0,"9",0,"8","","8",".",""
"250190330","MURCKI","2012","11","01",3.1,"","W",0,"9",0,"8","","8",".",""
"250190330","MURCKI","2012","11","02",.4,"","W",0,"9",0,"8","","8",".",""
"250190330","MURCKI","2012","11","04",23.0,"","W",0,"9",0,"8","","8",".",""
"250190330","MURCKI","2012","11","05",6.2,"","W",0,"9",0,"8","","8",".",""
"250190330","MURCKI","2012","11","06",.7,"","W",0,"9",0,"8","","8",".",""
"250190330","MURCKI","2012","11","07",3.2,"","W",0,"9",0,"8","","8",".",""
"250190330","MURCKI","2012","11","08",.5,"","W",0,"9",0,"8","","8",".",""
"250190330","MURCKI","2012","11","09",.5,"","W",0,"9",0,"8","","8",".",""
"250190330","MURCKI","2012","11","12",.8,"","W",0,"9",0,"8","","8",".",""
"250190330","MURCKI","2012","11","13",.2,"","W",0,"9",0,"8","","8",".",""
"250190330","MURCKI","2012","11","19",.3,"","W",0,"9",0,"8","","8",".",""
"250190330","MURCKI","2012","11","21",1.2,"","W",0,"9",0,"8","","8",".",""
"250190330","MURCKI","2012","11","22",.0,"","W",0,"9",0,"8","","8",".",""
"250190330","MURCKI","2012","11","23",1.9,"","W",0,"9",0,"8","","8",".",""
"250190330","MURCKI","2012","11","28",1.2,"","W",0,"9",0,"8","","8",".",""
"250190330","MURCKI","2012","11","29",1.0,"","W",0,"9",0,"8","","8",".",""
"250190330","MURCKI","2012","11","30",4.1,"","S",0,"9",0,"8","","8",".",""
"250190340","OJC”W","2012","11","01",1.4,"","W",0,"9",0,"9","","9","PL",""
"250190340","OJC”W","2012","11","04",9.7,"","W",0,"9",0,"9","","9",".",""
"250190340","OJC”W","2012","11","05",8.8,"","W",0,"9",0,"9","","9",".",""
"250190340","OJC”W","2012","11","07",3.8,"","W",0,"9",0,"9","","9",".",""
"250190340","OJC”W","2012","11","08",.2,"","W",0,"9",0,"9","","9",".",""
"250190340","OJC”W","2012","11","09",.4,"","W",0,"9",0,"9","","9",".",""
"250190340","OJC”W","2012","11","11",.2,"","W",0,"9",0,"9","","9",".",""
"250190340","OJC”W","2012","11","12",.7,"","W",0,"9",0,"9","","9",".",""
"250190340","OJC”W","2012","11","20",.2,"","W",0,"9",0,"9","","9",".",""
"250190340","OJC”W","2012","11","21",1.3,"","W",0,"9",0,"9","","9",".",""
"250190340","OJC”W","2012","11","23",.8,"","W",0,"9",0,"9","","9",".",""
"250190340","OJC”W","2012","11","28",1.6,"","W",0,"9",0,"9","","9",".",""
"250190340","OJC”W","2012","11","29",3.0,"","W",0,"9",0,"9","","9",".",""
"250190340","OJC”W","2012","11","30",1.9,"","W",0,"9",0,"9","","9",".",""
"250190350","DZIE∆KOWICE","2012","11","01",1.1,"","W",0,"9",0,"8","","8",".",""
"250190350","DZIE∆KOWICE","2012","11","04",24.7,"","W",0,"9",0,"8","","8",".",""
"250190350","DZIE∆KOWICE","2012","11","05",7.8,"","W",0,"9",0,"8","","8",".",""
"250190350","DZIE∆KOWICE","2012","11","06",.9,"","W",0,"9",0,"8","","8",".",""
"250190350","DZIE∆KOWICE","2012","11","07",1.7,"","W",0,"9",0,"8","","8",".",""
"250190350","DZIE∆KOWICE","2012","11","08",.1,"","W",0,"9",0,"8","","8",".",""
"250190350","DZIE∆KOWICE","2012","11","09",.6,"","W",0,"9",0,"8","","8",".",""
"250190350","DZIE∆KOWICE","2012","11","12",1.0,"","W",0,"9",0,"8","","8",".",""
"250190350","DZIE∆KOWICE","2012","11","21",2.5,"","W",0,"9",0,"8","","8",".",""
"250190350","DZIE∆KOWICE","2012","11","23",1.1,"","W",0,"9",0,"8","","8",".",""
"250190350","DZIE∆KOWICE","2012","11","28",1.2,"","W",0,"9",0,"8","","8",".",""
"250190350","DZIE∆KOWICE","2012","11","29",1.0,"","W",0,"9",0,"8","","8",".",""
"250190350","DZIE∆KOWICE","2012","11","30",2.3,"","W",0,"9",0,"8","","8",".",""
"250190360","NOWA G”RA","2012","11","01",.9,"","W",0,"9",0,"8","","8",".",""
"250190360","NOWA G”RA","2012","11","04",.8,"","W",0,"9",0,"8","","8",".",""
"250190360","NOWA G”RA","2012","11","05",16.9,"","W",0,"9",0,"8","","8",".",""
"250190360","NOWA G”RA","2012","11","06",.6,"","W",0,"9",0,"8","","8",".",""
"250190360","NOWA G”RA","2012","11","08",1.1,"","W",0,"9",0,"8","","8",".",""
"250190360","NOWA G”RA","2012","11","09",1.3,"","W",0,"9",0,"8","","8",".",""
"250190360","NOWA G”RA","2012","11","12",1.6,"","W",0,"9",0,"8","","8",".",""
"250190360","NOWA G”RA","2012","11","15",.1,"","W",0,"9",0,"8","","8",".",""
"250190360","NOWA G”RA","2012","11","19",.1,"","W",0,"9",0,"8","","8",".",""
"250190360","NOWA G”RA","2012","11","20",.2,"","W",0,"9",0,"8","","8",".",""
"250190360","NOWA G”RA","2012","11","21",1.9,"","W",0,"9",0,"8","","8",".",""
"250190360","NOWA G”RA","2012","11","23",.1,"","W",0,"9",0,"8","","8",".",""
"250190360","NOWA G”RA","2012","11","28",.3,"","W",0,"9",0,"8","","8",".",""
"250190360","NOWA G”RA","2012","11","29",2.0,"","W",0,"9",0,"8","","8",".",""
"250190360","NOWA G”RA","2012","11","30",1.9,"","S",0,"9",0,"8","","8",".",""
"250190370","CHRZAN”W","2012","11","01",.8,"","W",0,"9",0,"8","","8",".",""
"250190370","CHRZAN”W","2012","11","02",.3,"","W",0,"9",0,"8","","8",".",""
"250190370","CHRZAN”W","2012","11","04",20.3,"","W",0,"9",0,"8","","8",".",""
"250190370","CHRZAN”W","2012","11","05",9.0,"","W",0,"9",0,"8","","8",".",""
"250190370","CHRZAN”W","2012","11","06",1.9,"","W",0,"9",0,"8","","8",".",""
"250190370","CHRZAN”W","2012","11","07",1.0,"","W",0,"9",0,"8","","8",".",""
"250190370","CHRZAN”W","2012","11","08",.1,"","W",0,"9",0,"8","","8",".",""
"250190370","CHRZAN”W","2012","11","09",.6,"","W",0,"9",0,"8","","8",".",""
"250190370","CHRZAN”W","2012","11","11",.0,"","W",0,"9",0,"8","","8",".",""
"250190370","CHRZAN”W","2012","11","12",2.2,"","W",0,"9",0,"8","","8",".",""
"250190370","CHRZAN”W","2012","11","21",3.1,"","W",0,"9",0,"8","","8",".",""
"250190370","CHRZAN”W","2012","11","23",.6,"","W",0,"9",0,"8","","8",".",""
"250190370","CHRZAN”W","2012","11","28",.4,"","W",0,"9",0,"8","","8",".",""
"250190370","CHRZAN”W","2012","11","29",.9,"","W",0,"9",0,"8","","8",".",""
"250190370","CHRZAN”W","2012","11","30",3.2,"","S",0,"9",0,"8","","8",".",""
"250190430","ALWERNIA","2012","11","01",1.5,"","W",0,"9",0,"8","","8",".",""
"250190430","ALWERNIA","2012","11","02",.5,"","W",0,"9",0,"8","","8",".",""
"250190430","ALWERNIA","2012","11","04",14.5,"","W",0,"9",0,"8","","8",".",""
"250190430","ALWERNIA","2012","11","05",7.0,"","W",0,"9",0,"8","","8",".",""
"250190430","ALWERNIA","2012","11","06",.3,"","W",0,"9",0,"8","","8",".",""
"250190430","ALWERNIA","2012","11","07",.5,"","W",0,"9",0,"8","","8",".",""
"250190430","ALWERNIA","2012","11","09",2.5,"","W",0,"9",0,"8","","8",".",""
"250190430","ALWERNIA","2012","11","11",.2,"","W",0,"9",0,"8","","8",".",""
"250190430","ALWERNIA","2012","11","12",1.7,"","W",0,"9",0,"8","","8",".",""
"250190430","ALWERNIA","2012","11","13",.3,"","W",0,"9",0,"8","","8",".",""
"250190430","ALWERNIA","2012","11","21",1.4,"","W",0,"9",0,"8","","8",".",""
"250190430","ALWERNIA","2012","11","23",.9,"","W",0,"9",0,"8","","8",".",""
"250190430","ALWERNIA","2012","11","24",.1,"","W",0,"9",0,"8","","8",".",""
"250190430","ALWERNIA","2012","11","28",.1,"","W",0,"9",0,"8","","8",".",""
"250190430","ALWERNIA","2012","11","29",1.6,"","W",0,"9",0,"8","","8",".",""
"250190430","ALWERNIA","2012","11","30",2.3,"","W",0,"9",0,"8","","8",".",""
"250190440","OåWI CIM","2012","11","01",.3,"","W",0,"9",0,"8","","8",".",""
"250190440","OåWI CIM","2012","11","02",.1,"","W",0,"9",0,"8","","8",".",""
"250190440","OåWI CIM","2012","11","04",14.1,"","W",0,"9",0,"8","","8",".",""
"250190440","OåWI CIM","2012","11","05",12.7,"","W",0,"9",0,"8","","8",".",""
"250190440","OåWI CIM","2012","11","06",.6,"","W",0,"9",0,"8","","8",".",""
"250190440","OåWI CIM","2012","11","08",.2,"","W",0,"9",0,"8","","8",".",""
"250190440","OåWI CIM","2012","11","11",.2,"","W",0,"9",0,"8","","8",".",""
"250190440","OåWI CIM","2012","11","12",2.3,"","W",0,"9",0,"8","","8",".",""
"250190440","OåWI CIM","2012","11","21",2.6,"","W",0,"9",0,"8","","8",".",""
"250190440","OåWI CIM","2012","11","23",.8,"","W",0,"9",0,"8","","8",".",""
"250190440","OåWI CIM","2012","11","28",.1,"","W",0,"9",0,"8","","8",".",""
"250190440","OåWI CIM","2012","11","29",.5,"","W",0,"9",0,"8","","8",".",""
"250190440","OåWI CIM","2012","11","30",2.9,"","W",0,"9",0,"8","","8",".",""
"250190540","MYSZK”W","2012","11","01",3.2,"","W",0,"9",0,"8","","8",".",""
"250190540","MYSZK”W","2012","11","02",.1,"","W",0,"9",0,"8","","8",".",""
"250190540","MYSZK”W","2012","11","04",21.9,"","W",0,"9",0,"8","","8",".",""
"250190540","MYSZK”W","2012","11","05",9.2,"","W",0,"9",0,"8","","8",".",""
"250190540","MYSZK”W","2012","11","06",.1,"","W",0,"9",0,"8","","8",".",""
"250190540","MYSZK”W","2012","11","07",2.8,"","W",0,"9",0,"8","","8",".",""
"250190540","MYSZK”W","2012","11","08",.5,"","W",0,"9",0,"8","","8",".",""
"250190540","MYSZK”W","2012","11","09",.3,"","W",0,"9",0,"8","","8",".",""
"250190540","MYSZK”W","2012","11","11",.2,"","W",0,"9",0,"8","","8",".",""
"250190540","MYSZK”W","2012","11","12",.1,"","W",0,"9",0,"8","","8",".",""
"250190540","MYSZK”W","2012","11","21",.4,"","W",0,"9",0,"8","","8",".",""
"250190540","MYSZK”W","2012","11","22",.1,"","W",0,"9",0,"8","","8",".",""
"250190540","MYSZK”W","2012","11","23",.2,"","W",0,"9",0,"8","","8",".",""
"250190540","MYSZK”W","2012","11","28",.4,"","W",0,"9",0,"8","","8",".",""
"250190540","MYSZK”W","2012","11","29",1.2,"","W",0,"9",0,"8","","8",".",""
"250190540","MYSZK”W","2012","11","30",2.7,"","S",0,"9",0,"8","","8",".",""
"250190550","Z•BKOWICE","2012","11","01",2.1,"","W",0,"9",0,"8","","8",".",""
"250190550","Z•BKOWICE","2012","11","04",21.5,"","W",0,"9",0,"8","","8",".",""
"250190550","Z•BKOWICE","2012","11","05",9.7,"","W",0,"9",0,"8","","8",".",""
"250190550","Z•BKOWICE","2012","11","07",1.8,"","W",0,"9",0,"8","","8",".",""
"250190550","Z•BKOWICE","2012","11","08",.3,"","W",0,"9",0,"8","","8",".",""
"250190550","Z•BKOWICE","2012","11","11",1.1,"","W",0,"9",0,"8","","8",".",""
"250190550","Z•BKOWICE","2012","11","12",.3,"","W",0,"9",0,"8","","8",".",""
"250190550","Z•BKOWICE","2012","11","21",1.2,"","W",0,"9",0,"8","","8",".",""
"250190550","Z•BKOWICE","2012","11","22",.2,"","W",0,"9",0,"8","","8",".",""
"250190550","Z•BKOWICE","2012","11","23",.9,"","W",0,"9",0,"8","","8",".",""
"250190550","Z•BKOWICE","2012","11","28",.5,"","W",0,"9",0,"8","","8",".",""
"250190550","Z•BKOWICE","2012","11","29",1.0,"","W",0,"9",0,"8","","8",".",""
"250190550","Z•BKOWICE","2012","11","30",2.2,"","W",0,"9",0,"8","","8",".",""
"250200010","BARTK”W","2012","11","01",5.5,"","W",0,"9",0,"8","","8","",""
"250200010","BARTK”W","2012","11","02",.8,"","W",0,"9",0,"8","","8","",""
"250200010","BARTK”W","2012","11","04",10.8,"","W",0,"9",0,"8","","8","",""
"250200010","BARTK”W","2012","11","05",11.6,"","W",0,"9",0,"8","","8","",""
"250200010","BARTK”W","2012","11","06",1.0,"","W",0,"9",0,"8","","8","",""
"250200010","BARTK”W","2012","11","07",2.3,"","W",0,"9",0,"8","","8","",""
"250200010","BARTK”W","2012","11","09",1.2,"","W",0,"9",0,"8","","8","",""
"250200010","BARTK”W","2012","11","10",.0,"","W",0,"9",0,"8","","8","",""
"250200010","BARTK”W","2012","11","11",.4,"","W",0,"9",0,"8","","8","",""
"250200010","BARTK”W","2012","11","12",.5,"","W",0,"9",0,"8","","8","",""
"250200010","BARTK”W","2012","11","20",.5,"","W",0,"9",0,"8","","8","",""
"250200010","BARTK”W","2012","11","21",2.5,"","W",0,"9",0,"8","","8","",""
"250200010","BARTK”W","2012","11","22",.2,"","W",0,"9",0,"8","","8","",""
"250200010","BARTK”W","2012","11","23",.0,"","W",0,"9",0,"8","","8","",""
"250200010","BARTK”W","2012","11","24",.7,"","W",0,"9",0,"8","","8","",""
"250200010","BARTK”W","2012","11","29",3.1,"","W",0,"9",0,"8","","8","",""
"250200010","BARTK”W","2012","11","30",2.9,"","S",0,"9",0,"8","","8","",""
"250200020","SIEKIERNO","2012","11","01",1.4,"","W",0,"9",0,"8","","8","PL",""
"250200020","SIEKIERNO","2012","11","02",.5,"","W",0,"9",0,"8","","8",".",""
"250200020","SIEKIERNO","2012","11","04",10.5,"","W",0,"9",0,"8","","8",".",""
"250200020","SIEKIERNO","2012","11","05",11.0,"","W",0,"9",0,"8","","8",".",""
"250200020","SIEKIERNO","2012","11","06",.4,"","W",0,"9",0,"8","","8",".",""
"250200020","SIEKIERNO","2012","11","07",1.9,"","W",0,"9",0,"8","","8",".",""
"250200020","SIEKIERNO","2012","11","08",.4,"","W",0,"9",0,"8","","8",".",""
"250200020","SIEKIERNO","2012","11","09",.3,"","W",0,"9",0,"8","","8",".",""
"250200020","SIEKIERNO","2012","11","10",.0,"","W",0,"9",0,"8","","8",".",""
"250200020","SIEKIERNO","2012","11","11",.0,"","W",0,"9",0,"8","","8",".",""
"250200020","SIEKIERNO","2012","11","12",.9,"","W",0,"9",0,"8","","8",".",""
"250200020","SIEKIERNO","2012","11","21",.4,"","W",0,"9",0,"8","","8",".",""
"250200020","SIEKIERNO","2012","11","22",1.9,"","W",0,"9",0,"8","","8",".",""
"250200020","SIEKIERNO","2012","11","24",.7,"","W",0,"9",0,"8","","8",".",""
"250200020","SIEKIERNO","2012","11","25",.2,"","W",0,"9",0,"8","","8",".",""
"250200020","SIEKIERNO","2012","11","29",1.8,"","W",0,"9",0,"8","","8",".",""
"250200020","SIEKIERNO","2012","11","30",2.5,"","S",0,"9",0,"8","","8",".",""
"250200070","WYMYS£”W","2012","11","01",2.9,"","W",0,"9",0,"8","","8",".",""
"250200070","WYMYS£”W","2012","11","02",.6,"","W",0,"9",0,"8","","8",".",""
"250200070","WYMYS£”W","2012","11","04",17.5,"","W",0,"9",0,"8","","8",".",""
"250200070","WYMYS£”W","2012","11","05",6.8,"","W",0,"9",0,"8","","8",".",""
"250200070","WYMYS£”W","2012","11","07",2.7,"","W",0,"9",0,"8","","8",".",""
"250200070","WYMYS£”W","2012","11","09",1.8,"","W",0,"9",0,"8","","8",".",""
"250200070","WYMYS£”W","2012","11","12",.2,"","W",0,"9",0,"8","","8",".",""
"250200070","WYMYS£”W","2012","11","17",.1,"","W",0,"9",0,"8","","8",".",""
"250200070","WYMYS£”W","2012","11","21",.3,"","W",0,"9",0,"8","","8",".",""
"250200070","WYMYS£”W","2012","11","26",.1,"","W",0,"9",0,"8","","8",".",""
"250200070","WYMYS£”W","2012","11","28",.9,"","W",0,"9",0,"8","","8",".",""
"250200070","WYMYS£”W","2012","11","29",.7,"","W",0,"9",0,"8","","8",".",""
"250200070","WYMYS£”W","2012","11","30",3.4,"","S",0,"9",0,"8","","8",".",""
"250200080","MA£OGOSZCZ","2012","11","01",5.6,"","W",0,"9",0,"8","","8",".",""
"250200080","MA£OGOSZCZ","2012","11","02",1.3,"","W",0,"9",0,"8","","8",".",""
"250200080","MA£OGOSZCZ","2012","11","04",15.4,"","W",0,"9",0,"8","","8",".",""
"250200080","MA£OGOSZCZ","2012","11","05",9.3,"","W",0,"9",0,"8","","8",".",""
"250200080","MA£OGOSZCZ","2012","11","06",1.2,"","W",0,"9",0,"8","","8",".",""
"250200080","MA£OGOSZCZ","2012","11","07",1.6,"","W",0,"9",0,"8","","8",".",""
"250200080","MA£OGOSZCZ","2012","11","09",1.2,"","W",0,"9",0,"8","","8",".",""
"250200080","MA£OGOSZCZ","2012","11","11",1.6,"","W",0,"9",0,"8","","8",".",""
"250200080","MA£OGOSZCZ","2012","11","12",1.0,"","W",0,"9",0,"8","","8",".",""
"250200080","MA£OGOSZCZ","2012","11","17",1.0,"","W",0,"9",0,"8","","8",".",""
"250200080","MA£OGOSZCZ","2012","11","21",1.0,"","W",0,"9",0,"8","","8",".",""
"250200080","MA£OGOSZCZ","2012","11","28",1.1,"","W",0,"9",0,"8","","8",".",""
"250200080","MA£OGOSZCZ","2012","11","30",3.8,"","S",0,"9",0,"8","","8",".",""
"250200090","KONIECZNO","2012","11","01",3.1,"","W",0,"9",0,"8","","8",".",""
"250200090","KONIECZNO","2012","11","02",.7,"","W",0,"9",0,"8","","8",".",""
"250200090","KONIECZNO","2012","11","04",13.6,"","W",0,"9",0,"8","","8",".",""
"250200090","KONIECZNO","2012","11","05",11.7,"","W",0,"9",0,"8","","8",".",""
"250200090","KONIECZNO","2012","11","06",1.6,"","W",0,"9",0,"8","","8",".",""
"250200090","KONIECZNO","2012","11","07",2.9,"","W",0,"9",0,"8","","8",".",""
"250200090","KONIECZNO","2012","11","09",1.0,"","W",0,"9",0,"8","","8",".",""
"250200090","KONIECZNO","2012","11","11",.1,"","W",0,"9",0,"8","","8",".",""
"250200090","KONIECZNO","2012","11","12",.1,"","W",0,"9",0,"8","","8",".",""
"250200090","KONIECZNO","2012","11","15",.1,"","W",0,"9",0,"8","","8",".",""
"250200090","KONIECZNO","2012","11","16",.1,"","W",0,"9",0,"8","","8",".",""
"250200090","KONIECZNO","2012","11","17",.1,"","W",0,"9",0,"8","","8",".",""
"250200090","KONIECZNO","2012","11","21",.5,"","W",0,"9",0,"8","","8",".",""
"250200090","KONIECZNO","2012","11","22",.1,"","W",0,"9",0,"8","","8",".",""
"250200090","KONIECZNO","2012","11","28",.8,"","W",0,"9",0,"8","","8",".",""
"250200090","KONIECZNO","2012","11","29",.9,"","W",0,"9",0,"8","","8",".",""
"250200090","KONIECZNO","2012","11","30",3.5,"","S",0,"9",0,"8","","8",".",""
"250200110","CIS”W","2012","11","01",4.5,"","W",0,"9",0,"8","","8",".",""
"250200110","CIS”W","2012","11","02",.3,"","W",0,"9",0,"8","","8",".",""
"250200110","CIS”W","2012","11","04",2.3,"","W",0,"9",0,"8","","8",".",""
"250200110","CIS”W","2012","11","05",10.1,"","W",0,"9",0,"8","","8",".",""
"250200110","CIS”W","2012","11","06",.2,"","W",0,"9",0,"8","","8",".",""
"250200110","CIS”W","2012","11","07",1.5,"","W",0,"9",0,"8","","8",".",""
"250200110","CIS”W","2012","11","08",.2,"","W",0,"9",0,"8","","8",".",""
"250200110","CIS”W","2012","11","09",.3,"","W",0,"9",0,"8","","8",".",""
"250200110","CIS”W","2012","11","11",.0,"","W",0,"9",0,"8","","8",".",""
"250200110","CIS”W","2012","11","12",.9,"","W",0,"9",0,"8","","8",".",""
"250200110","CIS”W","2012","11","21",1.3,"","W",0,"9",0,"8","","8",".",""
"250200110","CIS”W","2012","11","22",.5,"","W",0,"9",0,"8","","8",".",""
"250200110","CIS”W","2012","11","24",.2,"","W",0,"9",0,"8","","8",".",""
"250200110","CIS”W","2012","11","29",2.5,"","W",0,"9",0,"8","","8",".",""
"250200110","CIS”W","2012","11","30",2.4,"","S",0,"9",0,"8","","8",".",""
"250200130","KLISZ”W","2012","11","01",1.2,"","W",0,"9",0,"8","","8",".",""
"250200130","KLISZ”W","2012","11","02",.1,"","W",0,"9",0,"8","","8",".",""
"250200130","KLISZ”W","2012","11","04",3.3,"","W",0,"9",0,"8","","8",".",""
"250200130","KLISZ”W","2012","11","05",10.7,"","W",0,"9",0,"8","","8",".",""
"250200130","KLISZ”W","2012","11","06",.7,"","W",0,"9",0,"8","","8",".",""
"250200130","KLISZ”W","2012","11","07",2.2,"","W",0,"9",0,"8","","8",".",""
"250200130","KLISZ”W","2012","11","08",.2,"","W",0,"9",0,"8","","8",".",""
"250200130","KLISZ”W","2012","11","09",.1,"","W",0,"9",0,"8","","8",".",""
"250200130","KLISZ”W","2012","11","12",1.2,"","W",0,"9",0,"8","","8",".",""
"250200130","KLISZ”W","2012","11","21",2.4,"","W",0,"9",0,"8","","8",".",""
"250200130","KLISZ”W","2012","11","28",.2,"","W",0,"9",0,"8","","8",".",""
"250200130","KLISZ”W","2012","11","29",1.8,"","W",0,"9",0,"8","","8",".",""
"250200130","KLISZ”W","2012","11","30",3.6,"","S",0,"9",0,"8","","8",".",""
"250200140","S DZISZ”W","2012","11","01",3.5,"","W",0,"9",0,"8","","8",".",""
"250200140","S DZISZ”W","2012","11","02",2.6,"","W",0,"9",0,"8","","8",".",""
"250200140","S DZISZ”W","2012","11","04",2.1,"","W",0,"9",0,"8","","8",".",""
"250200140","S DZISZ”W","2012","11","05",12.0,"","W",0,"9",0,"8","","8",".",""
"250200140","S DZISZ”W","2012","11","07",2.2,"","W",0,"9",0,"8","","8",".",""
"250200140","S DZISZ”W","2012","11","09",2.1,"","W",0,"9",0,"8","","8",".",""
"250200140","S DZISZ”W","2012","11","10",.2,"","W",0,"9",0,"8","","8",".",""
"250200140","S DZISZ”W","2012","11","12",2.4,"","W",0,"9",0,"8","","8",".",""
"250200140","S DZISZ”W","2012","11","21",2.0,"","W",0,"9",0,"8","","8",".",""
"250200140","S DZISZ”W","2012","11","22",.1,"","W",0,"9",0,"8","","8",".",""
"250200140","S DZISZ”W","2012","11","24",.1,"","W",0,"9",0,"8","","8",".",""
"250200140","S DZISZ”W","2012","11","28",.3,"","W",0,"9",0,"8","","8",".",""
"250200140","S DZISZ”W","2012","11","29",2.1,"","W",0,"9",0,"8","","8",".",""
"250200140","S DZISZ”W","2012","11","30",4.2,"","S",0,"9",0,"8","","8",".",""
"250200160","SZANIEC","2012","11","01",2.5,"","W",0,"9",0,"8","","8",".",""
"250200160","SZANIEC","2012","11","02",.2,"","W",0,"9",0,"8","","8",".",""
"250200160","SZANIEC","2012","11","04",4.2,"","W",0,"9",0,"8","","8",".",""
"250200160","SZANIEC","2012","11","05",6.8,"","W",0,"9",0,"8","","8",".",""
"250200160","SZANIEC","2012","11","06",.3,"","W",0,"9",0,"8","","8",".",""
"250200160","SZANIEC","2012","11","07",2.3,"","W",0,"9",0,"8","","8",".",""
"250200160","SZANIEC","2012","11","09",.2,"","W",0,"9",0,"8","","8",".",""
"250200160","SZANIEC","2012","11","12",1.2,"","W",0,"9",0,"8","","8",".",""
"250200160","SZANIEC","2012","11","21",2.8,"","W",0,"9",0,"8","","8",".",""
"250200160","SZANIEC","2012","11","28",.1,"","W",0,"9",0,"8","","8",".",""
"250200160","SZANIEC","2012","11","29",1.1,"","W",0,"9",0,"8","","8",".",""
"250200160","SZANIEC","2012","11","30",1.6,"","S",0,"9",0,"8","","8",".",""
"250200170","KSI•Ø WIELKI","2012","11","01",1.3,"","W",0,"9",0,"8","","8",".",""
"250200170","KSI•Ø WIELKI","2012","11","02",1.0,"","W",0,"9",0,"8","","8",".",""
"250200170","KSI•Ø WIELKI","2012","11","03",.1,"","W",0,"9",0,"8","","8",".",""
"250200170","KSI•Ø WIELKI","2012","11","04",12.3,"","W",0,"9",0,"8","","8",".",""
"250200170","KSI•Ø WIELKI","2012","11","05",5.0,"","W",0,"9",0,"8","","8",".",""
"250200170","KSI•Ø WIELKI","2012","11","06",.1,"","W",0,"9",0,"8","","8",".",""
"250200170","KSI•Ø WIELKI","2012","11","07",.5,"","W",0,"9",0,"8","","8",".",""
"250200170","KSI•Ø WIELKI","2012","11","08",.0,"","W",0,"9",0,"8","","8",".",""
"250200170","KSI•Ø WIELKI","2012","11","09",.3,"","W",0,"9",0,"8","","8",".",""
"250200170","KSI•Ø WIELKI","2012","11","11",.4,"","W",0,"9",0,"8","","8",".",""
"250200170","KSI•Ø WIELKI","2012","11","12",1.0,"","W",0,"9",0,"8","","8",".",""
"250200170","KSI•Ø WIELKI","2012","11","13",.0,"","W",0,"9",0,"8","","8",".",""
"250200170","KSI•Ø WIELKI","2012","11","17",.3,"","W",0,"9",0,"8","","8",".",""
"250200170","KSI•Ø WIELKI","2012","11","21",2.0,"","W",0,"9",0,"8","","8",".",""
"250200170","KSI•Ø WIELKI","2012","11","23",.3,"","W",0,"9",0,"8","","8",".",""
"250200170","KSI•Ø WIELKI","2012","11","28",.7,"","W",0,"9",0,"8","","8",".",""
"250200170","KSI•Ø WIELKI","2012","11","29",.0,"","W",0,"9",0,"8","","8",".",""
"250200170","KSI•Ø WIELKI","2012","11","30",2.4,"","W",0,"9",0,"8","","8",".",""
"250200180","STOPNICA","2012","11","01",1.2,"","W",0,"9",0,"9","","9","PL",""
"250200180","STOPNICA","2012","11","04",2.8,"","W",0,"9",0,"9","","9",".",""
"250200180","STOPNICA","2012","11","05",12.4,"","W",0,"9",0,"9","","9",".",""
"250200180","STOPNICA","2012","11","07",1.8,"","W",0,"9",0,"9","","9",".",""
"250200180","STOPNICA","2012","11","12",1.2,"","W",0,"9",0,"9","","9",".",""
"250200180","STOPNICA","2012","11","22",.6,"","W",0,"9",0,"9","","9",".",""
"250200180","STOPNICA","2012","11","28",.6,"","W",0,"9",0,"9","","9",".",""
"250200180","STOPNICA","2012","11","30",.8,"","W",0,"9",0,"9","","9",".",""
"250200190","CHROBERZ","2012","11","01",1.9,"","W",0,"9",0,"8","","8",".",""
"250200190","CHROBERZ","2012","11","02",.3,"","W",0,"9",0,"8","","8",".",""
"250200190","CHROBERZ","2012","11","04",4.2,"","W",0,"9",0,"8","","8",".",""
"250200190","CHROBERZ","2012","11","05",8.5,"","W",0,"9",0,"8","","8",".",""
"250200190","CHROBERZ","2012","11","06",.2,"","W",0,"9",0,"8","","8",".",""
"250200190","CHROBERZ","2012","11","07",.4,"","W",0,"9",0,"8","","8",".",""
"250200190","CHROBERZ","2012","11","09",.2,"","W",0,"9",0,"8","","8",".",""
"250200190","CHROBERZ","2012","11","12",.9,"","W",0,"9",0,"8","","8",".",""
"250200190","CHROBERZ","2012","11","20",1.2,"","W",0,"9",0,"8","","8",".",""
"250200190","CHROBERZ","2012","11","21",2.4,"","W",0,"9",0,"8","","8",".",""
"250200190","CHROBERZ","2012","11","28",.2,"","W",0,"9",0,"8","","8",".",""
"250200190","CHROBERZ","2012","11","29",1.2,"","W",0,"9",0,"8","","8",".",""
"250200190","CHROBERZ","2012","11","30",.2,"","W",0,"9",0,"8","","8",".",""
"250200240","KAZIMIERZA MA£A","2012","11","01",2.9,"","W",0,"9",0,"8","","8",".",""
"250200240","KAZIMIERZA MA£A","2012","11","02",1.2,"","W",0,"9",0,"8","","8",".",""
"250200240","KAZIMIERZA MA£A","2012","11","04",4.6,"","W",0,"9",0,"8","","8",".",""
"250200240","KAZIMIERZA MA£A","2012","11","05",8.4,"","W",0,"9",0,"8","","8",".",""
"250200240","KAZIMIERZA MA£A","2012","11","07",.6,"","W",0,"9",0,"8","","8",".",""
"250200240","KAZIMIERZA MA£A","2012","11","09",.2,"","W",0,"9",0,"8","","8",".",""
"250200240","KAZIMIERZA MA£A","2012","11","12",2.0,"","W",0,"9",0,"8","","8",".",""
"250200240","KAZIMIERZA MA£A","2012","11","20",.1,"","W",0,"9",0,"8","","8",".",""
"250200240","KAZIMIERZA MA£A","2012","11","21",3.6,"","W",0,"9",0,"8","","8",".",""
"250200240","KAZIMIERZA MA£A","2012","11","28",.2,"","W",0,"9",0,"8","","8",".",""
"250200240","KAZIMIERZA MA£A","2012","11","29",1.3,"","W",0,"9",0,"8","","8",".",""
"250200240","KAZIMIERZA MA£A","2012","11","30",2.8,"","W",0,"9",0,"8","","8",".",""
"250200260","JAKUBOWICE","2012","11","01",1.6,"","W",0,"9",0,"9","","9","PL",""
"250200260","JAKUBOWICE","2012","11","02",.0,"","W",0,"9",0,"9","","9",".",""
"250200260","JAKUBOWICE","2012","11","04",4.9,"","W",0,"9",0,"9","","9",".",""
"250200260","JAKUBOWICE","2012","11","05",8.2,"","W",0,"9",0,"9","","9",".",""
"250200260","JAKUBOWICE","2012","11","06",.1,"","W",0,"9",0,"9","","9",".",""
"250200260","JAKUBOWICE","2012","11","07",.1,"","W",0,"9",0,"9","","9",".",""
"250200260","JAKUBOWICE","2012","11","09",.1,"","W",0,"9",0,"9","","9",".",""
"250200260","JAKUBOWICE","2012","11","12",1.7,"","W",0,"9",0,"9","","9",".",""
"250200260","JAKUBOWICE","2012","11","15",.1,"","W",0,"9",0,"9","","9",".",""
"250200260","JAKUBOWICE","2012","11","16",.2,"","W",0,"9",0,"9","","9",".",""
"250200260","JAKUBOWICE","2012","11","17",.1,"","W",0,"9",0,"9","","9",".",""
"250200260","JAKUBOWICE","2012","11","18",.1,"","W",0,"9",0,"9","","9",".",""
"250200260","JAKUBOWICE","2012","11","19",.1,"","W",0,"9",0,"9","","9",".",""
"250200260","JAKUBOWICE","2012","11","20",.1,"","W",0,"9",0,"9","","9",".",""
"250200260","JAKUBOWICE","2012","11","21",1.8,"","W",0,"9",0,"9","","9",".",""
"250200260","JAKUBOWICE","2012","11","23",.3,"","W",0,"9",0,"9","","9",".",""
"250200260","JAKUBOWICE","2012","11","24",.1,"","W",0,"9",0,"9","","9",".",""
"250200260","JAKUBOWICE","2012","11","28",.2,"","W",0,"9",0,"9","","9",".",""
"250200260","JAKUBOWICE","2012","11","29",1.4,"","W",0,"9",0,"9","","9",".",""
"250200260","JAKUBOWICE","2012","11","30",1.8,"","W",0,"9",0,"9","","9",".",""
"250200290","BORZ CIN","2012","11","01",.1,"","W",0,"9",0,"8","","8",".",""
"250200290","BORZ CIN","2012","11","02",.0,"","W",0,"9",0,"8","","8",".",""
"250200290","BORZ CIN","2012","11","05",13.9,"","W",0,"9",0,"8","","8",".",""
"250200290","BORZ CIN","2012","11","07",.6,"","W",0,"9",0,"8","","8",".",""
"250200290","BORZ CIN","2012","11","09",.0,"","W",0,"9",0,"8","","8",".",""
"250200290","BORZ CIN","2012","11","12",4.1,"","W",0,"9",0,"8","","8",".",""
"250200290","BORZ CIN","2012","11","21",2.3,"","W",0,"9",0,"8","","8",".",""
"250200290","BORZ CIN","2012","11","22",.2,"","W",0,"9",0,"8","","8",".",""
"250200290","BORZ CIN","2012","11","23",.5,"","W",0,"9",0,"8","","8",".",""
"250200290","BORZ CIN","2012","11","28",.0,"","W",0,"9",0,"8","","8",".",""
"250200290","BORZ CIN","2012","11","30",1.0,"","W",0,"9",0,"8","","8",".",""
"250200350","OBL GOREK","2012","11","01",5.8,"","W",0,"9",0,"8","","8",".",""
"250200350","OBL GOREK","2012","11","02",.9,"","W",0,"9",0,"8","","8",".",""
"250200350","OBL GOREK","2012","11","04",11.7,"","W",0,"9",0,"8","","8",".",""
"250200350","OBL GOREK","2012","11","05",11.7,"","W",0,"9",0,"8","","8",".",""
"250200350","OBL GOREK","2012","11","06",.2,"","W",0,"9",0,"8","","8",".",""
"250200350","OBL GOREK","2012","11","07",2.6,"","W",0,"9",0,"8","","8",".",""
"250200350","OBL GOREK","2012","11","08",.0,"","W",0,"9",0,"8","","8",".",""
"250200350","OBL GOREK","2012","11","09",.6,"","W",0,"9",0,"8","","8",".",""
"250200350","OBL GOREK","2012","11","10",.2,"","W",0,"9",0,"8","","8",".",""
"250200350","OBL GOREK","2012","11","11",.2,"","W",0,"9",0,"8","","8",".",""
"250200350","OBL GOREK","2012","11","12",.1,"","W",0,"9",0,"8","","8",".",""
"250200350","OBL GOREK","2012","11","15",.1,"","W",0,"9",0,"8","","8",".",""
"250200350","OBL GOREK","2012","11","16",.2,"","W",0,"9",0,"8","","8",".",""
"250200350","OBL GOREK","2012","11","21",1.4,"","W",0,"9",0,"8","","8",".",""
"250200350","OBL GOREK","2012","11","23",.2,"","W",0,"9",0,"8","","8",".",""
"250200350","OBL GOREK","2012","11","24",.2,"","W",0,"9",0,"8","","8",".",""
"250200350","OBL GOREK","2012","11","28",.0,"","W",0,"9",0,"8","","8",".",""
"250200350","OBL GOREK","2012","11","29",2.4,"","W",0,"9",0,"8","","8",".",""
"250200350","OBL GOREK","2012","11","30",3.2,"","S",0,"9",0,"8","","8",".",""
"250200360","D•BROWA TARNOWSKA","2012","11","01",.7,"","W",0,"9",0,"8","","8",".",""
"250200360","D•BROWA TARNOWSKA","2012","11","04",.0,"","W",0,"9",0,"8","","8",".",""
"250200360","D•BROWA TARNOWSKA","2012","11","05",12.7,"","W",0,"9",0,"8","","8",".",""
"250200360","D•BROWA TARNOWSKA","2012","11","07",.7,"","W",0,"9",0,"8","","8",".",""
"250200360","D•BROWA TARNOWSKA","2012","11","08",.6,"","W",0,"9",0,"8","","8",".",""
"250200360","D•BROWA TARNOWSKA","2012","11","10",.2,"","W",0,"9",0,"8","","8",".",""
"250200360","D•BROWA TARNOWSKA","2012","11","12",3.5,"","W",0,"9",0,"8","","8",".",""
"250200360","D•BROWA TARNOWSKA","2012","11","21",1.5,"","W",0,"9",0,"8","","8",".",""
"250200360","D•BROWA TARNOWSKA","2012","11","22",1.0,"","W",0,"9",0,"8","","8",".",""
"250200360","D•BROWA TARNOWSKA","2012","11","28",1.2,"","W",0,"9",0,"8","","8",".",""
"250200360","D•BROWA TARNOWSKA","2012","11","30",.7,"","W",0,"9",0,"8","","8",".",""
"250210020","NOS”W","2012","11","01",3.0,"","W",0,"9",0,"8","","8",".",""
"250210020","NOS”W","2012","11","02",.7,"","W",0,"9",0,"8","","8",".",""
"250210020","NOS”W","2012","11","04",1.5,"","W",0,"9",0,"8","","8",".",""
"250210020","NOS”W","2012","11","05",9.3,"","W",0,"9",0,"8","","8",".",""
"250210020","NOS”W","2012","11","07",.6,"","W",0,"9",0,"8","","8",".",""
"250210020","NOS”W","2012","11","09",.3,"","W",0,"9",0,"8","","8",".",""
"250210020","NOS”W","2012","11","12",1.1,"","W",0,"9",0,"8","","8",".",""
"250210020","NOS”W","2012","11","14",.1,"","W",0,"9",0,"8","","8",".",""
"250210020","NOS”W","2012","11","22",.7,"","W",0,"9",0,"8","","8",".",""
"250210020","NOS”W","2012","11","24",.6,"","W",0,"9",0,"8","","8",".",""
"250210020","NOS”W","2012","11","29",1.4,"","W",0,"9",0,"8","","8",".",""
"250210020","NOS”W","2012","11","30",2.3,"","S",0,"9",0,"8","","8",".",""
"250210030","ANNOPOL","2012","11","01",2.7,"","W",0,"9",0,"8","","8",".",""
"250210030","ANNOPOL","2012","11","02",1.6,"","W",0,"9",0,"8","","8",".",""
"250210030","ANNOPOL","2012","11","04",1.2,"","W",0,"9",0,"8","","8",".",""
"250210030","ANNOPOL","2012","11","05",11.1,"","W",0,"9",0,"8","","8",".",""
"250210030","ANNOPOL","2012","11","07",1.5,"","W",0,"9",0,"8","","8",".",""
"250210030","ANNOPOL","2012","11","08",.0,"","W",0,"9",0,"8","","8",".",""
"250210030","ANNOPOL","2012","11","09",.1,"","W",0,"9",0,"8","","8",".",""
"250210030","ANNOPOL","2012","11","12",1.7,"","W",0,"9",0,"8","","8",".",""
"250210030","ANNOPOL","2012","11","22",.2,"","W",0,"9",0,"8","","8",".",""
"250210030","ANNOPOL","2012","11","24",.0,"","W",0,"9",0,"8","","8",".",""
"250210030","ANNOPOL","2012","11","29",.0,"","W",0,"9",0,"8","","8",".",""
"250210030","ANNOPOL","2012","11","30",2.7,"","W",0,"9",0,"8","","8",".",""
"250210040","NOWA S£UPIA","2012","11","01",4.0,"","W",0,"9",0,"8","","8",".",""
"250210040","NOWA S£UPIA","2012","11","02",.2,"","W",0,"9",0,"8","","8",".",""
"250210040","NOWA S£UPIA","2012","11","04",3.0,"","W",0,"9",0,"8","","8",".",""
"250210040","NOWA S£UPIA","2012","11","05",11.4,"","W",0,"9",0,"8","","8",".",""
"250210040","NOWA S£UPIA","2012","11","06",.3,"","W",0,"9",0,"8","","8",".",""
"250210040","NOWA S£UPIA","2012","11","07",2.5,"","W",0,"9",0,"8","","8",".",""
"250210040","NOWA S£UPIA","2012","11","09",.1,"","W",0,"9",0,"8","","8",".",""
"250210040","NOWA S£UPIA","2012","11","12",.3,"","W",0,"9",0,"8","","8",".",""
"250210040","NOWA S£UPIA","2012","11","22",1.0,"","W",0,"9",0,"8","","8",".",""
"250210040","NOWA S£UPIA","2012","11","23",.0,"","W",0,"9",0,"8","","8",".",""
"250210040","NOWA S£UPIA","2012","11","24",.5,"","W",0,"9",0,"8","","8",".",""
"250210040","NOWA S£UPIA","2012","11","25",.1,"","W",0,"9",0,"8","","8",".",""
"250210040","NOWA S£UPIA","2012","11","27",.0,"","W",0,"9",0,"8","","8",".",""
"250210040","NOWA S£UPIA","2012","11","29",4.0,"","W",0,"9",0,"8","","8",".",""
"250210040","NOWA S£UPIA","2012","11","30",1.0,"","S",0,"9",0,"8","","8",".",""
"250210060","BOGUS£AWICE","2012","11","01",2.3,"","W",0,"9",0,"8","","8",".",""
"250210060","BOGUS£AWICE","2012","11","02",.5,"","W",0,"9",0,"8","","8",".",""
"250210060","BOGUS£AWICE","2012","11","04",1.3,"","W",0,"9",0,"8","","8",".",""
"250210060","BOGUS£AWICE","2012","11","05",8.2,"","W",0,"9",0,"8","","8",".",""
"250210060","BOGUS£AWICE","2012","11","07",.4,"","W",0,"9",0,"8","","8",".",""
"250210060","BOGUS£AWICE","2012","11","08",.0,"","W",0,"9",0,"8","","8",".",""
"250210060","BOGUS£AWICE","2012","11","09",.2,"","W",0,"9",0,"8","","8",".",""
"250210060","BOGUS£AWICE","2012","11","12",1.7,"","W",0,"9",0,"8","","8",".",""
"250210060","BOGUS£AWICE","2012","11","24",.8,"","W",0,"9",0,"8","","8",".",""
"250210060","BOGUS£AWICE","2012","11","29",1.0,"","W",0,"9",0,"8","","8",".",""
"250210060","BOGUS£AWICE","2012","11","30",2.0,"","W",0,"9",0,"8","","8",".",""
"250210070","BARAN”WEK","2012","11","01",3.4,"","W",0,"9",0,"8","","8",".",""
"250210070","BARAN”WEK","2012","11","02",.8,"","W",0,"9",0,"8","","8",".",""
"250210070","BARAN”WEK","2012","11","04",2.1,"","W",0,"9",0,"8","","8",".",""
"250210070","BARAN”WEK","2012","11","05",8.7,"","W",0,"9",0,"8","","8",".",""
"250210070","BARAN”WEK","2012","11","07",2.0,"","W",0,"9",0,"8","","8",".",""
"250210070","BARAN”WEK","2012","11","09",.9,"","W",0,"9",0,"8","","8",".",""
"250210070","BARAN”WEK","2012","11","12",.8,"","W",0,"9",0,"8","","8",".",""
"250210070","BARAN”WEK","2012","11","24",2.2,"","W",0,"9",0,"8","","8",".",""
"250210070","BARAN”WEK","2012","11","29",.4,"","W",0,"9",0,"8","","8",".",""
"250210070","BARAN”WEK","2012","11","30",.5,"","W",0,"9",0,"8","","8",".",""
"250210080","SADK”W","2012","11","01",3.3,"","W",0,"9",0,"9","","9","PL",""
"250210080","SADK”W","2012","11","02",.6,"","W",0,"9",0,"9","","9",".",""
"250210080","SADK”W","2012","11","04",3.3,"","W",0,"9",0,"9","","9",".",""
"250210080","SADK”W","2012","11","05",6.9,"","W",0,"9",0,"9","","9",".",""
"250210080","SADK”W","2012","11","06",.2,"","W",0,"9",0,"9","","9",".",""
"250210080","SADK”W","2012","11","07",1.7,"","W",0,"9",0,"9","","9",".",""
"250210080","SADK”W","2012","11","08",.3,"","W",0,"9",0,"9","","9",".",""
"250210080","SADK”W","2012","11","09",.6,"","W",0,"9",0,"9","","9",".",""
"250210080","SADK”W","2012","11","12",.8,"","W",0,"9",0,"9","","9",".",""
"250210080","SADK”W","2012","11","15",.1,"","W",0,"9",0,"9","","9",".",""
"250210080","SADK”W","2012","11","16",.2,"","W",0,"9",0,"9","","9",".",""
"250210080","SADK”W","2012","11","17",.1,"","W",0,"9",0,"9","","9",".",""
"250210080","SADK”W","2012","11","21",.4,"","W",0,"9",0,"9","","9",".",""
"250210080","SADK”W","2012","11","22",.6,"","W",0,"9",0,"9","","9",".",""
"250210080","SADK”W","2012","11","24",.6,"","W",0,"9",0,"9","","9",".",""
"250210080","SADK”W","2012","11","25",.1,"","W",0,"9",0,"9","","9",".",""
"250210080","SADK”W","2012","11","29",.9,"","W",0,"9",0,"9","","9",".",""
"250210080","SADK”W","2012","11","30",1.6,"","S",0,"9",0,"9","","9",".",""
"250210090","JASTRZ BSKA WOLA","2012","11","01",4.1,"","W",0,"9",0,"9","","9","PL",""
"250210090","JASTRZ BSKA WOLA","2012","11","02",.5,"","W",0,"9",0,"9","","9",".",""
"250210090","JASTRZ BSKA WOLA","2012","11","04",2.4,"","W",0,"9",0,"9","","9",".",""
"250210090","JASTRZ BSKA WOLA","2012","11","05",7.5,"","W",0,"9",0,"9","","9",".",""
"250210090","JASTRZ BSKA WOLA","2012","11","07",1.0,"","W",0,"9",0,"9","","9",".",""
"250210090","JASTRZ BSKA WOLA","2012","11","08",.1,"","W",0,"9",0,"9","","9",".",""
"250210090","JASTRZ BSKA WOLA","2012","11","09",.3,"","W",0,"9",0,"9","","9",".",""
"250210090","JASTRZ BSKA WOLA","2012","11","12",.9,"","W",0,"9",0,"9","","9",".",""
"250210090","JASTRZ BSKA WOLA","2012","11","16",.1,"","W",0,"9",0,"9","","9",".",""
"250210090","JASTRZ BSKA WOLA","2012","11","17",.1,"","W",0,"9",0,"9","","9",".",""
"250210090","JASTRZ BSKA WOLA","2012","11","18",.1,"","W",0,"9",0,"9","","9",".",""
"250210090","JASTRZ BSKA WOLA","2012","11","21",.2,"","W",0,"9",0,"9","","9",".",""
"250210090","JASTRZ BSKA WOLA","2012","11","22",.5,"","W",0,"9",0,"9","","9",".",""
"250210090","JASTRZ BSKA WOLA","2012","11","24",.6,"","W",0,"9",0,"9","","9",".",""
"250210090","JASTRZ BSKA WOLA","2012","11","25",.1,"","W",0,"9",0,"9","","9",".",""
"250210090","JASTRZ BSKA WOLA","2012","11","26",.1,"","W",0,"9",0,"9","","9",".",""
"250210090","JASTRZ BSKA WOLA","2012","11","28",.0,"","W",0,"9",0,"9","","9",".",""
"250210090","JASTRZ BSKA WOLA","2012","11","29",.4,"","W",0,"9",0,"9","","9",".",""
"250210090","JASTRZ BSKA WOLA","2012","11","30",1.6,"","S",0,"9",0,"9","","9",".",""
"250210110","RAK”W","2012","11","01",3.0,"","W",0,"9",0,"9","","9","PL",""
"250210110","RAK”W","2012","11","02",.4,"","W",0,"9",0,"9","","9",".",""
"250210110","RAK”W","2012","11","04",2.2,"","W",0,"9",0,"9","","9",".",""
"250210110","RAK”W","2012","11","05",7.2,"","W",0,"9",0,"9","","9",".",""
"250210110","RAK”W","2012","11","07",1.1,"","W",0,"9",0,"9","","9",".",""
"250210110","RAK”W","2012","11","08",.1,"","W",0,"9",0,"9","","9",".",""
"250210110","RAK”W","2012","11","09",.3,"","W",0,"9",0,"9","","9",".",""
"250210110","RAK”W","2012","11","12",.9,"","W",0,"9",0,"9","","9",".",""
"250210110","RAK”W","2012","11","21",.4,"","W",0,"9",0,"9","","9",".",""
"250210110","RAK”W","2012","11","22",.5,"","W",0,"9",0,"9","","9",".",""
"250210110","RAK”W","2012","11","24",.3,"","W",0,"9",0,"9","","9",".",""
"250210110","RAK”W","2012","11","25",.1,"","W",0,"9",0,"9","","9",".",""
"250210110","RAK”W","2012","11","29",.1,"","W",0,"9",0,"9","","9",".",""
"250210110","RAK”W","2012","11","30",1.5,"","W",0,"9",0,"9","","9",".",""
"250210120","KLIMONT”W","2012","11","01",4.1,"","W",0,"9",0,"8","","8",".",""
"250210120","KLIMONT”W","2012","11","02",1.2,"","W",0,"9",0,"8","","8",".",""
"250210120","KLIMONT”W","2012","11","04",2.3,"","W",0,"9",0,"8","","8",".",""
"250210120","KLIMONT”W","2012","11","05",10.2,"","W",0,"9",0,"8","","8",".",""
"250210120","KLIMONT”W","2012","11","09",.5,"","W",0,"9",0,"8","","8",".",""
"250210120","KLIMONT”W","2012","11","12",2.3,"","W",0,"9",0,"8","","8",".",""
"250210120","KLIMONT”W","2012","11","24",2.4,"","W",0,"9",0,"8","","8",".",""
"250210120","KLIMONT”W","2012","11","28",.3,"","W",0,"9",0,"8","","8",".",""
"250210120","KLIMONT”W","2012","11","30",2.1,"","W",0,"9",0,"8","","8",".",""
"250210140","SZYD£”W","2012","11","01",2.1,"","W",0,"9",0,"9","","9","PL",""
"250210140","SZYD£”W","2012","11","02",.3,"","W",0,"9",0,"9","","9",".",""
"250210140","SZYD£”W","2012","11","04",1.1,"","W",0,"9",0,"9","","9",".",""
"250210140","SZYD£”W","2012","11","05",7.7,"","W",0,"9",0,"9","","9",".",""
"250210140","SZYD£”W","2012","11","06",.1,"","W",0,"9",0,"9","","9",".",""
"250210140","SZYD£”W","2012","11","07",1.4,"","W",0,"9",0,"9","","9",".",""
"250210140","SZYD£”W","2012","11","11",.1,"","W",0,"9",0,"9","","9",".",""
"250210140","SZYD£”W","2012","11","12",1.2,"","W",0,"9",0,"9","","9",".",""
"250210140","SZYD£”W","2012","11","14",.2,"","W",0,"9",0,"9","","9",".",""
"250210140","SZYD£”W","2012","11","15",.1,"","W",0,"9",0,"9","","9",".",""
"250210140","SZYD£”W","2012","11","16",.1,"","W",0,"9",0,"9","","9",".",""
"250210140","SZYD£”W","2012","11","17",.1,"","W",0,"9",0,"9","","9",".",""
"250210140","SZYD£”W","2012","11","21",.6,"","W",0,"9",0,"9","","9",".",""
"250210140","SZYD£”W","2012","11","22",.7,"","W",0,"9",0,"9","","9",".",""
"250210140","SZYD£”W","2012","11","24",.3,"","W",0,"9",0,"9","","9",".",""
"250210140","SZYD£”W","2012","11","28",.4,"","W",0,"9",0,"9","","9",".",""
"250210140","SZYD£”W","2012","11","29",.1,"","W",0,"9",0,"9","","9",".",""
"250210140","SZYD£”W","2012","11","30",1.5,"","W",0,"9",0,"9","","9",".",""
"250210150","BARAN”W SANDOMIERSKI","2012","11","01",3.6,"","W",0,"9",0,"8","","8",".",""
"250210150","BARAN”W SANDOMIERSKI","2012","11","02",.3,"","W",0,"9",0,"8","","8",".",""
"250210150","BARAN”W SANDOMIERSKI","2012","11","04",.2,"","W",0,"9",0,"8","","8",".",""
"250210150","BARAN”W SANDOMIERSKI","2012","11","05",8.6,"","W",0,"9",0,"8","","8",".",""
"250210150","BARAN”W SANDOMIERSKI","2012","11","06",.0,"","W",0,"9",0,"8","","8",".",""
"250210150","BARAN”W SANDOMIERSKI","2012","11","07",.3,"","W",0,"9",0,"8","","8",".",""
"250210150","BARAN”W SANDOMIERSKI","2012","11","08",.3,"","W",0,"9",0,"8","","8",".",""
"250210150","BARAN”W SANDOMIERSKI","2012","11","09",.1,"","W",0,"9",0,"8","","8",".",""
"250210150","BARAN”W SANDOMIERSKI","2012","11","12",2.0,"","W",0,"9",0,"8","","8",".",""
"250210150","BARAN”W SANDOMIERSKI","2012","11","22",.2,"","W",0,"9",0,"8","","8",".",""
"250210150","BARAN”W SANDOMIERSKI","2012","11","23",.2,"","W",0,"9",0,"8","","8",".",""
"250210150","BARAN”W SANDOMIERSKI","2012","11","28",.0,"","W",0,"9",0,"8","","8",".",""
"250210150","BARAN”W SANDOMIERSKI","2012","11","29",.4,"","W",0,"9",0,"8","","8",".",""
"250210150","BARAN”W SANDOMIERSKI","2012","11","30",1.6,"","W",0,"9",0,"8","","8",".",""
"250210190","SZCZUCIN","2012","11","01",.9,"","W",0,"9",0,"8","","8",".",""
"250210190","SZCZUCIN","2012","11","02",.0,"","W",0,"9",0,"8","","8",".",""
"250210190","SZCZUCIN","2012","11","04",.0,"","W",0,"9",0,"8","","8",".",""
"250210190","SZCZUCIN","2012","11","05",12.5,"","W",0,"9",0,"8","","8",".",""
"250210190","SZCZUCIN","2012","11","06",.2,"","W",0,"9",0,"8","","8",".",""
"250210190","SZCZUCIN","2012","11","07",.8,"","W",0,"9",0,"8","","8",".",""
"250210190","SZCZUCIN","2012","11","12",2.6,"","W",0,"9",0,"8","","8",".",""
"250210190","SZCZUCIN","2012","11","21",.5,"","W",0,"9",0,"8","","8",".",""
"250210190","SZCZUCIN","2012","11","22",1.1,"","W",0,"9",0,"8","","8",".",""
"250210190","SZCZUCIN","2012","11","28",.8,"","W",0,"9",0,"8","","8",".",""
"250210190","SZCZUCIN","2012","11","30",.2,"","W",0,"9",0,"8","","8",".",""
"250210210","MIELEC","2012","11","01",2.5,"","W",0,"9",0,"8","","8",".",""
"250210210","MIELEC","2012","11","02",.1,"","W",0,"9",0,"8","","8",".",""
"250210210","MIELEC","2012","11","04",.0,"","W",0,"9",0,"8","","8",".",""
"250210210","MIELEC","2012","11","05",6.0,"","W",0,"9",0,"8","","8",".",""
"250210210","MIELEC","2012","11","06",.8,"","W",0,"9",0,"8","","8",".",""
"250210210","MIELEC","2012","11","07",.2,"","W",0,"9",0,"8","","8",".",""
"250210210","MIELEC","2012","11","08",.2,"","W",0,"9",0,"8","","8",".",""
"250210210","MIELEC","2012","11","09",.0,"","W",0,"9",0,"8","","8",".",""
"250210210","MIELEC","2012","11","12",3.5,"","W",0,"9",0,"8","","8",".",""
"250210210","MIELEC","2012","11","22",1.1,"","W",0,"9",0,"8","","8",".",""
"250210210","MIELEC","2012","11","23",.2,"","W",0,"9",0,"8","","8",".",""
"250210210","MIELEC","2012","11","28",.1,"","W",0,"9",0,"8","","8",".",""
"250210210","MIELEC","2012","11","29",.0,"","W",0,"9",0,"8","","8",".",""
"250210210","MIELEC","2012","11","30",1.0,"","W",0,"9",0,"8","","8",".",""
"250210220","KOLBUSZOWA","2012","11","01",1.3,"","W",0,"9",0,"8","","8",".",""
"250210220","KOLBUSZOWA","2012","11","02",.3,"","W",0,"9",0,"8","","8",".",""
"250210220","KOLBUSZOWA","2012","11","04",.5,"","W",0,"9",0,"8","","8",".",""
"250210220","KOLBUSZOWA","2012","11","05",5.4,"","W",0,"9",0,"8","","8",".",""
"250210220","KOLBUSZOWA","2012","11","06",.8,"","W",0,"9",0,"8","","8",".",""
"250210220","KOLBUSZOWA","2012","11","07",.6,"","W",0,"9",0,"8","","8",".",""
"250210220","KOLBUSZOWA","2012","11","08",.3,"","W",0,"9",0,"8","","8",".",""
"250210220","KOLBUSZOWA","2012","11","09",.1,"","W",0,"9",0,"8","","8",".",""
"250210220","KOLBUSZOWA","2012","11","12",3.6,"","W",0,"9",0,"8","","8",".",""
"250210220","KOLBUSZOWA","2012","11","16",.1,"","W",0,"9",0,"8","","8",".",""
"250210220","KOLBUSZOWA","2012","11","17",.1,"","W",0,"9",0,"8","","8",".",""
"250210220","KOLBUSZOWA","2012","11","18",.6,"","W",0,"9",0,"8","","8",".",""
"250210220","KOLBUSZOWA","2012","11","22",1.4,"","W",0,"9",0,"8","","8",".",""
"250210220","KOLBUSZOWA","2012","11","23",.2,"","W",0,"9",0,"8","","8",".",""
"250210220","KOLBUSZOWA","2012","11","28",.0,"","W",0,"9",0,"8","","8",".",""
"250210220","KOLBUSZOWA","2012","11","29",.0,"","W",0,"9",0,"8","","8",".",""
"250210220","KOLBUSZOWA","2012","11","30",1.0,"","W",0,"9",0,"8","","8",".",""
"250210230","RADOMYåL WIELKI","2012","11","01",.5,"","W",0,"9",0,"8","","8",".",""
"250210230","RADOMYåL WIELKI","2012","11","02",.3,"","W",0,"9",0,"8","","8",".",""
"250210230","RADOMYåL WIELKI","2012","11","05",6.6,"","W",0,"9",0,"8","","8",".",""
"250210230","RADOMYåL WIELKI","2012","11","06",.1,"","W",0,"9",0,"8","","8",".",""
"250210230","RADOMYåL WIELKI","2012","11","07",.4,"","W",0,"9",0,"8","","8",".",""
"250210230","RADOMYåL WIELKI","2012","11","08",.6,"","W",0,"9",0,"8","","8",".",""
"250210230","RADOMYåL WIELKI","2012","11","09",.0,"","W",0,"9",0,"8","","8",".",""
"250210230","RADOMYåL WIELKI","2012","11","12",3.1,"","W",0,"9",0,"8","","8",".",""
"250210230","RADOMYåL WIELKI","2012","11","16",.1,"","W",0,"9",0,"8","","8",".",""
"250210230","RADOMYåL WIELKI","2012","11","22",.9,"","W",0,"9",0,"8","","8",".",""
"250210230","RADOMYåL WIELKI","2012","11","28",.1,"","W",0,"9",0,"8","","8",".",""
"250210230","RADOMYåL WIELKI","2012","11","30",1.1,"","W",0,"9",0,"8","","8",".",""
"250210250","ROPCZYCE","2012","11","01",.8,"","W",0,"9",0,"8","","8",".",""
"250210250","ROPCZYCE","2012","11","02",.2,"","W",0,"9",0,"8","","8",".",""
"250210250","ROPCZYCE","2012","11","05",6.0,"","W",0,"9",0,"8","","8",".",""
"250210250","ROPCZYCE","2012","11","06",.0,"","W",0,"9",0,"8","","8",".",""
"250210250","ROPCZYCE","2012","11","07",.8,"","W",0,"9",0,"8","","8",".",""
"250210250","ROPCZYCE","2012","11","12",1.2,"","W",0,"9",0,"8","","8",".",""
"250210250","ROPCZYCE","2012","11","18",2.6,"","W",0,"9",0,"8","","8",".",""
"250210250","ROPCZYCE","2012","11","22",1.5,"","W",0,"9",0,"8","","8",".",""
"250210250","ROPCZYCE","2012","11","23",.3,"","W",0,"9",0,"8","","8",".",""
"250210250","ROPCZYCE","2012","11","29",.4,"","W",0,"9",0,"8","","8",".",""
"250210250","ROPCZYCE","2012","11","30",1.0,"","W",0,"9",0,"8","","8",".",""
"250220010","PILASZKOWICE","2012","11","01",6.7,"","W",0,"9",0,"8","","8",".",""
"250220010","PILASZKOWICE","2012","11","02",.9,"","W",0,"9",0,"8","","8",".",""
"250220010","PILASZKOWICE","2012","11","05",6.4,"","W",0,"9",0,"8","","8",".",""
"250220010","PILASZKOWICE","2012","11","06",.6,"","W",0,"9",0,"8","","8",".",""
"250220010","PILASZKOWICE","2012","11","07",2.1,"","W",0,"9",0,"8","","8",".",""
"250220010","PILASZKOWICE","2012","11","08",.6,"","W",0,"9",0,"8","","8",".",""
"250220010","PILASZKOWICE","2012","11","09",.2,"","W",0,"9",0,"8","","8",".",""
"250220010","PILASZKOWICE","2012","11","12",2.6,"","W",0,"9",0,"8","","8",".",""
"250220010","PILASZKOWICE","2012","11","16",.1,"","W",0,"9",0,"8","","8",".",""
"250220010","PILASZKOWICE","2012","11","17",.2,"","W",0,"9",0,"8","","8",".",""
"250220010","PILASZKOWICE","2012","11","22",.0,"","W",0,"9",0,"8","","8",".",""
"250220010","PILASZKOWICE","2012","11","23",.3,"","W",0,"9",0,"8","","8",".",""
"250220010","PILASZKOWICE","2012","11","28",.6,"","W",0,"9",0,"8","","8",".",""
"250220010","PILASZKOWICE","2012","11","29",.0,"","W",0,"9",0,"8","","8",".",""
"250220010","PILASZKOWICE","2012","11","30",.8,"","S",0,"9",0,"8","","8",".",""
"250220020","ZAKRZ”WEK","2012","11","01",5.9,"","W",0,"9",0,"8","","8",".",""
"250220020","ZAKRZ”WEK","2012","11","02",1.0,"","W",0,"9",0,"8","","8",".",""
"250220020","ZAKRZ”WEK","2012","11","04",.5,"","W",0,"9",0,"8","","8",".",""
"250220020","ZAKRZ”WEK","2012","11","05",8.3,"","W",0,"9",0,"8","","8",".",""
"250220020","ZAKRZ”WEK","2012","11","06",.1,"","W",0,"9",0,"8","","8",".",""
"250220020","ZAKRZ”WEK","2012","11","07",4.5,"","W",0,"9",0,"8","","8",".",""
"250220020","ZAKRZ”WEK","2012","11","08",.9,"","W",0,"9",0,"8","","8",".",""
"250220020","ZAKRZ”WEK","2012","11","09",1.3,"","W",0,"9",0,"8","","8",".",""
"250220020","ZAKRZ”WEK","2012","11","12",1.8,"","W",0,"9",0,"8","","8",".",""
"250220020","ZAKRZ”WEK","2012","11","22",.3,"","W",0,"9",0,"8","","8",".",""
"250220020","ZAKRZ”WEK","2012","11","23",.1,"","W",0,"9",0,"8","","8",".",""
"250220020","ZAKRZ”WEK","2012","11","28",.5,"","W",0,"9",0,"8","","8",".",""
"250220020","ZAKRZ”WEK","2012","11","29",.2,"","W",0,"9",0,"8","","8",".",""
"250220020","ZAKRZ”WEK","2012","11","30",2.0,"","S",0,"9",0,"8","","8",".",""
"250220040","TUROBIN","2012","11","01",7.0,"","W",0,"9",0,"8","","8",".",""
"250220040","TUROBIN","2012","11","02",.5,"","W",0,"9",0,"8","","8",".",""
"250220040","TUROBIN","2012","11","05",8.2,"","W",0,"9",0,"8","","8",".",""
"250220040","TUROBIN","2012","11","07",1.1,"","W",0,"9",0,"8","","8",".",""
"250220040","TUROBIN","2012","11","12",3.2,"","W",0,"9",0,"8","","8",".",""
"250220040","TUROBIN","2012","11","22",.0,"","W",0,"9",0,"8","","8",".",""
"250220040","TUROBIN","2012","11","23",.1,"","W",0,"9",0,"8","","8",".",""
"250220040","TUROBIN","2012","11","28",1.4,"","W",0,"9",0,"8","","8",".",""
"250220040","TUROBIN","2012","11","30",1.2,"","S",0,"9",0,"8","","8",".",""
"250220050","ZAK£ODZIE","2012","11","01",4.5,"","W",0,"9",0,"8","","8",".",""
"250220050","ZAK£ODZIE","2012","11","02",1.8,"","W",0,"9",0,"8","","8",".",""
"250220050","ZAK£ODZIE","2012","11","03",.0,"","W",0,"9",0,"8","","8",".",""
"250220050","ZAK£ODZIE","2012","11","05",5.1,"","W",0,"9",0,"8","","8",".",""
"250220050","ZAK£ODZIE","2012","11","07",1.7,"","W",0,"9",0,"8","","8",".",""
"250220050","ZAK£ODZIE","2012","11","08",.3,"","W",0,"9",0,"8","","8",".",""
"250220050","ZAK£ODZIE","2012","11","09",.3,"","W",0,"9",0,"8","","8",".",""
"250220050","ZAK£ODZIE","2012","11","12",3.0,"","W",0,"9",0,"8","","8",".",""
"250220050","ZAK£ODZIE","2012","11","13",.0,"","W",0,"9",0,"8","","8",".",""
"250220050","ZAK£ODZIE","2012","11","16",.2,"","W",0,"9",0,"8","","8",".",""
"250220050","ZAK£ODZIE","2012","11","22",.0,"","W",0,"9",0,"8","","8",".",""
"250220050","ZAK£ODZIE","2012","11","23",.5,"","W",0,"9",0,"8","","8",".",""
"250220050","ZAK£ODZIE","2012","11","25",.1,"","W",0,"9",0,"8","","8",".",""
"250220050","ZAK£ODZIE","2012","11","28",.3,"","W",0,"9",0,"8","","8",".",""
"250220050","ZAK£ODZIE","2012","11","29",.5,"","W",0,"9",0,"8","","8",".",""
"250220050","ZAK£ODZIE","2012","11","30",1.4,"","S",0,"9",0,"8","","8",".",""
"250220060","ZAKLIK”W","2012","11","01",4.7,"","W",0,"9",0,"8","","8",".",""
"250220060","ZAKLIK”W","2012","11","02",1.8,"","W",0,"9",0,"8","","8",".",""
"250220060","ZAKLIK”W","2012","11","04",1.8,"","W",0,"9",0,"8","","8",".",""
"250220060","ZAKLIK”W","2012","11","05",8.9,"","W",0,"9",0,"8","","8",".",""
"250220060","ZAKLIK”W","2012","11","07",2.2,"","W",0,"9",0,"8","","8",".",""
"250220060","ZAKLIK”W","2012","11","08",.2,"","W",0,"9",0,"8","","8",".",""
"250220060","ZAKLIK”W","2012","11","09",1.5,"","W",0,"9",0,"8","","8",".",""
"250220060","ZAKLIK”W","2012","11","12",1.3,"","W",0,"9",0,"8","","8",".",""
"250220060","ZAKLIK”W","2012","11","16",.2,"","W",0,"9",0,"8","","8",".",""
"250220060","ZAKLIK”W","2012","11","22",.6,"","W",0,"9",0,"8","","8",".",""
"250220060","ZAKLIK”W","2012","11","23",.0,"","W",0,"9",0,"8","","8",".",""
"250220060","ZAKLIK”W","2012","11","24",.1,"","W",0,"9",0,"8","","8",".",""
"250220060","ZAKLIK”W","2012","11","28",.3,"","W",0,"9",0,"8","","8",".",""
"250220060","ZAKLIK”W","2012","11","29",.0,"","W",0,"9",0,"8","","8",".",""
"250220060","ZAKLIK”W","2012","11","30",2.0,"","S",0,"9",0,"8","","8",".",""
"250220080","FRAMPOL","2012","11","01",6.3,"","W",0,"9",0,"8","","8",".",""
"250220080","FRAMPOL","2012","11","02",1.1,"","W",0,"9",0,"8","","8",".",""
"250220080","FRAMPOL","2012","11","04",.1,"","W",0,"9",0,"8","","8",".",""
"250220080","FRAMPOL","2012","11","05",7.2,"","W",0,"9",0,"8","","8",".",""
"250220080","FRAMPOL","2012","11","07",2.5,"","W",0,"9",0,"8","","8",".",""
"250220080","FRAMPOL","2012","11","08",.5,"","W",0,"9",0,"8","","8",".",""
"250220080","FRAMPOL","2012","11","09",1.5,"","W",0,"9",0,"8","","8",".",""
"250220080","FRAMPOL","2012","11","12",2.3,"","W",0,"9",0,"8","","8",".",""
"250220080","FRAMPOL","2012","11","17",.3,"","W",0,"9",0,"8","","8",".",""
"250220080","FRAMPOL","2012","11","18",.1,"","W",0,"9",0,"8","","8",".",""
"250220080","FRAMPOL","2012","11","22",1.1,"","W",0,"9",0,"8","","8",".",""
"250220080","FRAMPOL","2012","11","23",.3,"","W",0,"9",0,"8","","8",".",""
"250220080","FRAMPOL","2012","11","24",.2,"","W",0,"9",0,"8","","8",".",""
"250220080","FRAMPOL","2012","11","25",.1,"","W",0,"9",0,"8","","8",".",""
"250220080","FRAMPOL","2012","11","28",.2,"","W",0,"9",0,"8","","8",".",""
"250220080","FRAMPOL","2012","11","29",.5,"","W",0,"9",0,"8","","8",".",""
"250220080","FRAMPOL","2012","11","30",.3,"","W",0,"9",0,"8","","8",".",""
"250220110","ZWIERZYNIEC","2012","11","01",4.0,"","W",0,"9",0,"8","","8",".",""
"250220110","ZWIERZYNIEC","2012","11","02",1.8,"","W",0,"9",0,"8","","8",".",""
"250220110","ZWIERZYNIEC","2012","11","05",6.2,"","W",0,"9",0,"8","","8",".",""
"250220110","ZWIERZYNIEC","2012","11","07",2.0,"","W",0,"9",0,"8","","8",".",""
"250220110","ZWIERZYNIEC","2012","11","08",.2,"","W",0,"9",0,"8","","8",".",""
"250220110","ZWIERZYNIEC","2012","11","12",5.3,"","W",0,"9",0,"8","","8",".",""
"250220110","ZWIERZYNIEC","2012","11","22",1.0,"","W",0,"9",0,"8","","8",".",""
"250220110","ZWIERZYNIEC","2012","11","23",.4,"","W",0,"9",0,"8","","8",".",""
"250220110","ZWIERZYNIEC","2012","11","28",.8,"","W",0,"9",0,"8","","8",".",""
"250220110","ZWIERZYNIEC","2012","11","29",.0,"","W",0,"9",0,"8","","8",".",""
"250220110","ZWIERZYNIEC","2012","11","30",1.5,"","W",0,"9",0,"8","","8",".",""
"250220150","RUDA £A—CUCKA","2012","11","01",3.9,"","W",0,"9",0,"8","","8",".",""
"250220150","RUDA £A—CUCKA","2012","11","02",2.0,"","W",0,"9",0,"8","","8",".",""
"250220150","RUDA £A—CUCKA","2012","11","05",4.4,"","W",0,"9",0,"8","","8",".",""
"250220150","RUDA £A—CUCKA","2012","11","07",.5,"","W",0,"9",0,"8","","8",".",""
"250220150","RUDA £A—CUCKA","2012","11","08",.4,"","W",0,"9",0,"8","","8",".",""
"250220150","RUDA £A—CUCKA","2012","11","09",.3,"","W",0,"9",0,"8","","8",".",""
"250220150","RUDA £A—CUCKA","2012","11","12",4.1,"","W",0,"9",0,"8","","8",".",""
"250220150","RUDA £A—CUCKA","2012","11","18",.4,"","W",0,"9",0,"8","","8",".",""
"250220150","RUDA £A—CUCKA","2012","11","22",.1,"","W",0,"9",0,"8","","8",".",""
"250220150","RUDA £A—CUCKA","2012","11","24",.4,"","W",0,"9",0,"8","","8",".",""
"250220150","RUDA £A—CUCKA","2012","11","27",.1,"","W",0,"9",0,"8","","8",".",""
"250220150","RUDA £A—CUCKA","2012","11","28",.2,"","W",0,"9",0,"8","","8",".",""
"250220150","RUDA £A—CUCKA","2012","11","29",.1,"","W",0,"9",0,"8","","8",".",""
"250220150","RUDA £A—CUCKA","2012","11","30",1.2,"","W",0,"9",0,"8","","8",".",""
"250220160","CIEPLICE","2012","11","01",6.0,"","W",0,"9",0,"8","","8",".",""
"250220160","CIEPLICE","2012","11","02",2.5,"","W",0,"9",0,"8","","8",".",""
"250220160","CIEPLICE","2012","11","05",2.2,"","W",0,"9",0,"8","","8",".",""
"250220160","CIEPLICE","2012","11","07",4.3,"","W",0,"9",0,"8","","8",".",""
"250220160","CIEPLICE","2012","11","12",7.2,"","W",0,"9",0,"8","","8",".",""
"250220160","CIEPLICE","2012","11","25",1.5,"","W",0,"9",0,"8","","8",".",""
"250220160","CIEPLICE","2012","11","28",.2,"","W",0,"9",0,"8","","8",".",""
"250220160","CIEPLICE","2012","11","30",1.3,"","W",0,"9",0,"8","","8",".",""
"250220170","GRODZISKO DOLNE","2012","11","01",4.6,"","W",0,"9",0,"8","","8",".",""
"250220170","GRODZISKO DOLNE","2012","11","02",2.7,"","W",0,"9",0,"8","","8",".",""
"250220170","GRODZISKO DOLNE","2012","11","04",.0,"","W",0,"9",0,"8","","8",".",""
"250220170","GRODZISKO DOLNE","2012","11","05",4.5,"","W",0,"9",0,"8","","8",".",""
"250220170","GRODZISKO DOLNE","2012","11","06",.9,"","W",0,"9",0,"8","","8",".",""
"250220170","GRODZISKO DOLNE","2012","11","07",.6,"","W",0,"9",0,"8","","8",".",""
"250220170","GRODZISKO DOLNE","2012","11","12",6.4,"","W",0,"9",0,"8","","8",".",""
"250220170","GRODZISKO DOLNE","2012","11","16",.2,"","W",0,"9",0,"8","","8",".",""
"250220170","GRODZISKO DOLNE","2012","11","18",.1,"","W",0,"9",0,"8","","8",".",""
"250220170","GRODZISKO DOLNE","2012","11","30",1.0,"","W",0,"9",0,"8","","8",".",""
"250220180","RADAWA","2012","11","01",6.6,"","W",0,"9",0,"8","","8",".",""
"250220180","RADAWA","2012","11","02",.1,"","W",0,"9",0,"8","","8",".",""
"250220180","RADAWA","2012","11","05",9.6,"","W",0,"9",0,"8","","8",".",""
"250220180","RADAWA","2012","11","08",.3,"","W",0,"9",0,"8","","8",".",""
"250220180","RADAWA","2012","11","09",.1,"","W",0,"9",0,"8","","8",".",""
"250220180","RADAWA","2012","11","12",7.1,"","W",0,"9",0,"8","","8",".",""
"250220180","RADAWA","2012","11","22",.1,"","W",0,"9",0,"8","","8",".",""
"250220180","RADAWA","2012","11","23",.1,"","W",0,"9",0,"8","","8",".",""
"250220180","RADAWA","2012","11","27",.5,"","W",0,"9",0,"8","","8",".",""
"250220180","RADAWA","2012","11","28",1.1,"","W",0,"9",0,"8","","8",".",""
"250220180","RADAWA","2012","11","30",1.8,"","W",0,"9",0,"8","","8",".",""
"250220190","£A—CUT","2012","11","01",1.9,"","W",0,"9",0,"8","","8",".",""
"250220190","£A—CUT","2012","11","02",1.7,"","W",0,"9",0,"8","","8",".",""
"250220190","£A—CUT","2012","11","05",6.8,"","W",0,"9",0,"8","","8",".",""
"250220190","£A—CUT","2012","11","06",1.0,"","W",0,"9",0,"8","","8",".",""
"250220190","£A—CUT","2012","11","07",.9,"","W",0,"9",0,"8","","8",".",""
"250220190","£A—CUT","2012","11","08",.5,"","W",0,"9",0,"8","","8",".",""
"250220190","£A—CUT","2012","11","12",6.3,"","W",0,"9",0,"8","","8",".",""
"250220190","£A—CUT","2012","11","18",.4,"","W",0,"9",0,"8","","8",".",""
"250220190","£A—CUT","2012","11","22",.3,"","W",0,"9",0,"8","","8",".",""
"250220190","£A—CUT","2012","11","30",1.1,"","W",0,"9",0,"8","","8",".",""
"250220210","JAROS£AW","2012","11","01",6.2,"","W",0,"9",0,"8","","8",".",""
"250220210","JAROS£AW","2012","11","02",2.3,"","W",0,"9",0,"8","","8",".",""
"250220210","JAROS£AW","2012","11","05",6.8,"","W",0,"9",0,"8","","8",".",""
"250220210","JAROS£AW","2012","11","07",.4,"","W",0,"9",0,"8","","8",".",""
"250220210","JAROS£AW","2012","11","08",.0,"","W",0,"9",0,"8","","8",".",""
"250220210","JAROS£AW","2012","11","09",.3,"","W",0,"9",0,"8","","8",".",""
"250220210","JAROS£AW","2012","11","12",8.6,"","W",0,"9",0,"8","","8",".",""
"250220210","JAROS£AW","2012","11","22",.0,"","W",0,"9",0,"8","","8",".",""
"250220210","JAROS£AW","2012","11","23",.2,"","W",0,"9",0,"8","","8",".",""
"250220210","JAROS£AW","2012","11","29",.5,"","W",0,"9",0,"8","","8",".",""
"250220210","JAROS£AW","2012","11","30",1.6,"","W",0,"9",0,"8","","8",".",""
"250230040","PRZEWALE","2012","11","01",3.7,"","W",0,"9",0,"8","","8",".",""
"250230040","PRZEWALE","2012","11","02",2.0,"","W",0,"9",0,"8","","8",".",""
"250230040","PRZEWALE","2012","11","05",2.7,"","W",0,"9",0,"8","","8",".",""
"250230040","PRZEWALE","2012","11","07",1.2,"","W",0,"9",0,"8","","8",".",""
"250230040","PRZEWALE","2012","11","08",.1,"","W",0,"9",0,"8","","8",".",""
"250230040","PRZEWALE","2012","11","09",.0,"","W",0,"9",0,"8","","8",".",""
"250230040","PRZEWALE","2012","11","12",4.9,"","W",0,"9",0,"8","","8",".",""
"250230040","PRZEWALE","2012","11","22",.3,"","W",0,"9",0,"8","","8",".",""
"250230040","PRZEWALE","2012","11","27",.0,"","W",0,"9",0,"8","","8",".",""
"250230040","PRZEWALE","2012","11","29",1.1,"","W",0,"9",0,"8","","8",".",""
"250230040","PRZEWALE","2012","11","30",1.7,"","S",0,"9",0,"8","","8",".",""
"250230050","POTURZYN","2012","11","01",2.3,"","W",0,"9",0,"8","","8",".",""
"250230050","POTURZYN","2012","11","02",1.1,"","W",0,"9",0,"8","","8",".",""
"250230050","POTURZYN","2012","11","05",2.2,"","W",0,"9",0,"8","","8",".",""
"250230050","POTURZYN","2012","11","06",.3,"","W",0,"9",0,"8","","8",".",""
"250230050","POTURZYN","2012","11","07",1.0,"","W",0,"9",0,"8","","8",".",""
"250230050","POTURZYN","2012","11","08",.2,"","W",0,"9",0,"8","","8",".",""
"250230050","POTURZYN","2012","11","12",6.7,"","W",0,"9",0,"8","","8",".",""
"250230050","POTURZYN","2012","11","22",1.3,"","W",0,"9",0,"8","","8",".",""
"250230050","POTURZYN","2012","11","29",2.0,"","W",0,"9",0,"8","","8",".",""
"250230050","POTURZYN","2012","11","30",1.8,"","W",0,"9",0,"8","","8",".",""
"250230080","TARNOSZYN","2012","11","01",2.0,"","W",0,"9",0,"8","","8",".",""
"250230080","TARNOSZYN","2012","11","02",1.3,"","W",0,"9",0,"8","","8",".",""
"250230080","TARNOSZYN","2012","11","05",2.7,"","W",0,"9",0,"8","","8",".",""
"250230080","TARNOSZYN","2012","11","07",.9,"","W",0,"9",0,"8","","8",".",""
"250230080","TARNOSZYN","2012","11","08",.2,"","W",0,"9",0,"8","","8",".",""
"250230080","TARNOSZYN","2012","11","12",6.8,"","W",0,"9",0,"8","","8",".",""
"250230080","TARNOSZYN","2012","11","22",.1,"","W",0,"9",0,"8","","8",".",""
"250230080","TARNOSZYN","2012","11","24",.0,"","W",0,"9",0,"8","","8",".",""
"250230080","TARNOSZYN","2012","11","26",.0,"","W",0,"9",0,"8","","8",".",""
"250230080","TARNOSZYN","2012","11","29",1.6,"","W",0,"9",0,"8","","8",".",""
"250230080","TARNOSZYN","2012","11","30",2.3,"","W",0,"9",0,"8","","8",".",""
"250230110","RUDA R”ØANIECKA","2012","11","01",5.1,"","W",0,"9",0,"8","","8",".",""
"250230110","RUDA R”ØANIECKA","2012","11","02",2.1,"","W",0,"9",0,"8","","8",".",""
"250230110","RUDA R”ØANIECKA","2012","11","05",5.1,"","W",0,"9",0,"8","","8",".",""
"250230110","RUDA R”ØANIECKA","2012","11","07",1.1,"","W",0,"9",0,"8","","8",".",""
"250230110","RUDA R”ØANIECKA","2012","11","12",7.5,"","W",0,"9",0,"8","","8",".",""
"250230110","RUDA R”ØANIECKA","2012","11","15",.2,"","W",0,"9",0,"8","","8",".",""
"250230110","RUDA R”ØANIECKA","2012","11","17",.1,"","W",0,"9",0,"8","","8",".",""
"250230110","RUDA R”ØANIECKA","2012","11","23",.1,"","W",0,"9",0,"8","","8",".",""
"250230110","RUDA R”ØANIECKA","2012","11","24",.4,"","W",0,"9",0,"8","","8",".",""
"250230110","RUDA R”ØANIECKA","2012","11","28",.0,"","W",0,"9",0,"8","","8",".",""
"250230110","RUDA R”ØANIECKA","2012","11","29",.6,"","W",0,"9",0,"8","","8",".",""
"250230110","RUDA R”ØANIECKA","2012","11","30",1.3,"","W",0,"9",0,"8","","8",".",""
"250230130","FUTORY","2012","11","01",3.7,"","W",0,"9",0,"8","","8",".",""
"250230130","FUTORY","2012","11","02",1.8,"","W",0,"9",0,"8","","8",".",""
"250230130","FUTORY","2012","11","05",6.7,"","W",0,"9",0,"8","","8",".",""
"250230130","FUTORY","2012","11","06",.1,"","W",0,"9",0,"8","","8",".",""
"250230130","FUTORY","2012","11","07",.7,"","W",0,"9",0,"8","","8",".",""
"250230130","FUTORY","2012","11","09",.4,"","W",0,"9",0,"8","","8",".",""
"250230130","FUTORY","2012","11","10",.1,"","W",0,"9",0,"8","","8",".",""
"250230130","FUTORY","2012","11","12",6.3,"","W",0,"9",0,"8","","8",".",""
"250230130","FUTORY","2012","11","23",.7,"","W",0,"9",0,"8","","8",".",""
"250230130","FUTORY","2012","11","25",.3,"","W",0,"9",0,"8","","8",".",""
"250230130","FUTORY","2012","11","29",1.4,"","W",0,"9",0,"8","","8",".",""
"250230130","FUTORY","2012","11","30",1.4,"","W",0,"9",0,"8","","8",".",""
"251140010","GUBIN","2012","11","01",3.6,"","W",0,"9",0,"8","","8","",""
"251140010","GUBIN","2012","11","02",2.0,"","W",0,"9",0,"8","","8","",""
"251140010","GUBIN","2012","11","03",2.7,"","W",0,"9",0,"8","","8","",""
"251140010","GUBIN","2012","11","04",1.8,"","W",0,"9",0,"8","","8","",""
"251140010","GUBIN","2012","11","06",1.1,"","W",0,"9",0,"8","","8","",""
"251140010","GUBIN","2012","11","11",5.9,"","W",0,"9",0,"8","","8","",""
"251140010","GUBIN","2012","11","18",.9,"","W",0,"9",0,"8","","8","",""
"251140010","GUBIN","2012","11","20",.3,"","W",0,"9",0,"8","","8","",""
"251140010","GUBIN","2012","11","23",.2,"","W",0,"9",0,"8","","8","",""
"251140010","GUBIN","2012","11","24",1.1,"","W",0,"9",0,"8","","8","",""
"251140010","GUBIN","2012","11","26",.9,"","W",0,"9",0,"8","","8","",""
"251140010","GUBIN","2012","11","27",.8,"","W",0,"9",0,"8","","8","",""
"251140010","GUBIN","2012","11","28",8.6,"","W",0,"9",0,"8","","8","",""
"251140010","GUBIN","2012","11","29",9.4,"","S",0,"9",0,"8","","8","",""
"251140010","GUBIN","2012","11","30",16.7,"","S",0,"9",0,"8","","8","",""
"251140020","KANI”W","2012","11","01",4.4,"","W",0,"9",0,"8","","8","",""
"251140020","KANI”W","2012","11","02",2.4,"","W",0,"9",0,"8","","8","",""
"251140020","KANI”W","2012","11","03",2.0,"","W",0,"9",0,"8","","8","",""
"251140020","KANI”W","2012","11","04",2.3,"","W",0,"9",0,"8","","8","",""
"251140020","KANI”W","2012","11","06",.8,"","W",0,"9",0,"8","","8","",""
"251140020","KANI”W","2012","11","07",1.8,"","W",0,"9",0,"8","","8","",""
"251140020","KANI”W","2012","11","08",.5,"","W",0,"9",0,"8","","8","",""
"251140020","KANI”W","2012","11","10",.4,"","W",0,"9",0,"8","","8","",""
"251140020","KANI”W","2012","11","11",5.6,"","W",0,"9",0,"8","","8","",""
"251140020","KANI”W","2012","11","18",1.0,"","W",0,"9",0,"8","","8","",""
"251140020","KANI”W","2012","11","19",.1,"","W",0,"9",0,"8","","8","",""
"251140020","KANI”W","2012","11","20",.2,"","W",0,"9",0,"8","","8","",""
"251140020","KANI”W","2012","11","21",.1,"","W",0,"9",0,"8","","8","",""
"251140020","KANI”W","2012","11","24",.9,"","W",0,"9",0,"8","","8","",""
"251140020","KANI”W","2012","11","26",.6,"","W",0,"9",0,"8","","8","",""
"251140020","KANI”W","2012","11","27",.9,"","W",0,"9",0,"8","","8","",""
"251140020","KANI”W","2012","11","28",13.5,"","W",0,"9",0,"8","","8","",""
"251140020","KANI”W","2012","11","29",28.8,"","W",0,"9",0,"8","","8","",""
"251140020","KANI”W","2012","11","30",2.9,"","W",0,"9",0,"8","","8","",""
"251140030","BROØEK (ZASIEKI)","2012","11","01",4.1,"","W",0,"9",0,"8","","8","",""
"251140030","BROØEK (ZASIEKI)","2012","11","02",3.2,"","W",0,"9",0,"8","","8","",""
"251140030","BROØEK (ZASIEKI)","2012","11","03",3.4,"","W",0,"9",0,"8","","8","",""
"251140030","BROØEK (ZASIEKI)","2012","11","04",3.8,"","W",0,"9",0,"8","","8","",""
"251140030","BROØEK (ZASIEKI)","2012","11","06",.8,"","W",0,"9",0,"8","","8","",""
"251140030","BROØEK (ZASIEKI)","2012","11","07",1.1,"","W",0,"9",0,"8","","8","",""
"251140030","BROØEK (ZASIEKI)","2012","11","08",.2,"","W",0,"9",0,"8","","8","",""
"251140030","BROØEK (ZASIEKI)","2012","11","09",.0,"","W",0,"9",0,"8","","8","",""
"251140030","BROØEK (ZASIEKI)","2012","11","10",.4,"","W",0,"9",0,"8","","8","",""
"251140030","BROØEK (ZASIEKI)","2012","11","11",7.9,"","W",0,"9",0,"8","","8","",""
"251140030","BROØEK (ZASIEKI)","2012","11","12",.2,"","W",0,"9",0,"8","","8","",""
"251140030","BROØEK (ZASIEKI)","2012","11","18",.9,"","W",0,"9",0,"8","","8","",""
"251140030","BROØEK (ZASIEKI)","2012","11","24",.2,"","W",0,"9",0,"8","","8","",""
"251140030","BROØEK (ZASIEKI)","2012","11","26",.4,"","W",0,"9",0,"8","","8","",""
"251140030","BROØEK (ZASIEKI)","2012","11","27",.7,"","W",0,"9",0,"8","","8","",""
"251140030","BROØEK (ZASIEKI)","2012","11","28",12.7,"","W",0,"9",0,"8","","8","",""
"251140030","BROØEK (ZASIEKI)","2012","11","29",35.1,"","S",0,"9",0,"8","","8","",""
"251140030","BROØEK (ZASIEKI)","2012","11","30",5.2,"","S",4,"",0,"8","","8","*",""
"251140040","£ KNICA","2012","11","01",5.3,"","W",0,"9",0,"8","","8","",""
"251140040","£ KNICA","2012","11","02",3.0,"","W",0,"9",0,"8","","8","",""
"251140040","£ KNICA","2012","11","03",4.5,"","W",0,"9",0,"8","","8","",""
"251140040","£ KNICA","2012","11","04",4.1,"","W",0,"9",0,"8","","8","",""
"251140040","£ KNICA","2012","11","06",.9,"","W",0,"9",0,"8","","8","",""
"251140040","£ KNICA","2012","11","07",4.1,"","W",0,"9",0,"8","","8","",""
"251140040","£ KNICA","2012","11","10",.3,"","W",0,"9",0,"8","","8","",""
"251140040","£ KNICA","2012","11","11",10.6,"","W",0,"9",0,"8","","8","",""
"251140040","£ KNICA","2012","11","26",.6,"","W",0,"9",0,"8","","8","",""
"251140040","£ KNICA","2012","11","27",.7,"","W",0,"9",0,"8","","8","",""
"251140040","£ KNICA","2012","11","28",14.2,"","W",0,"9",0,"8","","8","",""
"251140040","£ KNICA","2012","11","29",29.1,"","S",0,"9",0,"8","","8","",""
"251140040","£ KNICA","2012","11","30",4.0,"","S",10,"",0,"8","","8","*",""
"251140050","STRASZ”W","2012","11","01",3.2,"","W",0,"9",0,"8","","8","",""
"251140050","STRASZ”W","2012","11","02",2.0,"","W",0,"9",0,"8","","8","",""
"251140050","STRASZ”W","2012","11","03",6.1,"","W",0,"9",0,"8","","8","",""
"251140050","STRASZ”W","2012","11","04",4.5,"","W",0,"9",0,"8","","8","",""
"251140050","STRASZ”W","2012","11","06",1.9,"","W",0,"9",0,"8","","8","",""
"251140050","STRASZ”W","2012","11","07",3.8,"","W",0,"9",0,"8","","8","",""
"251140050","STRASZ”W","2012","11","11",13.1,"","W",0,"9",0,"8","","8","",""
"251140050","STRASZ”W","2012","11","18",.7,"","W",0,"9",0,"8","","8","",""
"251140050","STRASZ”W","2012","11","19",.8,"","W",0,"9",0,"8","","8","",""
"251140050","STRASZ”W","2012","11","20",.3,"","W",0,"9",0,"8","","8","",""
"251140050","STRASZ”W","2012","11","27",1.0,"","W",0,"9",0,"8","","8","",""
"251140050","STRASZ”W","2012","11","28",13.2,"","W",0,"9",0,"8","","8","",""
"251140050","STRASZ”W","2012","11","29",6.4,"","S",0,"9",0,"8","","8","",""
"251140050","STRASZ”W","2012","11","30",8.9,"","S",6,"",0,"8","","8","*",""
"251140060","SOBOLICE","2012","11","01",4.1,"","W",0,"9",0,"8","","8","",""
"251140060","SOBOLICE","2012","11","02",2.3,"","W",0,"9",0,"8","","8","",""
"251140060","SOBOLICE","2012","11","03",5.1,"","W",0,"9",0,"8","","8","",""
"251140060","SOBOLICE","2012","11","04",5.6,"","W",0,"9",0,"8","","8","",""
"251140060","SOBOLICE","2012","11","06",3.1,"","W",0,"9",0,"8","","8","",""
"251140060","SOBOLICE","2012","11","07",3.6,"","W",0,"9",0,"8","","8","",""
"251140060","SOBOLICE","2012","11","08",.9,"","W",0,"9",0,"8","","8","",""
"251140060","SOBOLICE","2012","11","11",9.1,"","W",0,"9",0,"8","","8","",""
"251140060","SOBOLICE","2012","11","18",.5,"","W",0,"9",0,"8","","8","",""
"251140060","SOBOLICE","2012","11","26",.5,"","W",0,"9",0,"8","","8","",""
"251140060","SOBOLICE","2012","11","27",.3,"","W",0,"9",0,"8","","8","",""
"251140060","SOBOLICE","2012","11","28",13.5,"","W",0,"9",0,"8","","8","",""
"251140060","SOBOLICE","2012","11","29",19.2,"","S",0,"9",0,"8","","8","",""
"251140060","SOBOLICE","2012","11","30",5.3,"","S",2,"",0,"8","","8","*",""
"251150010","BOBROWICE","2012","11","01",5.9,"","W",0,"9",0,"8","","8","",""
"251150010","BOBROWICE","2012","11","02",1.9,"","W",0,"9",0,"8","","8","",""
"251150010","BOBROWICE","2012","11","03",3.0,"","W",0,"9",0,"8","","8","",""
"251150010","BOBROWICE","2012","11","04",2.9,"","W",0,"9",0,"8","","8","",""
"251150010","BOBROWICE","2012","11","05",.0,"","W",0,"9",0,"8","","8","",""
"251150010","BOBROWICE","2012","11","06",.7,"","W",0,"9",0,"8","","8","",""
"251150010","BOBROWICE","2012","11","07",.6,"","W",0,"9",0,"8","","8","",""
"251150010","BOBROWICE","2012","11","08",.3,"","W",0,"9",0,"8","","8","",""
"251150010","BOBROWICE","2012","11","09",.5,"","W",0,"9",0,"8","","8","",""
"251150010","BOBROWICE","2012","11","10",.7,"","W",0,"9",0,"8","","8","",""
"251150010","BOBROWICE","2012","11","11",6.1,"","W",0,"9",0,"8","","8","",""
"251150010","BOBROWICE","2012","11","15",.2,"","W",0,"9",0,"8","","8","",""
"251150010","BOBROWICE","2012","11","17",.1,"","W",0,"9",0,"8","","8","",""
"251150010","BOBROWICE","2012","11","18",.3,"","W",0,"9",0,"8","","8","",""
"251150010","BOBROWICE","2012","11","19",.3,"","W",0,"9",0,"8","","8","",""
"251150010","BOBROWICE","2012","11","21",.1,"","W",0,"9",0,"8","","8","",""
"251150010","BOBROWICE","2012","11","23",.7,"","W",0,"9",0,"8","","8","",""
"251150010","BOBROWICE","2012","11","24",.2,"","W",0,"9",0,"8","","8","",""
"251150010","BOBROWICE","2012","11","25",.0,"","W",0,"9",0,"8","","8","",""
"251150010","BOBROWICE","2012","11","26",.7,"","W",0,"9",0,"8","","8","",""
"251150010","BOBROWICE","2012","11","27",.7,"","W",0,"9",0,"8","","8","",""
"251150010","BOBROWICE","2012","11","28",13.1,"","W",0,"9",0,"8","","8","",""
"251150010","BOBROWICE","2012","11","29",30.1,"","W",0,"9",0,"8","","8","",""
"251150010","BOBROWICE","2012","11","30",.8,"","W",0,"9",0,"8","","8","",""
"251150020","LUBI CIN","2012","11","01",9.4,"","W",0,"9",0,"8","","8","",""
"251150020","LUBI CIN","2012","11","02",2.4,"","W",0,"9",0,"8","","8","",""
"251150020","LUBI CIN","2012","11","03",4.7,"","W",0,"9",0,"8","","8","",""
"251150020","LUBI CIN","2012","11","04",3.9,"","W",0,"9",0,"8","","8","",""
"251150020","LUBI CIN","2012","11","06",.6,"","W",0,"9",0,"8","","8","",""
"251150020","LUBI CIN","2012","11","07",1.1,"","W",0,"9",0,"8","","8","",""
"251150020","LUBI CIN","2012","11","08",.0,"","W",0,"9",0,"8","","8","",""
"251150020","LUBI CIN","2012","11","09",.0,"","W",0,"9",0,"8","","8","",""
"251150020","LUBI CIN","2012","11","11",5.6,"","W",0,"9",0,"8","","8","",""
"251150020","LUBI CIN","2012","11","18",.9,"","W",0,"9",0,"8","","8","",""
"251150020","LUBI CIN","2012","11","19",.0,"","W",0,"9",0,"8","","8","",""
"251150020","LUBI CIN","2012","11","21",.4,"","W",0,"9",0,"8","","8","",""
"251150020","LUBI CIN","2012","11","24",.2,"","W",0,"9",0,"8","","8","",""
"251150020","LUBI CIN","2012","11","26",.2,"","W",0,"9",0,"8","","8","",""
"251150020","LUBI CIN","2012","11","27",.6,"","W",0,"9",0,"8","","8","",""
"251150020","LUBI CIN","2012","11","28",10.7,"","W",0,"9",0,"8","","8","",""
"251150020","LUBI CIN","2012","11","29",17.2,"","W",0,"9",0,"8","","8","",""
"251150020","LUBI CIN","2012","11","30",.6,"","W",0,"9",0,"8","","8","",""
"251150030","NOWOGR”D BOBRZA—SKI","2012","11","01",5.1,"","W",0,"9",0,"8","","8","",""
"251150030","NOWOGR”D BOBRZA—SKI","2012","11","02",2.6,"","W",0,"9",0,"8","","8","",""
"251150030","NOWOGR”D BOBRZA—SKI","2012","11","03",3.3,"","W",0,"9",0,"8","","8","",""
"251150030","NOWOGR”D BOBRZA—SKI","2012","11","04",3.2,"","W",0,"9",0,"8","","8","",""
"251150030","NOWOGR”D BOBRZA—SKI","2012","11","07",2.1,"","W",0,"9",0,"8","","8","",""
"251150030","NOWOGR”D BOBRZA—SKI","2012","11","08",.3,"","W",0,"9",0,"8","","8","",""
"251150030","NOWOGR”D BOBRZA—SKI","2012","11","11",7.9,"","W",0,"9",0,"8","","8","",""
"251150030","NOWOGR”D BOBRZA—SKI","2012","11","18",.6,"","W",0,"9",0,"8","","8","",""
"251150030","NOWOGR”D BOBRZA—SKI","2012","11","24",.4,"","W",0,"9",0,"8","","8","",""
"251150030","NOWOGR”D BOBRZA—SKI","2012","11","26",.3,"","W",0,"9",0,"8","","8","",""
"251150030","NOWOGR”D BOBRZA—SKI","2012","11","27",.6,"","W",0,"9",0,"8","","8","",""
"251150030","NOWOGR”D BOBRZA—SKI","2012","11","28",13.8,"","W",0,"9",0,"8","","8","",""
"251150030","NOWOGR”D BOBRZA—SKI","2012","11","29",21.4,"","S",0,"9",0,"8","","8","",""
"251150030","NOWOGR”D BOBRZA—SKI","2012","11","30",3.7,"","S",0,"9",0,"8","","8","",""
"251150040","BOROWIEC","2012","11","01",10.1,"","W",0,"9",0,"8","","8","",""
"251150040","BOROWIEC","2012","11","02",1.6,"","W",0,"9",0,"8","","8","",""
"251150040","BOROWIEC","2012","11","03",4.9,"","W",0,"9",0,"8","","8","",""
"251150040","BOROWIEC","2012","11","04",6.3,"","W",0,"9",0,"8","","8","",""
"251150040","BOROWIEC","2012","11","05",.2,"","W",0,"9",0,"8","","8","",""
"251150040","BOROWIEC","2012","11","06",.1,"","W",0,"9",0,"8","","8","",""
"251150040","BOROWIEC","2012","11","07",1.1,"","W",0,"9",0,"8","","8","",""
"251150040","BOROWIEC","2012","11","11",5.6,"","W",0,"9",0,"8","","8","",""
"251150040","BOROWIEC","2012","11","18",1.2,"","W",0,"9",0,"8","","8","",""
"251150040","BOROWIEC","2012","11","23",.7,"","W",0,"9",0,"8","","8","",""
"251150040","BOROWIEC","2012","11","24",.0,"","W",0,"9",0,"8","","8","",""
"251150040","BOROWIEC","2012","11","26",.1,"","W",0,"9",0,"8","","8","",""
"251150040","BOROWIEC","2012","11","28",12.3,"","W",0,"9",0,"8","","8","",""
"251150040","BOROWIEC","2012","11","29",14.0,"","W",0,"9",0,"8","","8","",""
"251150040","BOROWIEC","2012","11","30",.8,"","W",0,"9",0,"8","","8","",""
"251150050","NOWA S”L","2012","11","01",6.8,"","W",0,"9",0,"8","","8","",""
"251150050","NOWA S”L","2012","11","02",2.0,"","W",0,"9",0,"8","","8","",""
"251150050","NOWA S”L","2012","11","03",2.0,"","W",0,"9",0,"8","","8","",""
"251150050","NOWA S”L","2012","11","04",2.7,"","W",0,"9",0,"8","","8","",""
"251150050","NOWA S”L","2012","11","05",.0,"","W",0,"9",0,"8","","8","",""
"251150050","NOWA S”L","2012","11","06",.4,"","W",0,"9",0,"8","","8","",""
"251150050","NOWA S”L","2012","11","07",1.9,"","W",0,"9",0,"8","","8","",""
"251150050","NOWA S”L","2012","11","08",.3,"","W",0,"9",0,"8","","8","",""
"251150050","NOWA S”L","2012","11","09",.0,"","W",0,"9",0,"8","","8","",""
"251150050","NOWA S”L","2012","11","11",6.7,"","W",0,"9",0,"8","","8","",""
"251150050","NOWA S”L","2012","11","15",.2,"","W",0,"9",0,"8","","8","",""
"251150050","NOWA S”L","2012","11","16",.1,"","W",0,"9",0,"8","","8","",""
"251150050","NOWA S”L","2012","11","18",.6,"","W",0,"9",0,"8","","8","",""
"251150050","NOWA S”L","2012","11","19",.2,"","W",0,"9",0,"8","","8","",""
"251150050","NOWA S”L","2012","11","20",.2,"","W",0,"9",0,"8","","8","",""
"251150050","NOWA S”L","2012","11","21",.0,"","W",0,"9",0,"8","","8","",""
"251150050","NOWA S”L","2012","11","25",.1,"","W",0,"9",0,"8","","8","",""
"251150050","NOWA S”L","2012","11","27",.3,"","W",0,"9",0,"8","","8","",""
"251150050","NOWA S”L","2012","11","28",9.7,"","W",0,"9",0,"8","","8","",""
"251150050","NOWA S”L","2012","11","29",15.8,"","S",0,"9",0,"8","","8","",""
"251150050","NOWA S”L","2012","11","30",1.1,"","W",0,"9",0,"8","","8","",""
"251150070","STYPU£”W","2012","11","01",2.4,"","W",0,"9",0,"8","","8","",""
"251150070","STYPU£”W","2012","11","02",1.7,"","W",0,"9",0,"8","","8","",""
"251150070","STYPU£”W","2012","11","03",3.6,"","W",0,"9",0,"8","","8","",""
"251150070","STYPU£”W","2012","11","04",4.2,"","W",0,"9",0,"8","","8","",""
"251150070","STYPU£”W","2012","11","06",.6,"","W",0,"9",0,"8","","8","",""
"251150070","STYPU£”W","2012","11","07",.9,"","W",0,"9",0,"8","","8","",""
"251150070","STYPU£”W","2012","11","08",.6,"","W",0,"9",0,"8","","8","",""
"251150070","STYPU£”W","2012","11","11",7.5,"","W",0,"9",0,"8","","8","",""
"251150070","STYPU£”W","2012","11","16",.8,"","W",0,"9",0,"8","","8","",""
"251150070","STYPU£”W","2012","11","18",.6,"","W",0,"9",0,"8","","8","",""
"251150070","STYPU£”W","2012","11","26",.8,"","W",0,"9",0,"8","","8","",""
"251150070","STYPU£”W","2012","11","27",.5,"","W",0,"9",0,"8","","8","",""
"251150070","STYPU£”W","2012","11","28",13.2,"","W",0,"9",0,"8","","8","",""
"251150070","STYPU£”W","2012","11","29",14.4,"","S",0,"9",0,"8","","8","",""
"251150070","STYPU£”W","2012","11","30",1.8,"","S",0,"9",0,"8","","8","",""
"251150090","GAWORZYCE","2012","11","01",5.5,"","W",0,"9",0,"8","","8","",""
"251150090","GAWORZYCE","2012","11","02",1.3,"","W",0,"9",0,"8","","8","",""
"251150090","GAWORZYCE","2012","11","03",5.5,"","W",0,"9",0,"8","","8","",""
"251150090","GAWORZYCE","2012","11","04",6.4,"","W",0,"9",0,"8","","8","",""
"251150090","GAWORZYCE","2012","11","06",1.7,"","S",0,"9",0,"8","","8","",""
"251150090","GAWORZYCE","2012","11","07",.8,"","W",0,"9",0,"8","","8","",""
"251150090","GAWORZYCE","2012","11","08",.4,"","W",0,"9",0,"8","","8","",""
"251150090","GAWORZYCE","2012","11","11",4.8,"","W",0,"9",0,"8","","8","",""
"251150090","GAWORZYCE","2012","11","15",.5,"","W",0,"9",0,"8","","8","",""
"251150090","GAWORZYCE","2012","11","16",.3,"","W",0,"9",0,"8","","8","",""
"251150090","GAWORZYCE","2012","11","17",.2,"","W",0,"9",0,"8","","8","",""
"251150090","GAWORZYCE","2012","11","18",.1,"","W",0,"9",0,"8","","8","",""
"251150090","GAWORZYCE","2012","11","19",.2,"","W",0,"9",0,"8","","8","",""
"251150090","GAWORZYCE","2012","11","24",.3,"","W",0,"9",0,"8","","8","",""
"251150090","GAWORZYCE","2012","11","27",.2,"","W",0,"9",0,"8","","8","",""
"251150090","GAWORZYCE","2012","11","28",13.0,"","W",0,"9",0,"8","","8","",""
"251150090","GAWORZYCE","2012","11","29",9.4,"","W",0,"9",0,"8","","8","",""
"251150090","GAWORZYCE","2012","11","30",1.4,"","S",0,"9",0,"8","","8","",""
"251150110","ØAGA—","2012","11","01",3.1,"","W",0,"9",0,"8","","8","",""
"251150110","ØAGA—","2012","11","02",2.4,"","W",0,"9",0,"8","","8","",""
"251150110","ØAGA—","2012","11","03",4.2,"","W",0,"9",0,"8","","8","",""
"251150110","ØAGA—","2012","11","04",3.7,"","W",0,"9",0,"8","","8","",""
"251150110","ØAGA—","2012","11","06",.5,"","W",0,"9",0,"8","","8","",""
"251150110","ØAGA—","2012","11","07",1.1,"","W",0,"9",0,"8","","8","",""
"251150110","ØAGA—","2012","11","08",.2,"","W",0,"9",0,"8","","8","",""
"251150110","ØAGA—","2012","11","09",.2,"","W",0,"9",0,"8","","8","",""
"251150110","ØAGA—","2012","11","10",.1,"","W",0,"9",0,"8","","8","",""
"251150110","ØAGA—","2012","11","11",7.2,"","W",0,"9",0,"8","","8","",""
"251150110","ØAGA—","2012","11","18",.2,"","W",0,"9",0,"8","","8","",""
"251150110","ØAGA—","2012","11","26",.5,"","W",0,"9",0,"8","","8","",""
"251150110","ØAGA—","2012","11","27",.4,"","W",0,"9",0,"8","","8","",""
"251150110","ØAGA—","2012","11","28",8.9,"","W",0,"9",0,"8","","8","",""
"251150110","ØAGA—","2012","11","29",21.4,"","S",0,"9",0,"8","","8","",""
"251150110","ØAGA—","2012","11","30",3.1,"","W",0,"9",0,"8","","8","",""
"251150120","BUCZYNA","2012","11","01",5.0,"","W",0,"9",0,"8","","8","",""
"251150120","BUCZYNA","2012","11","02",1.0,"","W",0,"9",0,"8","","8","",""
"251150120","BUCZYNA","2012","11","03",8.3,"","W",0,"9",0,"8","","8","",""
"251150120","BUCZYNA","2012","11","04",6.8,"","W",0,"9",0,"8","","8","",""
"251150120","BUCZYNA","2012","11","05",.1,"","W",0,"9",0,"8","","8","",""
"251150120","BUCZYNA","2012","11","06",2.3,"","W",0,"9",0,"8","","8","",""
"251150120","BUCZYNA","2012","11","07",1.3,"","W",0,"9",0,"8","","8","",""
"251150120","BUCZYNA","2012","11","11",3.6,"","W",0,"9",0,"8","","8","",""
"251150120","BUCZYNA","2012","11","19",.5,"","W",0,"9",0,"8","","8","",""
"251150120","BUCZYNA","2012","11","28",14.6,"","W",0,"9",0,"8","","8","",""
"251150120","BUCZYNA","2012","11","29",8.8,"","W",0,"9",0,"8","","8","",""
"251150120","BUCZYNA","2012","11","30",2.0,"","S",0,"9",0,"8","","8","",""
"251150130","£OZY","2012","11","01",4.0,"","W",0,"9",0,"8","","8","",""
"251150130","£OZY","2012","11","03",8.3,"","W",0,"9",0,"8","","8","",""
"251150130","£OZY","2012","11","04",6.9,"","W",0,"9",0,"8","","8","",""
"251150130","£OZY","2012","11","06",2.2,"","W",0,"9",0,"8","","8","",""
"251150130","£OZY","2012","11","07",3.6,"","W",0,"9",0,"8","","8","",""
"251150130","£OZY","2012","11","08",.3,"","W",0,"9",0,"8","","8","",""
"251150130","£OZY","2012","11","11",5.0,"","W",0,"9",0,"8","","8","",""
"251150130","£OZY","2012","11","18",.7,"","W",0,"9",0,"8","","8","",""
"251150130","£OZY","2012","11","28",8.8,"","W",0,"9",0,"8","","8","",""
"251150130","£OZY","2012","11","29",12.2,"","S",0,"9",0,"8","","8","",""
"251150130","£OZY","2012","11","30",3.0,"","W",0,"9",0,"8","","8","",""
"251150140","KOåCIELNA WIEå","2012","11","01",3.2,"","W",0,"9",0,"8","","8","",""
"251150140","KOåCIELNA WIEå","2012","11","02",1.0,"","W",0,"9",0,"8","","8","",""
"251150140","KOåCIELNA WIEå","2012","11","03",6.0,"","W",0,"9",0,"8","","8","",""
"251150140","KOåCIELNA WIEå","2012","11","04",6.2,"","W",0,"9",0,"8","","8","",""
"251150140","KOåCIELNA WIEå","2012","11","06",1.2,"","W",0,"9",0,"8","","8","",""
"251150140","KOåCIELNA WIEå","2012","11","07",4.0,"","W",0,"9",0,"8","","8","",""
"251150140","KOåCIELNA WIEå","2012","11","09",.4,"","W",0,"9",0,"8","","8","",""
"251150140","KOåCIELNA WIEå","2012","11","11",5.5,"","W",0,"9",0,"8","","8","",""
"251150140","KOåCIELNA WIEå","2012","11","27",1.0,"","W",0,"9",0,"8","","8","",""
"251150140","KOåCIELNA WIEå","2012","11","28",14.2,"","W",0,"9",0,"8","","8","",""
"251150140","KOåCIELNA WIEå","2012","11","29",14.6,"","S",0,"9",0,"8","","8","",""
"251150140","KOåCIELNA WIEå","2012","11","30",1.2,"","S",0,"",0,"8","","8","SL",""
"251150150","CHOCIAN”W","2012","11","01",3.4,"","W",0,"9",0,"8","","8","",""
"251150150","CHOCIAN”W","2012","11","02",.5,"","W",0,"9",0,"8","","8","",""
"251150150","CHOCIAN”W","2012","11","03",7.5,"","W",0,"9",0,"8","","8","",""
"251150150","CHOCIAN”W","2012","11","04",7.8,"","W",0,"9",0,"8","","8","",""
"251150150","CHOCIAN”W","2012","11","05",.0,"","W",0,"9",0,"8","","8","",""
"251150150","CHOCIAN”W","2012","11","06",1.6,"","W",0,"9",0,"8","","8","",""
"251150150","CHOCIAN”W","2012","11","07",2.3,"","W",0,"9",0,"8","","8","",""
"251150150","CHOCIAN”W","2012","11","08",.6,"","W",0,"9",0,"8","","8","",""
"251150150","CHOCIAN”W","2012","11","11",2.1,"","W",0,"9",0,"8","","8","",""
"251150150","CHOCIAN”W","2012","11","27",1.2,"","W",0,"9",0,"8","","8","",""
"251150150","CHOCIAN”W","2012","11","28",14.3,"","W",0,"9",0,"8","","8","",""
"251150150","CHOCIAN”W","2012","11","29",6.2,"","S",0,"9",0,"8","","8","",""
"251150150","CHOCIAN”W","2012","11","30",1.9,"","S",0,"9",0,"8","","8","",""
"251150160","PRZEJ S£AW","2012","11","01",4.8,"","W",0,"9",0,"8","","8","",""
"251150160","PRZEJ S£AW","2012","11","02",1.3,"","W",0,"9",0,"8","","8","",""
"251150160","PRZEJ S£AW","2012","11","03",8.7,"","W",0,"9",0,"8","","8","",""
"251150160","PRZEJ S£AW","2012","11","04",6.7,"","W",0,"9",0,"8","","8","",""
"251150160","PRZEJ S£AW","2012","11","05",.2,"","W",0,"9",0,"8","","8","",""
"251150160","PRZEJ S£AW","2012","11","06",2.3,"","W",0,"9",0,"8","","8","",""
"251150160","PRZEJ S£AW","2012","11","07",4.3,"","W",0,"9",0,"8","","8","",""
"251150160","PRZEJ S£AW","2012","11","08",.3,"","W",0,"9",0,"8","","8","",""
"251150160","PRZEJ S£AW","2012","11","11",4.0,"","W",0,"9",0,"8","","8","",""
"251150160","PRZEJ S£AW","2012","11","18",.5,"","W",0,"9",0,"8","","8","",""
"251150160","PRZEJ S£AW","2012","11","19",.2,"","W",0,"9",0,"8","","8","",""
"251150160","PRZEJ S£AW","2012","11","20",.1,"","W",0,"9",0,"8","","8","",""
"251150160","PRZEJ S£AW","2012","11","27",.2,"","W",0,"9",0,"8","","8","",""
"251150160","PRZEJ S£AW","2012","11","28",15.5,"","W",0,"9",0,"8","","8","",""
"251150160","PRZEJ S£AW","2012","11","29",11.0,"","S",0,"9",0,"8","","8","",""
"251150160","PRZEJ S£AW","2012","11","30",3.3,"","S",0,"",0,"8","","8","SL",""
"251150170","W GLINIEC","2012","11","01",5.5,"","W",0,"9",0,"8","","8","",""
"251150170","W GLINIEC","2012","11","02",.8,"","W",0,"9",0,"8","","8","",""
"251150170","W GLINIEC","2012","11","03",8.4,"","W",0,"9",0,"8","","8","",""
"251150170","W GLINIEC","2012","11","04",7.0,"","W",0,"9",0,"8","","8","",""
"251150170","W GLINIEC","2012","11","06",2.6,"","W",0,"9",0,"8","","8","",""
"251150170","W GLINIEC","2012","11","07",2.2,"","W",0,"9",0,"8","","8","",""
"251150170","W GLINIEC","2012","11","11",4.1,"","W",0,"9",0,"8","","8","",""
"251150170","W GLINIEC","2012","11","28",16.8,"","W",0,"9",0,"8","","8","",""
"251150170","W GLINIEC","2012","11","29",11.3,"","S",0,"9",0,"8","","8","",""
"251150170","W GLINIEC","2012","11","30",3.5,"","S",1,"",0,"8","","8","*PRZ",""
"251150190","CHOJN”W","2012","11","01",.6,"","W",0,"9",0,"8","","8","",""
"251150190","CHOJN”W","2012","11","02",.3,"","W",0,"9",0,"8","","8","",""
"251150190","CHOJN”W","2012","11","03",5.6,"","W",0,"9",0,"8","","8","",""
"251150190","CHOJN”W","2012","11","04",8.0,"","W",0,"9",0,"8","","8","",""
"251150190","CHOJN”W","2012","11","05",.6,"","W",0,"9",0,"8","","8","",""
"251150190","CHOJN”W","2012","11","06",.1,"","W",0,"9",0,"8","","8","",""
"251150190","CHOJN”W","2012","11","07",2.0,"","W",0,"9",0,"8","","8","",""
"251150190","CHOJN”W","2012","11","11",2.1,"","W",0,"9",0,"8","","8","",""
"251150190","CHOJN”W","2012","11","18",.8,"","W",0,"9",0,"8","","8","",""
"251150190","CHOJN”W","2012","11","19",.2,"","W",0,"9",0,"8","","8","",""
"251150190","CHOJN”W","2012","11","27",.4,"","W",0,"9",0,"8","","8","",""
"251150190","CHOJN”W","2012","11","28",11.8,"","W",0,"9",0,"8","","8","",""
"251150190","CHOJN”W","2012","11","29",5.3,"","W",0,"9",0,"8","","8","",""
"251150190","CHOJN”W","2012","11","30",3.1,"","S",0,"9",0,"8","","8","",""
"251150210","PIE—SK","2012","11","01",2.3,"","W",0,"9",0,"8","","8","",""
"251150210","PIE—SK","2012","11","02",1.1,"","W",0,"9",0,"8","","8","",""
"251150210","PIE—SK","2012","11","03",1.7,"","W",0,"9",0,"8","","8","",""
"251150210","PIE—SK","2012","11","04",2.0,"","W",0,"9",0,"8","","8","",""
"251150210","PIE—SK","2012","11","05",.9,"","W",0,"9",0,"8","","8","",""
"251150210","PIE—SK","2012","11","06",4.2,"","W",0,"9",0,"8","","8","",""
"251150210","PIE—SK","2012","11","07",3.1,"","W",0,"9",0,"8","","8","",""
"251150210","PIE—SK","2012","11","08",2.6,"","W",0,"9",0,"8","","8","",""
"251150210","PIE—SK","2012","11","10",1.1,"","W",0,"9",0,"8","","8","",""
"251150210","PIE—SK","2012","11","11",1.4,"","W",0,"9",0,"8","","8","",""
"251150210","PIE—SK","2012","11","17",.1,"","W",0,"9",0,"8","","8","",""
"251150210","PIE—SK","2012","11","19",.0,"","W",0,"9",0,"8","","8","",""
"251150210","PIE—SK","2012","11","26",.1,"","W",0,"9",0,"8","","8","",""
"251150210","PIE—SK","2012","11","27",.3,"","W",0,"9",0,"8","","8","",""
"251150210","PIE—SK","2012","11","28",4.2,"","W",0,"9",0,"8","","8","",""
"251150210","PIE—SK","2012","11","29",7.1,"","S",0,"9",0,"8","","8","",""
"251150210","PIE—SK","2012","11","30",2.3,"","S",0,"9",0,"8","","8","",""
"251150220","NOWOGRODZIEC","2012","11","01",5.3,"","W",0,"9",0,"8","","8","",""
"251150220","NOWOGRODZIEC","2012","11","02",1.1,"","W",0,"9",0,"8","","8","",""
"251150220","NOWOGRODZIEC","2012","11","03",8.4,"","W",0,"9",0,"8","","8","",""
"251150220","NOWOGRODZIEC","2012","11","04",7.2,"","W",0,"9",0,"8","","8","",""
"251150220","NOWOGRODZIEC","2012","11","05",.3,"","W",0,"9",0,"8","","8","",""
"251150220","NOWOGRODZIEC","2012","11","06",4.1,"","W",0,"9",0,"8","","8","",""
"251150220","NOWOGRODZIEC","2012","11","07",1.6,"","W",0,"9",0,"8","","8","",""
"251150220","NOWOGRODZIEC","2012","11","08",.3,"","W",0,"9",0,"8","","8","",""
"251150220","NOWOGRODZIEC","2012","11","11",2.5,"","W",0,"9",0,"8","","8","",""
"251150220","NOWOGRODZIEC","2012","11","12",.1,"","W",0,"9",0,"8","","8","",""
"251150220","NOWOGRODZIEC","2012","11","18",.6,"","W",0,"9",0,"8","","8","",""
"251150220","NOWOGRODZIEC","2012","11","19",.1,"","W",0,"9",0,"8","","8","",""
"251150220","NOWOGRODZIEC","2012","11","20",.2,"","W",0,"9",0,"8","","8","",""
"251150220","NOWOGRODZIEC","2012","11","27",.4,"","W",0,"9",0,"8","","8","",""
"251150220","NOWOGRODZIEC","2012","11","28",15.8,"","W",0,"9",0,"8","","8","",""
"251150220","NOWOGRODZIEC","2012","11","29",9.1,"","S",0,"9",0,"8","","8","",""
"251150220","NOWOGRODZIEC","2012","11","30",4.6,"","S",0,"",0,"8","","8","SL",""
"251150230","IWINY","2012","11","01",.8,"","W",0,"9",0,"8","","8","",""
"251150230","IWINY","2012","11","03",8.1,"","W",0,"9",0,"8","","8","",""
"251150230","IWINY","2012","11","04",8.5,"","W",0,"9",0,"8","","8","",""
"251150230","IWINY","2012","11","06",.1,"","W",0,"9",0,"8","","8","",""
"251150230","IWINY","2012","11","07",4.3,"","W",0,"9",0,"8","","8","",""
"251150230","IWINY","2012","11","11",2.3,"","W",0,"9",0,"8","","8","",""
"251150230","IWINY","2012","11","18",.3,"","W",0,"9",0,"8","","8","",""
"251150230","IWINY","2012","11","19",.2,"","W",0,"9",0,"8","","8","",""
"251150230","IWINY","2012","11","27",.2,"","W",0,"9",0,"8","","8","",""
"251150230","IWINY","2012","11","28",12.1,"","W",0,"9",0,"8","","8","",""
"251150230","IWINY","2012","11","29",6.7,"","S",0,"9",0,"8","","8","",""
"251150230","IWINY","2012","11","30",3.6,"","S",0,"",0,"8","","8","SL",""
"251150240","ZAGRODNO","2012","11","01",.4,"","W",0,"9",0,"8","","8","",""
"251150240","ZAGRODNO","2012","11","03",4.6,"","W",0,"9",0,"8","","8","",""
"251150240","ZAGRODNO","2012","11","04",6.7,"","W",0,"9",0,"8","","8","",""
"251150240","ZAGRODNO","2012","11","06",1.6,"","W",0,"9",0,"8","","8","",""
"251150240","ZAGRODNO","2012","11","07",2.4,"","W",0,"9",0,"8","","8","",""
"251150240","ZAGRODNO","2012","11","08",.5,"","W",0,"9",0,"8","","8","",""
"251150240","ZAGRODNO","2012","11","11",1.5,"","W",0,"9",0,"8","","8","",""
"251150240","ZAGRODNO","2012","11","19",.5,"","W",0,"9",0,"8","","8","",""
"251150240","ZAGRODNO","2012","11","28",16.0,"","W",0,"9",0,"8","","8","",""
"251150240","ZAGRODNO","2012","11","29",6.5,"","W",0,"9",0,"8","","8","",""
"251150240","ZAGRODNO","2012","11","30",4.1,"","S",0,"9",0,"8","","8","",""
"251150260","SIEKIERCZYN","2012","11","01",.1,"","W",0,"9",0,"8","","8","",""
"251150260","SIEKIERCZYN","2012","11","02",.6,"","W",0,"9",0,"8","","8","",""
"251150260","SIEKIERCZYN","2012","11","03",12.0,"","W",0,"9",0,"8","","8","",""
"251150260","SIEKIERCZYN","2012","11","04",9.8,"","W",0,"9",0,"8","","8","",""
"251150260","SIEKIERCZYN","2012","11","05",.0,"","W",0,"9",0,"8","","8","",""
"251150260","SIEKIERCZYN","2012","11","06",4.2,"","W",0,"9",0,"8","","8","",""
"251150260","SIEKIERCZYN","2012","11","07",2.8,"","W",0,"9",0,"8","","8","",""
"251150260","SIEKIERCZYN","2012","11","08",.7,"","W",0,"9",0,"8","","8","",""
"251150260","SIEKIERCZYN","2012","11","10",.0,"","W",0,"9",0,"8","","8","",""
"251150260","SIEKIERCZYN","2012","11","11",2.2,"","W",0,"9",0,"8","","8","",""
"251150260","SIEKIERCZYN","2012","11","18",.5,"","W",0,"9",0,"8","","8","",""
"251150260","SIEKIERCZYN","2012","11","19",.2,"","W",0,"9",0,"8","","8","",""
"251150260","SIEKIERCZYN","2012","11","20",.3,"","W",0,"9",0,"8","","8","",""
"251150260","SIEKIERCZYN","2012","11","25",.0,"","W",0,"9",0,"8","","8","",""
"251150260","SIEKIERCZYN","2012","11","26",.1,"","W",0,"9",0,"8","","8","",""
"251150260","SIEKIERCZYN","2012","11","27",.3,"","W",0,"9",0,"8","","8","",""
"251150260","SIEKIERCZYN","2012","11","28",16.1,"","W",0,"9",0,"8","","8","",""
"251150260","SIEKIERCZYN","2012","11","29",20.0,"","S",0,"9",0,"8","","8","",""
"251150260","SIEKIERCZYN","2012","11","30",8.9,"","S",8,"",0,"8","","8","*",""
"251150270","Z£OTORYJA","2012","11","01",.2,"","W",0,"9",0,"8","","8","",""
"251150270","Z£OTORYJA","2012","11","02",.1,"","W",0,"9",0,"8","","8","",""
"251150270","Z£OTORYJA","2012","11","03",2.5,"","W",0,"9",0,"8","","8","",""
"251150270","Z£OTORYJA","2012","11","04",8.2,"","W",0,"9",0,"8","","8","",""
"251150270","Z£OTORYJA","2012","11","05",.1,"","W",0,"9",0,"8","","8","",""
"251150270","Z£OTORYJA","2012","11","06",.3,"","W",0,"9",0,"8","","8","",""
"251150270","Z£OTORYJA","2012","11","07",1.3,"","W",0,"9",0,"8","","8","",""
"251150270","Z£OTORYJA","2012","11","08",.5,"","W",0,"9",0,"8","","8","",""
"251150270","Z£OTORYJA","2012","11","11",1.2,"","W",0,"9",0,"8","","8","",""
"251150270","Z£OTORYJA","2012","11","17",.5,"","W",0,"9",0,"8","","8","",""
"251150270","Z£OTORYJA","2012","11","19",.2,"","W",0,"9",0,"8","","8","",""
"251150270","Z£OTORYJA","2012","11","20",.4,"","W",0,"9",0,"8","","8","",""
"251150270","Z£OTORYJA","2012","11","26",.1,"","W",0,"9",0,"8","","8","",""
"251150270","Z£OTORYJA","2012","11","27",.2,"","W",0,"9",0,"8","","8","",""
"251150270","Z£OTORYJA","2012","11","28",13.6,"","W",0,"9",0,"8","","8","",""
"251150270","Z£OTORYJA","2012","11","29",6.4,"","W",0,"9",0,"8","","8","",""
"251150270","Z£OTORYJA","2012","11","30",5.7,"","S",0,"9",0,"8","","8","",""
"251150280","TWARDOCICE","2012","11","03",2.2,"","W",0,"9",0,"8","","8","",""
"251150280","TWARDOCICE","2012","11","04",8.5,"","W",0,"9",0,"8","","8","",""
"251150280","TWARDOCICE","2012","11","06",.2,"","W",0,"9",0,"8","","8","",""
"251150280","TWARDOCICE","2012","11","07",.6,"","W",0,"9",0,"8","","8","",""
"251150280","TWARDOCICE","2012","11","08",.4,"","W",0,"9",0,"8","","8","",""
"251150280","TWARDOCICE","2012","11","11",1.2,"","W",0,"9",0,"8","","8","",""
"251150280","TWARDOCICE","2012","11","12",.1,"","W",0,"9",0,"8","","8","",""
"251150280","TWARDOCICE","2012","11","18",1.0,"","W",0,"9",0,"8","","8","",""
"251150280","TWARDOCICE","2012","11","19",.6,"","W",0,"9",0,"8","","8","",""
"251150280","TWARDOCICE","2012","11","20",.1,"","W",0,"9",0,"8","","8","",""
"251150280","TWARDOCICE","2012","11","27",.1,"","W",0,"9",0,"8","","8","",""
"251150280","TWARDOCICE","2012","11","28",11.4,"","W",0,"9",0,"8","","8","",""
"251150280","TWARDOCICE","2012","11","29",9.5,"","S",0,"9",0,"8","","8","",""
"251150280","TWARDOCICE","2012","11","30",6.2,"","S",0,"",0,"8","","8","SL",""
"251150290","SULIK”W","2012","11","02",.0,"","W",0,"9",0,"8","","8","",""
"251150290","SULIK”W","2012","11","03",10.5,"","W",0,"9",0,"8","","8","",""
"251150290","SULIK”W","2012","11","04",9.8,"","W",0,"9",0,"8","","8","",""
"251150290","SULIK”W","2012","11","06",2.4,"","W",0,"9",0,"8","","8","",""
"251150290","SULIK”W","2012","11","07",1.5,"","W",0,"9",0,"8","","8","",""
"251150290","SULIK”W","2012","11","08",.2,"","W",0,"9",0,"8","","8","",""
"251150290","SULIK”W","2012","11","10",.0,"","W",0,"9",0,"8","","8","",""
"251150290","SULIK”W","2012","11","11",2.7,"","W",0,"9",0,"8","","8","",""
"251150290","SULIK”W","2012","11","18",.4,"","W",0,"9",0,"8","","8","",""
"251150290","SULIK”W","2012","11","27",.6,"","W",0,"9",0,"8","","8","",""
"251150290","SULIK”W","2012","11","28",14.5,"","W",0,"9",0,"8","","8","",""
"251150290","SULIK”W","2012","11","29",15.9,"","S",0,"9",0,"8","","8","",""
"251150290","SULIK”W","2012","11","30",6.1,"","S",1,"",0,"8","","8","*",""
"251150310","P£AWNA","2012","11","01",.2,"","W",0,"9",0,"8","","8","",""
"251150310","P£AWNA","2012","11","03",2.1,"","W",0,"9",0,"8","","8","",""
"251150310","P£AWNA","2012","11","04",6.1,"","W",0,"9",0,"8","","8","",""
"251150310","P£AWNA","2012","11","06",2.9,"","W",0,"9",0,"8","","8","",""
"251150310","P£AWNA","2012","11","07",5.8,"","W",0,"9",0,"8","","8","",""
"251150310","P£AWNA","2012","11","08",2.4,"","W",0,"9",0,"8","","8","",""
"251150310","P£AWNA","2012","11","11",3.2,"","W",0,"9",0,"8","","8","",""
"251150310","P£AWNA","2012","11","18",.2,"","W",0,"9",0,"8","","8","",""
"251150310","P£AWNA","2012","11","27",.7,"","W",0,"9",0,"8","","8","",""
"251150310","P£AWNA","2012","11","28",15.1,"","W",0,"9",0,"8","","8","",""
"251150310","P£AWNA","2012","11","29",10.3,"","S",0,"9",0,"8","","8","",""
"251150310","P£AWNA","2012","11","30",6.6,"","S",0,"",0,"8","","8","SL",""
"251150320","BIERNA","2012","11","02",1.3,"","W",0,"9",0,"8","","8","",""
"251150320","BIERNA","2012","11","03",10.5,"","W",0,"9",0,"8","","8","",""
"251150320","BIERNA","2012","11","04",12.6,"","W",0,"9",0,"8","","8","",""
"251150320","BIERNA","2012","11","05",1.1,"","W",0,"9",0,"8","","8","",""
"251150320","BIERNA","2012","11","06",2.8,"","W",0,"9",0,"8","","8","",""
"251150320","BIERNA","2012","11","07",2.6,"","W",0,"9",0,"8","","8","",""
"251150320","BIERNA","2012","11","08",1.0,"","W",0,"9",0,"8","","8","",""
"251150320","BIERNA","2012","11","10",.0,"","W",0,"9",0,"8","","8","",""
"251150320","BIERNA","2012","11","11",2.2,"","W",0,"9",0,"8","","8","",""
"251150320","BIERNA","2012","11","18",.5,"","W",0,"9",0,"8","","8","",""
"251150320","BIERNA","2012","11","27",.4,"","W",0,"9",0,"8","","8","",""
"251150320","BIERNA","2012","11","28",14.8,"","W",0,"9",0,"8","","8","",""
"251150320","BIERNA","2012","11","29",23.5,"","S",0,"9",0,"8","","8","",""
"251150320","BIERNA","2012","11","30",14.3,"","S",5,"",0,"8","","8","*",""
"251150330","LEåNA","2012","11","03",8.2,"","W",0,"9",0,"8","","8","",""
"251150330","LEåNA","2012","11","04",12.2,"","W",0,"9",0,"8","","8","",""
"251150330","LEåNA","2012","11","05",4.6,"","W",0,"9",0,"8","","8","",""
"251150330","LEåNA","2012","11","06",7.5,"","W",0,"9",0,"8","","8","",""
"251150330","LEåNA","2012","11","07",.8,"","W",0,"9",0,"8","","8","",""
"251150330","LEåNA","2012","11","08",.4,"","W",0,"9",0,"8","","8","",""
"251150330","LEåNA","2012","11","11",1.4,"","W",0,"9",0,"8","","8","",""
"251150330","LEåNA","2012","11","23",.2,"","W",0,"9",0,"8","","8","",""
"251150330","LEåNA","2012","11","26",.0,"","W",0,"9",0,"8","","8","",""
"251150330","LEåNA","2012","11","27",1.0,"","W",0,"9",0,"8","","8","",""
"251150330","LEåNA","2012","11","28",14.9,"","W",0,"9",0,"8","","8","",""
"251150330","LEåNA","2012","11","29",3.1,"","S",0,"9",0,"8","","8","",""
"251150330","LEåNA","2012","11","30",5.2,"","S",3,"",0,"8","","8","*",""
"251150340","GRYF”W åL•SKI","2012","11","03",4.2,"","W",0,"9",0,"8","","8","",""
"251150340","GRYF”W åL•SKI","2012","11","04",8.2,"","W",0,"9",0,"8","","8","",""
"251150340","GRYF”W åL•SKI","2012","11","05",.5,"","W",0,"9",0,"8","","8","",""
"251150340","GRYF”W åL•SKI","2012","11","06",1.5,"","W",0,"9",0,"8","","8","",""
"251150340","GRYF”W åL•SKI","2012","11","07",4.6,"","W",0,"9",0,"8","","8","",""
"251150340","GRYF”W åL•SKI","2012","11","08",1.6,"","W",0,"9",0,"8","","8","",""
"251150340","GRYF”W åL•SKI","2012","11","11",2.1,"","W",0,"9",0,"8","","8","",""
"251150340","GRYF”W åL•SKI","2012","11","12",.0,"","W",0,"9",0,"8","","8","",""
"251150340","GRYF”W åL•SKI","2012","11","18",.6,"","W",0,"9",0,"8","","8","",""
"251150340","GRYF”W åL•SKI","2012","11","19",.1,"","W",0,"9",0,"8","","8","",""
"251150340","GRYF”W åL•SKI","2012","11","20",.0,"","W",0,"9",0,"8","","8","",""
"251150340","GRYF”W åL•SKI","2012","11","25",.0,"","W",0,"9",0,"8","","8","",""
"251150340","GRYF”W åL•SKI","2012","11","27",.2,"","W",0,"9",0,"8","","8","",""
"251150340","GRYF”W åL•SKI","2012","11","28",13.8,"","W",0,"9",0,"8","","8","",""
"251150340","GRYF”W åL•SKI","2012","11","29",18.3,"","S",0,"9",0,"8","","8","",""
"251150340","GRYF”W åL•SKI","2012","11","30",10.3,"","S",9,"",0,"8","","8","*",""
"251150350","LUBOMIERZ","2012","11","01",.0,"","W",0,"9",0,"8","","8","",""
"251150350","LUBOMIERZ","2012","11","03",3.1,"","W",0,"9",0,"8","","8","",""
"251150350","LUBOMIERZ","2012","11","04",7.9,"","W",0,"9",0,"8","","8","",""
"251150350","LUBOMIERZ","2012","11","05",.8,"","W",0,"9",0,"8","","8","",""
"251150350","LUBOMIERZ","2012","11","06",.8,"","W",0,"9",0,"8","","8","",""
"251150350","LUBOMIERZ","2012","11","07",5.0,"","W",0,"9",0,"8","","8","",""
"251150350","LUBOMIERZ","2012","11","08",1.7,"","W",0,"9",0,"8","","8","",""
"251150350","LUBOMIERZ","2012","11","11",1.4,"","W",0,"9",0,"8","","8","",""
"251150350","LUBOMIERZ","2012","11","12",.0,"","W",0,"9",0,"8","","8","",""
"251150350","LUBOMIERZ","2012","11","18",.2,"","W",0,"9",0,"8","","8","",""
"251150350","LUBOMIERZ","2012","11","19",.0,"","W",0,"9",0,"8","","8","",""
"251150350","LUBOMIERZ","2012","11","27",.1,"","W",0,"9",0,"8","","8","",""
"251150350","LUBOMIERZ","2012","11","28",10.9,"","W",0,"9",0,"8","","8","",""
"251150350","LUBOMIERZ","2012","11","29",20.7,"","S",0,"9",0,"8","","8","",""
"251150350","LUBOMIERZ","2012","11","30",9.9,"","S",11,"",0,"8","","8","*",""
"251150360","åWIERZAWA","2012","11","03",1.5,"","W",0,"9",0,"8","","8","",""
"251150360","åWIERZAWA","2012","11","04",8.2,"","W",0,"9",0,"8","","8","",""
"251150360","åWIERZAWA","2012","11","05",.4,"","W",0,"9",0,"8","","8","",""
"251150360","åWIERZAWA","2012","11","07",1.0,"","W",0,"9",0,"8","","8","",""
"251150360","åWIERZAWA","2012","11","08",.5,"","W",0,"9",0,"8","","8","",""
"251150360","åWIERZAWA","2012","11","11",.9,"","W",0,"9",0,"8","","8","",""
"251150360","åWIERZAWA","2012","11","18",.3,"","W",0,"9",0,"8","","8","",""
"251150360","åWIERZAWA","2012","11","20",.1,"","W",0,"9",0,"8","","8","",""
"251150360","åWIERZAWA","2012","11","25",.1,"","W",0,"9",0,"8","","8","",""
"251150360","åWIERZAWA","2012","11","27",.1,"","W",0,"9",0,"8","","8","",""
"251150360","åWIERZAWA","2012","11","28",10.0,"","W",0,"9",0,"8","","8","",""
"251150360","åWIERZAWA","2012","11","29",8.2,"","S",0,"9",0,"8","","8","",""
"251150360","åWIERZAWA","2012","11","30",6.8,"","S",0,"9",0,"8","","8","",""
"251150370","åWIECIE","2012","11","03",7.1,"","W",0,"9",0,"8","","8","",""
"251150370","åWIECIE","2012","11","04",10.1,"","W",0,"9",0,"8","","8","",""
"251150370","åWIECIE","2012","11","05",1.4,"","W",0,"9",0,"8","","8","",""
"251150370","åWIECIE","2012","11","06",4.1,"","W",0,"9",0,"8","","8","",""
"251150370","åWIECIE","2012","11","07",2.3,"","W",0,"9",0,"8","","8","",""
"251150370","åWIECIE","2012","11","08",1.3,"","W",0,"9",0,"8","","8","",""
"251150370","åWIECIE","2012","11","11",.8,"","W",0,"9",0,"8","","8","",""
"251150370","åWIECIE","2012","11","27",.9,"","W",0,"9",0,"8","","8","",""
"251150370","åWIECIE","2012","11","28",13.9,"","W",0,"9",0,"8","","8","",""
"251150370","åWIECIE","2012","11","29",23.8,"","S",0,"9",0,"8","","8","",""
"251150370","åWIECIE","2012","11","30",9.5,"","S",7,"",0,"8","","8","*",""
"251150390","Z£OTNIKI LUBA—SKIE","2012","11","02",.1,"","W",0,"9",0,"8","","8","",""
"251150390","Z£OTNIKI LUBA—SKIE","2012","11","03",5.4,"","W",0,"9",0,"8","","8","",""
"251150390","Z£OTNIKI LUBA—SKIE","2012","11","04",9.1,"","W",0,"9",0,"8","","8","",""
"251150390","Z£OTNIKI LUBA—SKIE","2012","11","05",.9,"","W",0,"9",0,"8","","8","",""
"251150390","Z£OTNIKI LUBA—SKIE","2012","11","06",2.9,"","W",0,"9",0,"8","","8","",""
"251150390","Z£OTNIKI LUBA—SKIE","2012","11","07",2.7,"","W",0,"9",0,"8","","8","",""
"251150390","Z£OTNIKI LUBA—SKIE","2012","11","08",1.4,"","W",0,"9",0,"8","","8","",""
"251150390","Z£OTNIKI LUBA—SKIE","2012","11","11",1.1,"","W",0,"9",0,"8","","8","",""
"251150390","Z£OTNIKI LUBA—SKIE","2012","11","18",.6,"","W",0,"9",0,"8","","8","",""
"251150390","Z£OTNIKI LUBA—SKIE","2012","11","19",.1,"","W",0,"9",0,"8","","8","",""
"251150390","Z£OTNIKI LUBA—SKIE","2012","11","27",.4,"","W",0,"9",0,"8","","8","",""
"251150390","Z£OTNIKI LUBA—SKIE","2012","11","28",10.6,"","W",0,"9",0,"8","","8","",""
"251150390","Z£OTNIKI LUBA—SKIE","2012","11","29",17.3,"","S",0,"9",0,"8","","8","",""
"251150390","Z£OTNIKI LUBA—SKIE","2012","11","30",14.7,"","S",5,"",0,"8","","8","*",""
"251160010","B£OTNICA","2012","11","01",5.5,"","W",0,"9",0,"8","","8","",""
"251160010","B£OTNICA","2012","11","02",2.6,"","W",0,"9",0,"8","","8","",""
"251160010","B£OTNICA","2012","11","03",1.6,"","W",0,"9",0,"8","","8","",""
"251160010","B£OTNICA","2012","11","04",4.8,"","W",0,"9",0,"8","","8","",""
"251160010","B£OTNICA","2012","11","05",.0,"","W",0,"9",0,"8","","8","",""
"251160010","B£OTNICA","2012","11","06",2.0,"","W",0,"9",0,"8","","8","",""
"251160010","B£OTNICA","2012","11","07",1.0,"","W",0,"9",0,"8","","8","",""
"251160010","B£OTNICA","2012","11","08",.2,"","W",0,"9",0,"8","","8","",""
"251160010","B£OTNICA","2012","11","11",6.4,"","W",0,"9",0,"8","","8","",""
"251160010","B£OTNICA","2012","11","15",.1,"","W",0,"9",0,"8","","8","",""
"251160010","B£OTNICA","2012","11","18",.5,"","W",0,"9",0,"8","","8","",""
"251160010","B£OTNICA","2012","11","20",.3,"","W",0,"9",0,"8","","8","",""
"251160010","B£OTNICA","2012","11","21",.0,"","W",0,"9",0,"8","","8","",""
"251160010","B£OTNICA","2012","11","24",.3,"","W",0,"9",0,"8","","8","",""
"251160010","B£OTNICA","2012","11","27",.3,"","W",0,"9",0,"8","","8","",""
"251160010","B£OTNICA","2012","11","28",10.1,"","W",0,"9",0,"8","","8","",""
"251160010","B£OTNICA","2012","11","29",11.9,"","W",0,"9",0,"8","","8","",""
"251160020","CZERWONA WIEå","2012","11","01",4.8,"","W",0,"9",0,"8","","8","",""
"251160020","CZERWONA WIEå","2012","11","02",1.0,"","W",0,"9",0,"8","","8","",""
"251160020","CZERWONA WIEå","2012","11","03",3.8,"","W",0,"9",0,"8","","8","",""
"251160020","CZERWONA WIEå","2012","11","04",5.1,"","W",0,"9",0,"8","","8","",""
"251160020","CZERWONA WIEå","2012","11","05",.1,"","W",0,"9",0,"8","","8","",""
"251160020","CZERWONA WIEå","2012","11","06",2.4,"","W",0,"9",0,"8","","8","",""
"251160020","CZERWONA WIEå","2012","11","07",.5,"","W",0,"9",0,"8","","8","",""
"251160020","CZERWONA WIEå","2012","11","08",.2,"","W",0,"9",0,"8","","8","",""
"251160020","CZERWONA WIEå","2012","11","11",3.6,"","W",0,"9",0,"8","","8","",""
"251160020","CZERWONA WIEå","2012","11","13",.3,"","W",0,"9",0,"8","","8","",""
"251160020","CZERWONA WIEå","2012","11","14",.2,"","W",0,"9",0,"8","","8","",""
"251160020","CZERWONA WIEå","2012","11","15",.1,"","W",0,"9",0,"8","","8","",""
"251160020","CZERWONA WIEå","2012","11","18",.1,"","W",0,"9",0,"8","","8","",""
"251160020","CZERWONA WIEå","2012","11","22",.1,"","W",0,"9",0,"8","","8","",""
"251160020","CZERWONA WIEå","2012","11","24",.2,"","W",0,"9",0,"8","","8","",""
"251160020","CZERWONA WIEå","2012","11","27",.7,"","W",0,"9",0,"8","","8","",""
"251160020","CZERWONA WIEå","2012","11","28",8.4,"","W",0,"9",0,"8","","8","",""
"251160020","CZERWONA WIEå","2012","11","29",10.0,"","W",0,"9",0,"8","","8","",""
"251160030","RADOMICKO","2012","11","01",5.4,"","W",0,"9",0,"8","","8","",""
"251160030","RADOMICKO","2012","11","02",2.2,"","W",0,"9",0,"8","","8","",""
"251160030","RADOMICKO","2012","11","03",3.4,"","W",0,"9",0,"8","","8","",""
"251160030","RADOMICKO","2012","11","04",6.1,"","W",0,"9",0,"8","","8","",""
"251160030","RADOMICKO","2012","11","05",1.6,"","W",0,"9",0,"8","","8","",""
"251160030","RADOMICKO","2012","11","06",3.0,"","W",0,"9",0,"8","","8","",""
"251160030","RADOMICKO","2012","11","07",.5,"","W",0,"9",0,"8","","8","",""
"251160030","RADOMICKO","2012","11","08",.4,"","W",0,"9",0,"8","","8","",""
"251160030","RADOMICKO","2012","11","11",5.6,"","W",0,"9",0,"8","","8","",""
"251160030","RADOMICKO","2012","11","18",.7,"","W",0,"9",0,"8","","8","",""
"251160030","RADOMICKO","2012","11","23",.3,"","W",0,"9",0,"8","","8","",""
"251160030","RADOMICKO","2012","11","24",.3,"","W",0,"9",0,"8","","8","",""
"251160030","RADOMICKO","2012","11","25",.0,"","W",0,"9",0,"8","","8","",""
"251160030","RADOMICKO","2012","11","27",.2,"","W",0,"9",0,"8","","8","",""
"251160030","RADOMICKO","2012","11","28",10.7,"","W",0,"9",0,"8","","8","",""
"251160030","RADOMICKO","2012","11","29",13.9,"","W",0,"9",0,"8","","8","",""
"251160040","STARE STR•CZE","2012","11","01",6.8,"","W",0,"9",0,"8","","8","",""
"251160040","STARE STR•CZE","2012","11","02",2.3,"","W",0,"9",0,"8","","8","",""
"251160040","STARE STR•CZE","2012","11","03",4.2,"","W",0,"9",0,"8","","8","",""
"251160040","STARE STR•CZE","2012","11","04",5.3,"","W",0,"9",0,"8","","8","",""
"251160040","STARE STR•CZE","2012","11","06",.2,"","W",0,"9",0,"8","","8","",""
"251160040","STARE STR•CZE","2012","11","07",.7,"","W",0,"9",0,"8","","8","",""
"251160040","STARE STR•CZE","2012","11","11",4.7,"","W",0,"9",0,"8","","8","",""
"251160040","STARE STR•CZE","2012","11","18",.5,"","W",0,"9",0,"8","","8","",""
"251160040","STARE STR•CZE","2012","11","24",.1,"","W",0,"9",0,"8","","8","",""
"251160040","STARE STR•CZE","2012","11","25",.2,"","W",0,"9",0,"8","","8","",""
"251160040","STARE STR•CZE","2012","11","26",.0,"","W",0,"9",0,"8","","8","",""
"251160040","STARE STR•CZE","2012","11","27",.3,"","W",0,"9",0,"8","","8","",""
"251160040","STARE STR•CZE","2012","11","28",11.7,"","W",0,"9",0,"8","","8","",""
"251160040","STARE STR•CZE","2012","11","29",16.2,"","W",0,"9",0,"8","","8","",""
"251160050","KRZEMIENIEWO","2012","11","01",4.0,"","W",0,"9",0,"8","","8","",""
"251160050","KRZEMIENIEWO","2012","11","02",1.2,"","W",0,"9",0,"8","","8","",""
"251160050","KRZEMIENIEWO","2012","11","03",6.3,"","W",0,"9",0,"8","","8","",""
"251160050","KRZEMIENIEWO","2012","11","04",6.7,"","W",0,"9",0,"8","","8","",""
"251160050","KRZEMIENIEWO","2012","11","06",2.0,"","W",0,"9",0,"8","","8","",""
"251160050","KRZEMIENIEWO","2012","11","07",1.4,"","W",0,"9",0,"8","","8","",""
"251160050","KRZEMIENIEWO","2012","11","09",.0,"","W",0,"9",0,"8","","8","",""
"251160050","KRZEMIENIEWO","2012","11","11",2.6,"","W",0,"9",0,"8","","8","",""
"251160050","KRZEMIENIEWO","2012","11","19",.6,"","W",0,"9",0,"8","","8","",""
"251160050","KRZEMIENIEWO","2012","11","24",.4,"","W",0,"9",0,"8","","8","",""
"251160050","KRZEMIENIEWO","2012","11","25",.6,"","W",0,"9",0,"8","","8","",""
"251160050","KRZEMIENIEWO","2012","11","27",.7,"","W",0,"9",0,"8","","8","",""
"251160050","KRZEMIENIEWO","2012","11","28",7.6,"","W",0,"9",0,"8","","8","",""
"251160050","KRZEMIENIEWO","2012","11","29",4.7,"","W",0,"9",0,"8","","8","",""
"251160060","TARNOWA £•KA","2012","11","01",5.9,"","W",0,"9",0,"8","","8","",""
"251160060","TARNOWA £•KA","2012","11","02",1.7,"","W",0,"9",0,"8","","8","",""
"251160060","TARNOWA £•KA","2012","11","03",8.5,"","W",0,"9",0,"8","","8","",""
"251160060","TARNOWA £•KA","2012","11","04",6.9,"","W",0,"9",0,"8","","8","",""
"251160060","TARNOWA £•KA","2012","11","06",1.1,"","W",0,"9",0,"8","","8","",""
"251160060","TARNOWA £•KA","2012","11","07",3.5,"","W",0,"9",0,"8","","8","",""
"251160060","TARNOWA £•KA","2012","11","11",3.0,"","W",0,"9",0,"8","","8","",""
"251160060","TARNOWA £•KA","2012","11","24",.8,"","W",0,"9",0,"8","","8","",""
"251160060","TARNOWA £•KA","2012","11","27",.6,"","W",0,"9",0,"8","","8","",""
"251160060","TARNOWA £•KA","2012","11","28",10.4,"","W",0,"9",0,"8","","8","",""
"251160060","TARNOWA £•KA","2012","11","29",13.4,"","W",0,"9",0,"8","","8","",""
"251160060","TARNOWA £•KA","2012","11","30",1.3,"","W",0,"9",0,"8","","8","",""
"251160070","CIO£KOWO","2012","11","01",4.1,"","W",0,"9",0,"8","","8","",""
"251160070","CIO£KOWO","2012","11","02",1.0,"","W",0,"9",0,"8","","8","",""
"251160070","CIO£KOWO","2012","11","03",6.1,"","W",0,"9",0,"8","","8","",""
"251160070","CIO£KOWO","2012","11","04",6.0,"","W",0,"9",0,"8","","8","",""
"251160070","CIO£KOWO","2012","11","05",.3,"","W",0,"9",0,"8","","8","",""
"251160070","CIO£KOWO","2012","11","06",.5,"","W",0,"9",0,"8","","8","",""
"251160070","CIO£KOWO","2012","11","07",.9,"","W",0,"9",0,"8","","8","",""
"251160070","CIO£KOWO","2012","11","08",.6,"","W",0,"9",0,"8","","8","",""
"251160070","CIO£KOWO","2012","11","11",.4,"","W",0,"9",0,"8","","8","",""
"251160070","CIO£KOWO","2012","11","24",.8,"","W",0,"9",0,"8","","8","",""
"251160070","CIO£KOWO","2012","11","27",.7,"","W",0,"9",0,"8","","8","",""
"251160070","CIO£KOWO","2012","11","28",6.6,"","W",0,"9",0,"8","","8","",""
"251160070","CIO£KOWO","2012","11","29",8.1,"","W",0,"9",0,"8","","8","",""
"251160080","G£OG”W","2012","11","01",5.8,"","W",0,"9",0,"8","","8","",""
"251160080","G£OG”W","2012","11","02",1.1,"","W",0,"9",0,"8","","8","",""
"251160080","G£OG”W","2012","11","03",5.3,"","W",0,"9",0,"8","","8","",""
"251160080","G£OG”W","2012","11","04",6.5,"","W",0,"9",0,"8","","8","",""
"251160080","G£OG”W","2012","11","06",.1,"","W",0,"9",0,"8","","8","",""
"251160080","G£OG”W","2012","11","07",1.8,"","W",0,"9",0,"8","","8","",""
"251160080","G£OG”W","2012","11","11",3.7,"","W",0,"9",0,"8","","8","",""
"251160080","G£OG”W","2012","11","16",.6,"","W",0,"9",0,"8","","8","",""
"251160080","G£OG”W","2012","11","20",.2,"","W",0,"9",0,"8","","8","",""
"251160080","G£OG”W","2012","11","28",10.4,"","W",0,"9",0,"8","","8","",""
"251160080","G£OG”W","2012","11","29",16.2,"","W",0,"9",0,"8","","8","",""
"251160080","G£OG”W","2012","11","30",1.1,"","W",0,"9",0,"8","","8","",""
"251160090","G”RA","2012","11","01",4.3,"","W",0,"9",0,"8","","8","",""
"251160090","G”RA","2012","11","02",1.1,"","W",0,"9",0,"8","","8","",""
"251160090","G”RA","2012","11","03",7.5,"","W",0,"9",0,"8","","8","",""
"251160090","G”RA","2012","11","04",5.6,"","W",0,"9",0,"8","","8","",""
"251160090","G”RA","2012","11","06",.8,"","W",0,"9",0,"8","","8","",""
"251160090","G”RA","2012","11","07",1.1,"","W",0,"9",0,"8","","8","",""
"251160090","G”RA","2012","11","11",1.9,"","W",0,"9",0,"8","","8","",""
"251160090","G”RA","2012","11","28",12.7,"","W",0,"9",0,"8","","8","",""
"251160090","G”RA","2012","11","29",9.6,"","W",0,"9",0,"8","","8","",""
"251160090","G”RA","2012","11","30",.8,"","W",0,"9",0,"8","","8","",""
"251160110","OSETNO","2012","11","01",4.4,"","W",0,"9",0,"8","","8","",""
"251160110","OSETNO","2012","11","02",1.1,"","W",0,"9",0,"8","","8","",""
"251160110","OSETNO","2012","11","03",5.7,"","W",0,"9",0,"8","","8","",""
"251160110","OSETNO","2012","11","04",6.4,"","W",0,"9",0,"8","","8","",""
"251160110","OSETNO","2012","11","05",.0,"","W",0,"9",0,"8","","8","",""
"251160110","OSETNO","2012","11","06",.7,"","W",0,"9",0,"8","","8","",""
"251160110","OSETNO","2012","11","07",1.5,"","W",0,"9",0,"8","","8","",""
"251160110","OSETNO","2012","11","08",.1,"","W",0,"9",0,"8","","8","",""
"251160110","OSETNO","2012","11","10",.0,"","W",0,"9",0,"8","","8","",""
"251160110","OSETNO","2012","11","11",2.1,"","W",0,"9",0,"8","","8","",""
"251160110","OSETNO","2012","11","13",.2,"","W",0,"9",0,"8","","8","",""
"251160110","OSETNO","2012","11","15",.3,"","W",0,"9",0,"8","","8","",""
"251160110","OSETNO","2012","11","16",.2,"","W",0,"9",0,"8","","8","",""
"251160110","OSETNO","2012","11","17",.1,"","W",0,"9",0,"8","","8","",""
"251160110","OSETNO","2012","11","18",.2,"","W",0,"9",0,"8","","8","",""
"251160110","OSETNO","2012","11","20",.1,"","W",0,"9",0,"8","","8","",""
"251160110","OSETNO","2012","11","22",.1,"","W",0,"9",0,"8","","8","",""
"251160110","OSETNO","2012","11","24",.0,"","W",0,"9",0,"8","","8","",""
"251160110","OSETNO","2012","11","25",.0,"","W",0,"9",0,"8","","8","",""
"251160110","OSETNO","2012","11","27",.1,"","W",0,"9",0,"8","","8","",""
"251160110","OSETNO","2012","11","28",13.6,"","W",0,"9",0,"8","","8","",""
"251160110","OSETNO","2012","11","29",7.6,"","W",0,"9",0,"8","","8","",""
"251160110","OSETNO","2012","11","30",1.7,"","W",0,"9",0,"8","","8","",""
"251160120","WIERZA (WIEWIERZ)","2012","11","01",4.5,"","W",0,"9",0,"8","","8","",""
"251160120","WIERZA (WIEWIERZ)","2012","11","02",.5,"","W",0,"9",0,"8","","8","",""
"251160120","WIERZA (WIEWIERZ)","2012","11","03",6.3,"","W",0,"9",0,"8","","8","",""
"251160120","WIERZA (WIEWIERZ)","2012","11","04",7.0,"","W",0,"9",0,"8","","8","",""
"251160120","WIERZA (WIEWIERZ)","2012","11","06",.4,"","W",0,"9",0,"8","","8","",""
"251160120","WIERZA (WIEWIERZ)","2012","11","07",1.5,"","W",0,"9",0,"8","","8","",""
"251160120","WIERZA (WIEWIERZ)","2012","11","11",.5,"","W",0,"9",0,"8","","8","",""
"251160120","WIERZA (WIEWIERZ)","2012","11","27",.6,"","W",0,"9",0,"8","","8","",""
"251160120","WIERZA (WIEWIERZ)","2012","11","28",11.0,"","W",0,"9",0,"8","","8","",""
"251160120","WIERZA (WIEWIERZ)","2012","11","29",8.1,"","W",0,"9",0,"8","","8","",""
"251160120","WIERZA (WIEWIERZ)","2012","11","30",1.3,"","S",0,"9",0,"8","","8","",""
"251160130","WYDAWY","2012","11","01",3.1,"","W",0,"9",0,"8","","8","",""
"251160130","WYDAWY","2012","11","03",4.0,"","W",0,"9",0,"8","","8","",""
"251160130","WYDAWY","2012","11","04",7.3,"","W",0,"9",0,"8","","8","",""
"251160130","WYDAWY","2012","11","06",.4,"","W",0,"9",0,"8","","8","",""
"251160130","WYDAWY","2012","11","07",.7,"","W",0,"9",0,"8","","8","",""
"251160130","WYDAWY","2012","11","11",.2,"","W",0,"9",0,"8","","8","",""
"251160130","WYDAWY","2012","11","27",2.2,"","W",0,"9",0,"8","","8","",""
"251160130","WYDAWY","2012","11","28",5.4,"","W",0,"9",0,"8","","8","",""
"251160130","WYDAWY","2012","11","29",5.4,"","W",0,"9",0,"8","","8","",""
"251160130","WYDAWY","2012","11","30",1.6,"","W",0,"9",0,"8","","8","",""
"251160140","RUDNA","2012","11","01",3.6,"","W",0,"9",0,"8","","8","",""
"251160140","RUDNA","2012","11","02",1.0,"","W",0,"9",0,"8","","8","",""
"251160140","RUDNA","2012","11","03",6.1,"","W",0,"9",0,"8","","8","",""
"251160140","RUDNA","2012","11","04",6.5,"","W",0,"9",0,"8","","8","",""
"251160140","RUDNA","2012","11","07",.9,"","W",0,"9",0,"8","","8","",""
"251160140","RUDNA","2012","11","11",1.5,"","W",0,"9",0,"8","","8","",""
"251160140","RUDNA","2012","11","28",14.1,"","W",0,"9",0,"8","","8","",""
"251160140","RUDNA","2012","11","29",3.7,"","W",0,"9",0,"8","","8","",""
"251160140","RUDNA","2012","11","30",2.7,"","W",0,"9",0,"8","","8","",""
"251160160","ØMIGR”D","2012","11","01",4.5,"","W",0,"9",0,"8","","8","",""
"251160160","ØMIGR”D","2012","11","02",.4,"","W",0,"9",0,"8","","8","",""
"251160160","ØMIGR”D","2012","11","03",2.5,"","W",0,"9",0,"8","","8","",""
"251160160","ØMIGR”D","2012","11","04",7.6,"","W",0,"9",0,"8","","8","",""
"251160160","ØMIGR”D","2012","11","06",1.4,"","W",0,"9",0,"8","","8","",""
"251160160","ØMIGR”D","2012","11","27",3.3,"","W",0,"9",0,"8","","8","",""
"251160160","ØMIGR”D","2012","11","28",5.3,"","W",0,"9",0,"8","","8","",""
"251160160","ØMIGR”D","2012","11","29",4.0,"","W",0,"9",0,"8","","8","",""
"251160180","åCINAWA","2012","11","01",3.6,"","W",0,"9",0,"8","","8","",""
"251160180","åCINAWA","2012","11","03",4.4,"","W",0,"9",0,"8","","8","",""
"251160180","åCINAWA","2012","11","04",6.9,"","W",0,"9",0,"8","","8","",""
"251160180","åCINAWA","2012","11","06",.4,"","W",0,"9",0,"8","","8","",""
"251160180","åCINAWA","2012","11","07",.3,"","W",0,"9",0,"8","","8","",""
"251160180","åCINAWA","2012","11","08",.1,"","W",0,"9",0,"8","","8","",""
"251160180","åCINAWA","2012","11","11",.0,"","W",0,"9",0,"8","","8","",""
"251160180","åCINAWA","2012","11","12",.1,"","W",0,"9",0,"8","","8","",""
"251160180","åCINAWA","2012","11","23",.2,"","W",0,"9",0,"8","","8","",""
"251160180","åCINAWA","2012","11","27",.0,"","W",0,"9",0,"8","","8","",""
"251160180","åCINAWA","2012","11","28",9.2,"","W",0,"9",0,"8","","8","",""
"251160180","åCINAWA","2012","11","29",2.0,"","W",0,"9",0,"8","","8","",""
"251160180","åCINAWA","2012","11","30",1.9,"","W",0,"9",0,"8","","8","",""
"251160190","LUBIN","2012","11","01",2.5,"","W",0,"9",0,"8","","8","",""
"251160190","LUBIN","2012","11","03",6.7,"","W",0,"9",0,"8","","8","",""
"251160190","LUBIN","2012","11","04",7.6,"","W",0,"9",0,"8","","8","",""
"251160190","LUBIN","2012","11","08",1.1,"","W",0,"9",0,"8","","8","",""
"251160190","LUBIN","2012","11","11",1.0,"","W",0,"9",0,"8","","8","",""
"251160190","LUBIN","2012","11","12",1.2,"","W",0,"9",0,"8","","8","",""
"251160190","LUBIN","2012","11","28",10.9,"","W",0,"9",0,"8","","8","",""
"251160190","LUBIN","2012","11","29",4.7,"","W",0,"9",0,"8","","8","",""
"251160190","LUBIN","2012","11","30",2.0,"","S",0,"9",0,"8","","8","",""
"251160210","STRUPINA","2012","11","01",5.9,"","W",0,"9",0,"8","","8","",""
"251160210","STRUPINA","2012","11","03",2.5,"","W",0,"9",0,"8","","8","",""
"251160210","STRUPINA","2012","11","04",7.9,"","W",0,"9",0,"8","","8","",""
"251160210","STRUPINA","2012","11","06",1.8,"","W",0,"9",0,"8","","8","",""
"251160210","STRUPINA","2012","11","27",2.0,"","W",0,"9",0,"8","","8","",""
"251160210","STRUPINA","2012","11","28",4.0,"","W",0,"9",0,"8","","8","",""
"251160210","STRUPINA","2012","11","29",3.2,"","W",0,"9",0,"8","","8","",""
"251160220","OBORNIKI åL•SKIE","2012","11","01",6.9,"","W",0,"9",0,"8","","8","",""
"251160220","OBORNIKI åL•SKIE","2012","11","02",.9,"","W",0,"9",0,"8","","8","",""
"251160220","OBORNIKI åL•SKIE","2012","11","03",1.1,"","W",0,"9",0,"8","","8","",""
"251160220","OBORNIKI åL•SKIE","2012","11","04",9.1,"","W",0,"9",0,"8","","8","",""
"251160220","OBORNIKI åL•SKIE","2012","11","05",.1,"","W",0,"9",0,"8","","8","",""
"251160220","OBORNIKI åL•SKIE","2012","11","06",1.0,"","W",0,"9",0,"8","","8","",""
"251160220","OBORNIKI åL•SKIE","2012","11","07",1.2,"","W",0,"9",0,"8","","8","",""
"251160220","OBORNIKI åL•SKIE","2012","11","08",.2,"","W",0,"9",0,"8","","8","",""
"251160220","OBORNIKI åL•SKIE","2012","11","11",.3,"","W",0,"9",0,"8","","8","",""
"251160220","OBORNIKI åL•SKIE","2012","11","26",.0,"","W",0,"9",0,"8","","8","",""
"251160220","OBORNIKI åL•SKIE","2012","11","27",2.0,"","W",0,"9",0,"8","","8","",""
"251160220","OBORNIKI åL•SKIE","2012","11","28",2.8,"","W",0,"9",0,"8","","8","",""
"251160220","OBORNIKI åL•SKIE","2012","11","29",3.0,"","W",0,"9",0,"8","","8","",""
"251160220","OBORNIKI åL•SKIE","2012","11","30",1.3,"","W",0,"9",0,"8","","8","",""
"251160230","BRZEG DOLNY","2012","11","01",3.0,"","W",0,"9",0,"8","","8","",""
"251160230","BRZEG DOLNY","2012","11","02",1.1,"","W",0,"9",0,"8","","8","",""
"251160230","BRZEG DOLNY","2012","11","03",1.0,"","W",0,"9",0,"8","","8","",""
"251160230","BRZEG DOLNY","2012","11","04",8.7,"","W",0,"9",0,"8","","8","",""
"251160230","BRZEG DOLNY","2012","11","05",.5,"","W",0,"9",0,"8","","8","",""
"251160230","BRZEG DOLNY","2012","11","06",.3,"","W",0,"9",0,"8","","8","",""
"251160230","BRZEG DOLNY","2012","11","07",1.1,"","W",0,"9",0,"8","","8","",""
"251160230","BRZEG DOLNY","2012","11","08",.0,"","W",0,"9",0,"8","","8","",""
"251160230","BRZEG DOLNY","2012","11","11",.3,"","W",0,"9",0,"8","","8","",""
"251160230","BRZEG DOLNY","2012","11","26",.4,"","W",0,"9",0,"8","","8","",""
"251160230","BRZEG DOLNY","2012","11","27",.8,"","W",0,"9",0,"8","","8","",""
"251160230","BRZEG DOLNY","2012","11","28",3.4,"","W",0,"9",0,"8","","8","",""
"251160230","BRZEG DOLNY","2012","11","29",1.8,"","W",0,"9",0,"8","","8","",""
"251160230","BRZEG DOLNY","2012","11","30",1.9,"","S",0,"9",0,"8","","8","",""
"251160250","TACZALIN","2012","11","01",2.1,"","W",0,"9",0,"8","","8","",""
"251160250","TACZALIN","2012","11","03",.6,"","W",0,"9",0,"8","","8","",""
"251160250","TACZALIN","2012","11","04",9.7,"","W",0,"9",0,"8","","8","",""
"251160250","TACZALIN","2012","11","07",.7,"","W",0,"9",0,"8","","8","",""
"251160250","TACZALIN","2012","11","08",.3,"","W",0,"9",0,"8","","8","",""
"251160250","TACZALIN","2012","11","11",.9,"","W",0,"9",0,"8","","8","",""
"251160250","TACZALIN","2012","11","12",.9,"","W",0,"9",0,"8","","8","",""
"251160250","TACZALIN","2012","11","18",.8,"","W",0,"9",0,"8","","8","",""
"251160250","TACZALIN","2012","11","19",.2,"","W",0,"9",0,"8","","8","",""
"251160250","TACZALIN","2012","11","26",.1,"","W",0,"9",0,"8","","8","",""
"251160250","TACZALIN","2012","11","27",.4,"","W",0,"9",0,"8","","8","",""
"251160250","TACZALIN","2012","11","28",10.1,"","W",0,"9",0,"8","","8","",""
"251160250","TACZALIN","2012","11","29",.4,"","W",0,"9",0,"8","","8","",""
"251160250","TACZALIN","2012","11","30",3.9,"","S",0,"9",0,"8","","8","",""
"251160260","WROC£AW-STAB£OWICE","2012","11","01",7.1,"","W",0,"9",0,"8","","8","",""
"251160260","WROC£AW-STAB£OWICE","2012","11","02",1.2,"","W",0,"9",0,"8","","8","",""
"251160260","WROC£AW-STAB£OWICE","2012","11","03",.4,"","W",0,"9",0,"8","","8","",""
"251160260","WROC£AW-STAB£OWICE","2012","11","04",9.4,"","W",0,"9",0,"8","","8","",""
"251160260","WROC£AW-STAB£OWICE","2012","11","05",1.0,"","W",0,"9",0,"8","","8","",""
"251160260","WROC£AW-STAB£OWICE","2012","11","06",.4,"","W",0,"9",0,"8","","8","",""
"251160260","WROC£AW-STAB£OWICE","2012","11","07",1.3,"","W",0,"9",0,"8","","8","",""
"251160260","WROC£AW-STAB£OWICE","2012","11","11",.5,"","W",0,"9",0,"8","","8","",""
"251160260","WROC£AW-STAB£OWICE","2012","11","27",.2,"","W",0,"9",0,"8","","8","",""
"251160260","WROC£AW-STAB£OWICE","2012","11","28",.6,"","W",0,"9",0,"8","","8","",""
"251160260","WROC£AW-STAB£OWICE","2012","11","29",2.4,"","W",0,"9",0,"8","","8","",""
"251160260","WROC£AW-STAB£OWICE","2012","11","30",3.0,"","W",0,"9",0,"8","","8","",""
"251160270","BUDZISZ”W WIELKI","2012","11","01",3.5,"","W",0,"9",0,"8","","8","",""
"251160270","BUDZISZ”W WIELKI","2012","11","03",.4,"","W",0,"9",0,"8","","8","",""
"251160270","BUDZISZ”W WIELKI","2012","11","04",9.4,"","W",0,"9",0,"8","","8","",""
"251160270","BUDZISZ”W WIELKI","2012","11","05",.2,"","W",0,"9",0,"8","","8","",""
"251160270","BUDZISZ”W WIELKI","2012","11","06",.1,"","W",0,"9",0,"8","","8","",""
"251160270","BUDZISZ”W WIELKI","2012","11","07",2.1,"","W",0,"9",0,"8","","8","",""
"251160270","BUDZISZ”W WIELKI","2012","11","08",.1,"","W",0,"9",0,"8","","8","",""
"251160270","BUDZISZ”W WIELKI","2012","11","09",.0,"","W",0,"9",0,"8","","8","",""
"251160270","BUDZISZ”W WIELKI","2012","11","11",.4,"","W",0,"9",0,"8","","8","",""
"251160270","BUDZISZ”W WIELKI","2012","11","18",.5,"","W",0,"9",0,"8","","8","",""
"251160270","BUDZISZ”W WIELKI","2012","11","25",.1,"","W",0,"9",0,"8","","8","",""
"251160270","BUDZISZ”W WIELKI","2012","11","26",.0,"","W",0,"9",0,"8","","8","",""
"251160270","BUDZISZ”W WIELKI","2012","11","27",.3,"","W",0,"9",0,"8","","8","",""
"251160270","BUDZISZ”W WIELKI","2012","11","28",7.3,"","W",0,"9",0,"8","","8","",""
"251160270","BUDZISZ”W WIELKI","2012","11","29",3.0,"","W",0,"9",0,"8","","8","",""
"251160270","BUDZISZ”W WIELKI","2012","11","30",3.8,"","S",0,"9",0,"8","","8","",""
"251160280","STANIS£AW”W","2012","11","01",.1,"","W",0,"9",0,"8","","8","",""
"251160280","STANIS£AW”W","2012","11","03",1.1,"","W",0,"9",0,"8","","8","",""
"251160280","STANIS£AW”W","2012","11","04",8.9,"","W",0,"9",0,"8","","8","",""
"251160280","STANIS£AW”W","2012","11","06",.8,"","W",0,"9",0,"8","","8","",""
"251160280","STANIS£AW”W","2012","11","07",2.2,"","W",0,"9",0,"8","","8","",""
"251160280","STANIS£AW”W","2012","11","08",1.0,"","W",0,"9",0,"8","","8","",""
"251160280","STANIS£AW”W","2012","11","11",.9,"","W",0,"9",0,"8","","8","",""
"251160280","STANIS£AW”W","2012","11","12",.1,"","W",0,"9",0,"8","","8","",""
"251160280","STANIS£AW”W","2012","11","27",.0,"","W",0,"9",0,"8","","8","",""
"251160280","STANIS£AW”W","2012","11","28",13.3,"","W",0,"9",0,"8","","8","",""
"251160280","STANIS£AW”W","2012","11","29",9.5,"","S",0,"9",0,"8","","8","",""
"251160280","STANIS£AW”W","2012","11","30",7.8,"","S",2,"",0,"8","","8","*",""
"251160290","JAWOR","2012","11","01",.3,"","W",0,"9",0,"8","","8","",""
"251160290","JAWOR","2012","11","03",.4,"","W",0,"9",0,"8","","8","",""
"251160290","JAWOR","2012","11","04",8.2,"","W",0,"9",0,"8","","8","",""
"251160290","JAWOR","2012","11","05",.3,"","W",0,"9",0,"8","","8","",""
"251160290","JAWOR","2012","11","06",.1,"","W",0,"9",0,"8","","8","",""
"251160290","JAWOR","2012","11","07",.3,"","W",0,"9",0,"8","","8","",""
"251160290","JAWOR","2012","11","08",.2,"","W",0,"9",0,"8","","8","",""
"251160290","JAWOR","2012","11","11",.4,"","W",0,"9",0,"8","","8","",""
"251160290","JAWOR","2012","11","18",.2,"","W",0,"9",0,"8","","8","",""
"251160290","JAWOR","2012","11","27",.2,"","W",0,"9",0,"8","","8","",""
"251160290","JAWOR","2012","11","28",9.2,"","W",0,"9",0,"8","","8","",""
"251160290","JAWOR","2012","11","29",3.4,"","W",0,"9",0,"8","","8","",""
"251160290","JAWOR","2012","11","30",2.5,"","S",2,"",0,"8","","8","*",""
"251160310","K•TY WROC£AWSKIE","2012","11","01",4.9,"","W",0,"9",0,"8","","8","",""
"251160310","K•TY WROC£AWSKIE","2012","11","02",.1,"","W",0,"9",0,"8","","8","",""
"251160310","K•TY WROC£AWSKIE","2012","11","04",8.7,"","W",0,"9",0,"8","","8","",""
"251160310","K•TY WROC£AWSKIE","2012","11","05",.2,"","W",0,"9",0,"8","","8","",""
"251160310","K•TY WROC£AWSKIE","2012","11","06",.8,"","W",0,"9",0,"8","","8","",""
"251160310","K•TY WROC£AWSKIE","2012","11","07",1.0,"","W",0,"9",0,"8","","8","",""
"251160310","K•TY WROC£AWSKIE","2012","11","08",.3,"","W",0,"9",0,"8","","8","",""
"251160310","K•TY WROC£AWSKIE","2012","11","18",.2,"","W",0,"9",0,"8","","8","",""
"251160310","K•TY WROC£AWSKIE","2012","11","20",.2,"","W",0,"9",0,"8","","8","",""
"251160310","K•TY WROC£AWSKIE","2012","11","27",.4,"","W",0,"9",0,"8","","8","",""
"251160310","K•TY WROC£AWSKIE","2012","11","28",3.7,"","W",0,"9",0,"8","","8","",""
"251160310","K•TY WROC£AWSKIE","2012","11","29",2.5,"","S",0,"9",0,"8","","8","",""
"251160310","K•TY WROC£AWSKIE","2012","11","30",3.9,"","S",0,"9",0,"8","","8","",""
"251170010","DOLSK","2012","11","01",5.1,"","W",0,"9",0,"8","","8","",""
"251170010","DOLSK","2012","11","02",1.0,"","W",0,"9",0,"8","","8","",""
"251170010","DOLSK","2012","11","03",4.7,"","W",0,"9",0,"8","","8","",""
"251170010","DOLSK","2012","11","04",5.7,"","W",0,"9",0,"8","","8","",""
"251170010","DOLSK","2012","11","05",.0,"","W",0,"9",0,"8","","8","",""
"251170010","DOLSK","2012","11","06",.5,"","W",0,"9",0,"8","","8","",""
"251170010","DOLSK","2012","11","07",1.2,"","W",0,"9",0,"8","","8","",""
"251170010","DOLSK","2012","11","08",.3,"","W",0,"9",0,"8","","8","",""
"251170010","DOLSK","2012","11","11",3.2,"","W",0,"9",0,"8","","8","",""
"251170010","DOLSK","2012","11","13",.1,"","W",0,"9",0,"8","","8","",""
"251170010","DOLSK","2012","11","18",.6,"","W",0,"9",0,"8","","8","",""
"251170010","DOLSK","2012","11","24",.3,"","W",0,"9",0,"8","","8","",""
"251170010","DOLSK","2012","11","26",.2,"","W",0,"9",0,"8","","8","",""
"251170010","DOLSK","2012","11","27",.9,"","W",0,"9",0,"8","","8","",""
"251170010","DOLSK","2012","11","28",8.1,"","W",0,"9",0,"8","","8","",""
"251170010","DOLSK","2012","11","29",7.5,"","W",0,"9",0,"8","","8","",""
"251170010","DOLSK","2012","11","30",.1,"","W",0,"9",0,"8","","8","",""
"251170020","CHOCZ","2012","11","01",4.0,"","W",0,"9",0,"8","","8","",""
"251170020","CHOCZ","2012","11","02",.1,"","W",0,"9",0,"8","","8","",""
"251170020","CHOCZ","2012","11","03",3.9,"","W",0,"9",0,"8","","8","",""
"251170020","CHOCZ","2012","11","04",7.0,"","W",0,"9",0,"8","","8","",""
"251170020","CHOCZ","2012","11","06",1.1,"","W",0,"9",0,"8","","8","",""
"251170020","CHOCZ","2012","11","07",1.6,"","W",0,"9",0,"8","","8","",""
"251170020","CHOCZ","2012","11","08",.3,"","W",0,"9",0,"8","","8","",""
"251170020","CHOCZ","2012","11","09",.5,"","W",0,"9",0,"8","","8","",""
"251170020","CHOCZ","2012","11","11",.2,"","W",0,"9",0,"8","","8","",""
"251170020","CHOCZ","2012","11","24",.7,"","W",0,"9",0,"8","","8","",""
"251170020","CHOCZ","2012","11","27",4.7,"","W",0,"9",0,"8","","8","",""
"251170020","CHOCZ","2012","11","28",4.2,"","W",0,"9",0,"8","","8","",""
"251170020","CHOCZ","2012","11","29",5.9,"","W",0,"9",0,"8","","8","",""
"251170040","SZELEJEWO","2012","11","01",4.6,"","W",0,"9",0,"8","","8","",""
"251170040","SZELEJEWO","2012","11","03",5.8,"","W",0,"9",0,"8","","8","",""
"251170040","SZELEJEWO","2012","11","04",2.0,"","W",0,"9",0,"8","","8","",""
"251170040","SZELEJEWO","2012","11","05",4.6,"","W",0,"9",0,"8","","8","",""
"251170040","SZELEJEWO","2012","11","06",1.8,"","W",0,"9",0,"8","","8","",""
"251170040","SZELEJEWO","2012","11","07",1.2,"","W",0,"9",0,"8","","8","",""
"251170040","SZELEJEWO","2012","11","08",.2,"","W",0,"9",0,"8","","8","",""
"251170040","SZELEJEWO","2012","11","11",1.0,"","W",0,"9",0,"8","","8","",""
"251170040","SZELEJEWO","2012","11","13",.2,"","W",0,"9",0,"8","","8","",""
"251170040","SZELEJEWO","2012","11","14",.2,"","W",0,"9",0,"8","","8","",""
"251170040","SZELEJEWO","2012","11","16",.2,"","W",0,"9",0,"8","","8","",""
"251170040","SZELEJEWO","2012","11","17",.2,"","W",0,"9",0,"8","","8","",""
"251170040","SZELEJEWO","2012","11","18",.2,"","W",0,"9",0,"8","","8","",""
"251170040","SZELEJEWO","2012","11","21",.2,"","W",0,"9",0,"8","","8","",""
"251170040","SZELEJEWO","2012","11","22",.2,"","W",0,"9",0,"8","","8","",""
"251170040","SZELEJEWO","2012","11","23",.3,"","W",0,"9",0,"8","","8","",""
"251170040","SZELEJEWO","2012","11","24",.2,"","W",0,"9",0,"8","","8","",""
"251170040","SZELEJEWO","2012","11","27",1.0,"","W",0,"9",0,"8","","8","",""
"251170040","SZELEJEWO","2012","11","28",8.0,"","W",0,"9",0,"8","","8","",""
"251170040","SZELEJEWO","2012","11","29",10.6,"","W",0,"9",0,"8","","8","",""
"251170050","KOèMIN WIELKOPOLSKI","2012","11","01",8.6,"","W",0,"9",0,"8","","8","",""
"251170050","KOèMIN WIELKOPOLSKI","2012","11","03",.7,"","W",0,"9",0,"8","","8","",""
"251170050","KOèMIN WIELKOPOLSKI","2012","11","04",10.2,"","W",0,"9",0,"8","","8","",""
"251170050","KOèMIN WIELKOPOLSKI","2012","11","06",1.6,"","W",0,"9",0,"8","","8","",""
"251170050","KOèMIN WIELKOPOLSKI","2012","11","07",1.1,"","W",0,"9",0,"8","","8","",""
"251170050","KOèMIN WIELKOPOLSKI","2012","11","19",.0,"","W",0,"9",0,"8","","8","",""
"251170050","KOèMIN WIELKOPOLSKI","2012","11","26",.2,"","W",0,"9",0,"8","","8","",""
"251170050","KOèMIN WIELKOPOLSKI","2012","11","27",3.8,"","W",0,"9",0,"8","","8","",""
"251170050","KOèMIN WIELKOPOLSKI","2012","11","28",5.2,"","S",0,"9",0,"8","","8","",""
"251170050","KOèMIN WIELKOPOLSKI","2012","11","29",5.0,"","W",0,"9",0,"8","","8","",""
"251170060","TRZEBOWA","2012","11","01",1.7,"","W",0,"9",0,"8","","8","",""
"251170060","TRZEBOWA","2012","11","02",1.3,"","W",0,"9",0,"8","","8","",""
"251170060","TRZEBOWA","2012","11","03",2.7,"","W",0,"9",0,"8","","8","",""
"251170060","TRZEBOWA","2012","11","04",6.4,"","W",0,"9",0,"8","","8","",""
"251170060","TRZEBOWA","2012","11","05",1.1,"","W",0,"9",0,"8","","8","",""
"251170060","TRZEBOWA","2012","11","06",1.2,"","W",0,"9",0,"8","","8","",""
"251170060","TRZEBOWA","2012","11","07",.2,"","W",0,"9",0,"8","","8","",""
"251170060","TRZEBOWA","2012","11","11",.2,"","W",0,"9",0,"8","","8","",""
"251170060","TRZEBOWA","2012","11","24",2.7,"","W",0,"9",0,"8","","8","",""
"251170060","TRZEBOWA","2012","11","27",3.4,"","W",0,"9",0,"8","","8","",""
"251170060","TRZEBOWA","2012","11","28",6.6,"","W",0,"9",0,"8","","8","",""
"251170060","TRZEBOWA","2012","11","29",5.7,"","W",0,"9",0,"8","","8","",""
"251170060","TRZEBOWA","2012","11","30",.0,"","S",0,"9",0,"8","","8","",""
"251170070","SKA£”W","2012","11","01",4.1,"","W",0,"9",0,"8","","8","",""
"251170070","SKA£”W","2012","11","03",4.5,"","W",0,"9",0,"8","","8","",""
"251170070","SKA£”W","2012","11","04",6.5,"","W",0,"9",0,"8","","8","",""
"251170070","SKA£”W","2012","11","06",2.2,"","W",0,"9",0,"8","","8","",""
"251170070","SKA£”W","2012","11","07",1.8,"","W",0,"9",0,"8","","8","",""
"251170070","SKA£”W","2012","11","25",.2,"","W",0,"9",0,"8","","8","",""
"251170070","SKA£”W","2012","11","26",.5,"","W",0,"9",0,"8","","8","",""
"251170070","SKA£”W","2012","11","27",2.5,"","W",0,"9",0,"8","","8","",""
"251170070","SKA£”W","2012","11","28",5.1,"","W",0,"9",0,"8","","8","",""
"251170070","SKA£”W","2012","11","29",4.0,"","W",0,"9",0,"8","","8","",""
"251170080","SOB”TKA","2012","11","01",4.0,"","W",0,"9",0,"8","","8","",""
"251170080","SOB”TKA","2012","11","02",.5,"","W",0,"9",0,"8","","8","",""
"251170080","SOB”TKA","2012","11","03",1.7,"","W",0,"9",0,"8","","8","",""
"251170080","SOB”TKA","2012","11","04",6.5,"","W",0,"9",0,"8","","8","",""
"251170080","SOB”TKA","2012","11","05",.5,"","W",0,"9",0,"8","","8","",""
"251170080","SOB”TKA","2012","11","06",1.7,"","W",0,"9",0,"8","","8","",""
"251170080","SOB”TKA","2012","11","07",.7,"","W",0,"9",0,"8","","8","",""
"251170080","SOB”TKA","2012","11","11",.3,"","W",0,"9",0,"8","","8","",""
"251170080","SOB”TKA","2012","11","18",.5,"","W",0,"9",0,"8","","8","",""
"251170080","SOB”TKA","2012","11","24",.3,"","W",0,"9",0,"8","","8","",""
"251170080","SOB”TKA","2012","11","27",4.0,"","W",0,"9",0,"8","","8","",""
"251170080","SOB”TKA","2012","11","28",5.1,"","W",0,"9",0,"8","","8","",""
"251170080","SOB”TKA","2012","11","29",4.3,"","W",0,"9",0,"8","","8","",""
"251170110","KROTOSZYN","2012","11","01",3.0,"","W",0,"9",0,"8","","8","",""
"251170110","KROTOSZYN","2012","11","03",2.1,"","W",0,"9",0,"8","","8","",""
"251170110","KROTOSZYN","2012","11","04",6.9,"","W",0,"9",0,"8","","8","",""
"251170110","KROTOSZYN","2012","11","05",.2,"","W",0,"9",0,"8","","8","",""
"251170110","KROTOSZYN","2012","11","06",.7,"","W",0,"9",0,"8","","8","",""
"251170110","KROTOSZYN","2012","11","07",1.6,"","W",0,"9",0,"8","","8","",""
"251170110","KROTOSZYN","2012","11","11",.2,"","W",0,"9",0,"8","","8","",""
"251170110","KROTOSZYN","2012","11","24",.5,"","W",0,"9",0,"8","","8","",""
"251170110","KROTOSZYN","2012","11","27",3.0,"","W",0,"9",0,"8","","8","",""
"251170110","KROTOSZYN","2012","11","28",2.8,"","W",0,"9",0,"8","","8","",""
"251170110","KROTOSZYN","2012","11","29",7.5,"","W",0,"9",0,"8","","8","",""
"251170110","KROTOSZYN","2012","11","30",.2,"","W",0,"9",0,"8","","8","",""
"251170120","OSTR”W WIELKOPOLSKI","2012","11","01",1.7,"","W",0,"9",0,"8","","8","",""
"251170120","OSTR”W WIELKOPOLSKI","2012","11","03",1.9,"","W",0,"9",0,"8","","8","",""
"251170120","OSTR”W WIELKOPOLSKI","2012","11","04",6.0,"","W",0,"9",0,"8","","8","",""
"251170120","OSTR”W WIELKOPOLSKI","2012","11","05",2.8,"","W",0,"9",0,"8","","8","",""
"251170120","OSTR”W WIELKOPOLSKI","2012","11","06",1.0,"","W",0,"9",0,"8","","8","",""
"251170120","OSTR”W WIELKOPOLSKI","2012","11","07",.8,"","W",0,"9",0,"8","","8","",""
"251170120","OSTR”W WIELKOPOLSKI","2012","11","11",.1,"","W",0,"9",0,"8","","8","",""
"251170120","OSTR”W WIELKOPOLSKI","2012","11","12",.1,"","W",0,"9",0,"8","","8","",""
"251170120","OSTR”W WIELKOPOLSKI","2012","11","14",.1,"","W",0,"9",0,"8","","8","",""
"251170120","OSTR”W WIELKOPOLSKI","2012","11","15",.1,"","W",0,"9",0,"8","","8","",""
"251170120","OSTR”W WIELKOPOLSKI","2012","11","23",.1,"","W",0,"9",0,"8","","8","",""
"251170120","OSTR”W WIELKOPOLSKI","2012","11","27",3.2,"","W",0,"9",0,"8","","8","",""
"251170120","OSTR”W WIELKOPOLSKI","2012","11","28",2.0,"","W",0,"9",0,"8","","8","",""
"251170120","OSTR”W WIELKOPOLSKI","2012","11","29",5.2,"","W",0,"9",0,"8","","8","",""
"251170120","OSTR”W WIELKOPOLSKI","2012","11","30",.2,"","W",0,"9",0,"8","","8","",""
"251170130","ODOLAN”W","2012","11","01",2.3,"","W",0,"9",0,"8","","8","",""
"251170130","ODOLAN”W","2012","11","03",2.6,"","W",0,"9",0,"8","","8","",""
"251170130","ODOLAN”W","2012","11","04",8.7,"","W",0,"9",0,"8","","8","",""
"251170130","ODOLAN”W","2012","11","06",3.0,"","W",0,"9",0,"8","","8","",""
"251170130","ODOLAN”W","2012","11","07",.4,"","W",0,"9",0,"8","","8","",""
"251170130","ODOLAN”W","2012","11","11",.1,"","W",0,"9",0,"8","","8","",""
"251170130","ODOLAN”W","2012","11","27",3.1,"","W",0,"9",0,"8","","8","",""
"251170130","ODOLAN”W","2012","11","28",1.7,"","W",0,"9",0,"8","","8","",""
"251170130","ODOLAN”W","2012","11","29",2.2,"","W",0,"9",0,"8","","8","",""
"251170130","ODOLAN”W","2012","11","30",1.4,"","W",0,"9",0,"8","","8","",""
"251170140","MILICZ","2012","11","01",2.5,"","W",0,"9",0,"8","","8","",""
"251170140","MILICZ","2012","11","02",.3,"","W",0,"9",0,"8","","8","",""
"251170140","MILICZ","2012","11","03",1.2,"","W",0,"9",0,"8","","8","",""
"251170140","MILICZ","2012","11","04",7.5,"","W",0,"9",0,"8","","8","",""
"251170140","MILICZ","2012","11","05",.7,"","W",0,"9",0,"8","","8","",""
"251170140","MILICZ","2012","11","06",1.1,"","W",0,"9",0,"8","","8","",""
"251170140","MILICZ","2012","11","07",1.2,"","W",0,"9",0,"8","","8","",""
"251170140","MILICZ","2012","11","27",2.8,"","W",0,"9",0,"8","","8","",""
"251170140","MILICZ","2012","11","28",2.7,"","W",0,"9",0,"8","","8","",""
"251170140","MILICZ","2012","11","29",7.3,"","W",0,"9",0,"8","","8","",""
"251170140","MILICZ","2012","11","30",1.0,"","W",0,"9",0,"8","","8","",""
"251170160","OSTRZESZ”W","2012","11","01",2.7,"","W",0,"9",0,"8","","8","",""
"251170160","OSTRZESZ”W","2012","11","02",.0,"","W",0,"9",0,"8","","8","",""
"251170160","OSTRZESZ”W","2012","11","03",.4,"","W",0,"9",0,"8","","8","",""
"251170160","OSTRZESZ”W","2012","11","04",8.9,"","W",0,"9",0,"8","","8","",""
"251170160","OSTRZESZ”W","2012","11","05",.4,"","W",0,"9",0,"8","","8","",""
"251170160","OSTRZESZ”W","2012","11","06",2.1,"","W",0,"9",0,"8","","8","",""
"251170160","OSTRZESZ”W","2012","11","07",.8,"","W",0,"9",0,"8","","8","",""
"251170160","OSTRZESZ”W","2012","11","11",.5,"","W",0,"9",0,"8","","8","",""
"251170160","OSTRZESZ”W","2012","11","23",.2,"","W",0,"9",0,"8","","8","",""
"251170160","OSTRZESZ”W","2012","11","24",.1,"","W",0,"9",0,"8","","8","",""
"251170160","OSTRZESZ”W","2012","11","27",1.1,"","W",0,"9",0,"8","","8","",""
"251170160","OSTRZESZ”W","2012","11","28",1.9,"","W",0,"9",0,"8","","8","",""
"251170160","OSTRZESZ”W","2012","11","29",6.0,"","S",0,"9",0,"8","","8","",""
"251170160","OSTRZESZ”W","2012","11","30",.6,"","S",0,"9",0,"8","","8","",""
"251170170","BRZEZIE","2012","11","01",3.4,"","W",0,"9",0,"8","","8","",""
"251170170","BRZEZIE","2012","11","02",.7,"","W",0,"9",0,"8","","8","",""
"251170170","BRZEZIE","2012","11","03",.8,"","W",0,"9",0,"8","","8","",""
"251170170","BRZEZIE","2012","11","04",9.2,"","W",0,"9",0,"8","","8","",""
"251170170","BRZEZIE","2012","11","06",1.9,"","W",0,"9",0,"8","","8","",""
"251170170","BRZEZIE","2012","11","07",.2,"","W",0,"9",0,"8","","8","",""
"251170170","BRZEZIE","2012","11","27",3.5,"","W",0,"9",0,"8","","8","",""
"251170170","BRZEZIE","2012","11","28",4.0,"","W",0,"9",0,"8","","8","",""
"251170170","BRZEZIE","2012","11","29",4.3,"","W",0,"9",0,"8","","8","",""
"251170170","BRZEZIE","2012","11","30",.6,"","W",0,"9",0,"8","","8","",""
"251170180","MI DZYB”RZ","2012","11","01",2.0,"","W",0,"9",0,"8","","8","",""
"251170180","MI DZYB”RZ","2012","11","02",.6,"","W",0,"9",0,"8","","8","",""
"251170180","MI DZYB”RZ","2012","11","03",.3,"","W",0,"9",0,"8","","8","",""
"251170180","MI DZYB”RZ","2012","11","04",11.0,"","W",0,"9",0,"8","","8","",""
"251170180","MI DZYB”RZ","2012","11","05",.9,"","W",0,"9",0,"8","","8","",""
"251170180","MI DZYB”RZ","2012","11","06",4.1,"","W",0,"9",0,"8","","8","",""
"251170180","MI DZYB”RZ","2012","11","07",1.0,"","W",0,"9",0,"8","","8","",""
"251170180","MI DZYB”RZ","2012","11","08",.2,"","W",0,"9",0,"8","","8","",""
"251170180","MI DZYB”RZ","2012","11","09",.0,"","W",0,"9",0,"8","","8","",""
"251170180","MI DZYB”RZ","2012","11","11",1.3,"","W",0,"9",0,"8","","8","",""
"251170180","MI DZYB”RZ","2012","11","12",.1,"","W",0,"9",0,"8","","8","",""
"251170180","MI DZYB”RZ","2012","11","13",.2,"","W",0,"9",0,"8","","8","",""
"251170180","MI DZYB”RZ","2012","11","14",.2,"","W",0,"9",0,"8","","8","",""
"251170180","MI DZYB”RZ","2012","11","15",.1,"","W",0,"9",0,"8","","8","",""
"251170180","MI DZYB”RZ","2012","11","20",.1,"","W",0,"9",0,"8","","8","",""
"251170180","MI DZYB”RZ","2012","11","21",.1,"","W",0,"9",0,"8","","8","",""
"251170180","MI DZYB”RZ","2012","11","23",.6,"","W",0,"9",0,"8","","8","",""
"251170180","MI DZYB”RZ","2012","11","27",3.9,"","W",0,"9",0,"8","","8","",""
"251170180","MI DZYB”RZ","2012","11","28",3.4,"","W",0,"9",0,"8","","8","",""
"251170180","MI DZYB”RZ","2012","11","29",6.3,"","W",0,"9",0,"8","","8","",""
"251170180","MI DZYB”RZ","2012","11","30",1.3,"","W",0,"9",0,"8","","8","",""
"251170190","CHE£ST”W","2012","11","01",3.1,"","W",0,"9",0,"8","","8","",""
"251170190","CHE£ST”W","2012","11","03",.3,"","W",0,"9",0,"8","","8","",""
"251170190","CHE£ST”W","2012","11","04",9.5,"","W",0,"9",0,"8","","8","",""
"251170190","CHE£ST”W","2012","11","05",2.5,"","W",0,"9",0,"8","","8","",""
"251170190","CHE£ST”W","2012","11","06",2.3,"","W",0,"9",0,"8","","8","",""
"251170190","CHE£ST”W","2012","11","07",2.7,"","W",0,"9",0,"8","","8","",""
"251170190","CHE£ST”W","2012","11","09",.1,"","W",0,"9",0,"8","","8","",""
"251170190","CHE£ST”W","2012","11","11",.3,"","W",0,"9",0,"8","","8","",""
"251170190","CHE£ST”W","2012","11","24",.0,"","W",0,"9",0,"8","","8","",""
"251170190","CHE£ST”W","2012","11","25",.0,"","W",0,"9",0,"8","","8","",""
"251170190","CHE£ST”W","2012","11","27",2.1,"","W",0,"9",0,"8","","8","",""
"251170190","CHE£ST”W","2012","11","28",2.2,"","W",0,"9",0,"8","","8","",""
"251170190","CHE£ST”W","2012","11","29",4.3,"","W",0,"9",0,"8","","8","",""
"251170190","CHE£ST”W","2012","11","30",2.9,"","S",0,"9",0,"8","","8","",""
"251170210","TRZEBNICA","2012","11","01",4.3,"","W",0,"9",0,"8","","8","",""
"251170210","TRZEBNICA","2012","11","02",1.0,"","W",0,"9",0,"8","","8","",""
"251170210","TRZEBNICA","2012","11","03",.8,"","W",0,"9",0,"8","","8","",""
"251170210","TRZEBNICA","2012","11","04",10.0,"","W",0,"9",0,"8","","8","",""
"251170210","TRZEBNICA","2012","11","05",.2,"","W",0,"9",0,"8","","8","",""
"251170210","TRZEBNICA","2012","11","06",.6,"","W",0,"9",0,"8","","8","",""
"251170210","TRZEBNICA","2012","11","07",.5,"","W",0,"9",0,"8","","8","",""
"251170210","TRZEBNICA","2012","11","08",.2,"","W",0,"9",0,"8","","8","",""
"251170210","TRZEBNICA","2012","11","12",.1,"","W",0,"9",0,"8","","8","",""
"251170210","TRZEBNICA","2012","11","26",.1,"","W",0,"9",0,"8","","8","",""
"251170210","TRZEBNICA","2012","11","27",2.1,"","W",0,"9",0,"8","","8","",""
"251170210","TRZEBNICA","2012","11","28",2.4,"","W",0,"9",0,"8","","8","",""
"251170210","TRZEBNICA","2012","11","29",2.7,"","W",0,"9",0,"8","","8","",""
"251170220","SYC”W","2012","11","01",2.3,"","W",0,"9",0,"8","","8","",""
"251170220","SYC”W","2012","11","03",.7,"","W",0,"9",0,"8","","8","",""
"251170220","SYC”W","2012","11","04",11.2,"","W",0,"9",0,"8","","8","",""
"251170220","SYC”W","2012","11","05",.6,"","W",0,"9",0,"8","","8","",""
"251170220","SYC”W","2012","11","06",3.6,"","W",0,"9",0,"8","","8","",""
"251170220","SYC”W","2012","11","07",.4,"","W",0,"9",0,"8","","8","",""
"251170220","SYC”W","2012","11","11",1.2,"","W",0,"9",0,"8","","8","",""
"251170220","SYC”W","2012","11","28",4.2,"","W",0,"9",0,"8","","8","",""
"251170220","SYC”W","2012","11","29",4.7,"","W",0,"9",0,"8","","8","",""
"251170220","SYC”W","2012","11","30",1.3,"","W",0,"9",0,"8","","8","",""
"251170230","£UCZYNA","2012","11","01",4.9,"","W",0,"9",0,"8","","8","",""
"251170230","£UCZYNA","2012","11","02",1.2,"","W",0,"9",0,"8","","8","",""
"251170230","£UCZYNA","2012","11","03",.9,"","W",0,"9",0,"8","","8","",""
"251170230","£UCZYNA","2012","11","04",10.2,"","W",0,"9",0,"8","","8","",""
"251170230","£UCZYNA","2012","11","05",.4,"","W",0,"9",0,"8","","8","",""
"251170230","£UCZYNA","2012","11","06",1.4,"","W",0,"9",0,"8","","8","",""
"251170230","£UCZYNA","2012","11","07",1.8,"","W",0,"9",0,"8","","8","",""
"251170230","£UCZYNA","2012","11","27",.9,"","W",0,"9",0,"8","","8","",""
"251170230","£UCZYNA","2012","11","28",2.4,"","W",0,"9",0,"8","","8","",""
"251170230","£UCZYNA","2012","11","29",3.4,"","W",0,"9",0,"8","","8","",""
"251170230","£UCZYNA","2012","11","30",3.2,"","W",0,"9",0,"8","","8","",""
"251170240","LIGOTA PI KNA","2012","11","01",5.1,"","W",0,"9",0,"8","","8","",""
"251170240","LIGOTA PI KNA","2012","11","02",1.8,"","W",0,"9",0,"8","","8","",""
"251170240","LIGOTA PI KNA","2012","11","03",.7,"","W",0,"9",0,"8","","8","",""
"251170240","LIGOTA PI KNA","2012","11","04",8.1,"","W",0,"9",0,"8","","8","",""
"251170240","LIGOTA PI KNA","2012","11","05",2.6,"","W",0,"9",0,"8","","8","",""
"251170240","LIGOTA PI KNA","2012","11","06",.5,"","W",0,"9",0,"8","","8","",""
"251170240","LIGOTA PI KNA","2012","11","07",.9,"","W",0,"9",0,"8","","8","",""
"251170240","LIGOTA PI KNA","2012","11","27",2.4,"","W",0,"9",0,"8","","8","",""
"251170240","LIGOTA PI KNA","2012","11","28",1.7,"","W",0,"9",0,"8","","8","",""
"251170240","LIGOTA PI KNA","2012","11","29",4.8,"","W",0,"9",0,"8","","8","",""
"251170240","LIGOTA PI KNA","2012","11","30",1.6,"","S",0,"9",0,"8","","8","",""
"251170250","SOKO£OWICE","2012","11","01",2.1,"","W",0,"9",0,"8","","8","",""
"251170250","SOKO£OWICE","2012","11","04",9.3,"","W",0,"9",0,"8","","8","",""
"251170250","SOKO£OWICE","2012","11","05",2.6,"","W",0,"9",0,"8","","8","",""
"251170250","SOKO£OWICE","2012","11","06",3.5,"","W",0,"9",0,"8","","8","",""
"251170250","SOKO£OWICE","2012","11","07",4.6,"","W",0,"9",0,"8","","8","",""
"251170250","SOKO£OWICE","2012","11","27",2.0,"","W",0,"9",0,"8","","8","",""
"251170250","SOKO£OWICE","2012","11","28",1.9,"","W",0,"9",0,"8","","8","",""
"251170250","SOKO£OWICE","2012","11","29",4.6,"","W",0,"9",0,"8","","8","",""
"251170250","SOKO£OWICE","2012","11","30",2.5,"","W",0,"9",0,"8","","8","",""
"251170260","RYCHTAL","2012","11","01",2.1,"","W",0,"9",0,"8","","8","",""
"251170260","RYCHTAL","2012","11","02",.5,"","W",0,"9",0,"8","","8","",""
"251170260","RYCHTAL","2012","11","04",14.2,"","W",0,"9",0,"8","","8","",""
"251170260","RYCHTAL","2012","11","05",3.2,"","W",0,"9",0,"8","","8","",""
"251170260","RYCHTAL","2012","11","06",1.1,"","W",0,"9",0,"8","","8","",""
"251170260","RYCHTAL","2012","11","07",1.9,"","W",0,"9",0,"8","","8","",""
"251170260","RYCHTAL","2012","11","11",.2,"","W",0,"9",0,"8","","8","",""
"251170260","RYCHTAL","2012","11","23",.5,"","W",0,"9",0,"8","","8","",""
"251170260","RYCHTAL","2012","11","27",1.1,"","W",0,"9",0,"8","","8","",""
"251170260","RYCHTAL","2012","11","28",.9,"","W",0,"9",0,"8","","8","",""
"251170260","RYCHTAL","2012","11","29",1.8,"","W",0,"9",0,"8","","8","",""
"251170260","RYCHTAL","2012","11","30",1.5,"","W",0,"9",0,"8","","8","",""
"251170270","BIERUT”W","2012","11","01",2.3,"","W",0,"9",0,"8","","8","",""
"251170270","BIERUT”W","2012","11","02",1.5,"","W",0,"9",0,"8","","8","",""
"251170270","BIERUT”W","2012","11","03",.1,"","W",0,"9",0,"8","","8","",""
"251170270","BIERUT”W","2012","11","04",10.5,"","W",0,"9",0,"8","","8","",""
"251170270","BIERUT”W","2012","11","05",1.9,"","W",0,"9",0,"8","","8","",""
"251170270","BIERUT”W","2012","11","06",1.6,"","W",0,"9",0,"8","","8","",""
"251170270","BIERUT”W","2012","11","07",2.3,"","W",0,"9",0,"8","","8","",""
"251170270","BIERUT”W","2012","11","08",1.2,"","W",0,"9",0,"8","","8","",""
"251170270","BIERUT”W","2012","11","09",.2,"","W",0,"9",0,"8","","8","",""
"251170270","BIERUT”W","2012","11","11",.2,"","W",0,"9",0,"8","","8","",""
"251170270","BIERUT”W","2012","11","22",.2,"","W",0,"9",0,"8","","8","",""
"251170270","BIERUT”W","2012","11","23",.1,"","W",0,"9",0,"8","","8","",""
"251170270","BIERUT”W","2012","11","27",1.3,"","W",0,"9",0,"8","","8","",""
"251170270","BIERUT”W","2012","11","28",2.2,"","W",0,"9",0,"8","","8","",""
"251170270","BIERUT”W","2012","11","29",2.9,"","W",0,"9",0,"8","","8","",""
"251170270","BIERUT”W","2012","11","30",1.4,"","W",0,"9",0,"8","","8","",""
"251170280","WROC£AW-OGR”D BOTANICZNY","2012","11","01",5.1,"","W",0,"9",0,"8","","8","",""
"251170280","WROC£AW-OGR”D BOTANICZNY","2012","11","02",2.1,"","W",0,"9",0,"8","","8","",""
"251170280","WROC£AW-OGR”D BOTANICZNY","2012","11","04",10.0,"","W",0,"9",0,"8","","8","",""
"251170280","WROC£AW-OGR”D BOTANICZNY","2012","11","05",.5,"","W",0,"9",0,"8","","8","",""
"251170280","WROC£AW-OGR”D BOTANICZNY","2012","11","06",1.9,"","W",0,"9",0,"8","","8","",""
"251170280","WROC£AW-OGR”D BOTANICZNY","2012","11","07",1.0,"","W",0,"9",0,"8","","8","",""
"251170280","WROC£AW-OGR”D BOTANICZNY","2012","11","08",.0,"","W",0,"9",0,"8","","8","",""
"251170280","WROC£AW-OGR”D BOTANICZNY","2012","11","18",.4,"","W",0,"9",0,"8","","8","",""
"251170280","WROC£AW-OGR”D BOTANICZNY","2012","11","20",.1,"","W",0,"9",0,"8","","8","",""
"251170280","WROC£AW-OGR”D BOTANICZNY","2012","11","27",1.1,"","W",0,"9",0,"8","","8","",""
"251170280","WROC£AW-OGR”D BOTANICZNY","2012","11","28",1.9,"","W",0,"9",0,"8","","8","",""
"251170280","WROC£AW-OGR”D BOTANICZNY","2012","11","29",2.5,"","W",0,"9",0,"8","","8","",""
"251170280","WROC£AW-OGR”D BOTANICZNY","2012","11","30",1.0,"","W",0,"9",0,"8","","8","",""
"251170310","W£OCHY","2012","11","01",1.2,"","W",0,"9",0,"8","","8","",""
"251170310","W£OCHY","2012","11","04",15.8,"","W",0,"9",0,"8","","8","",""
"251170310","W£OCHY","2012","11","05",1.7,"","W",0,"9",0,"8","","8","",""
"251170310","W£OCHY","2012","11","06",1.0,"","W",0,"9",0,"8","","8","",""
"251170310","W£OCHY","2012","11","07",.9,"","W",0,"9",0,"8","","8","",""
"251170310","W£OCHY","2012","11","08",.5,"","W",0,"9",0,"8","","8","",""
"251170310","W£OCHY","2012","11","11",.2,"","W",0,"9",0,"8","","8","",""
"251170310","W£OCHY","2012","11","20",.2,"","W",0,"9",0,"8","","8","",""
"251170310","W£OCHY","2012","11","22",.2,"","W",0,"9",0,"8","","8","",""
"251170310","W£OCHY","2012","11","23",.3,"","W",0,"9",0,"8","","8","",""
"251170310","W£OCHY","2012","11","26",.2,"","W",0,"9",0,"8","","8","",""
"251170310","W£OCHY","2012","11","27",.9,"","W",0,"9",0,"8","","8","",""
"251170310","W£OCHY","2012","11","28",1.0,"","W",0,"9",0,"8","","8","",""
"251170310","W£OCHY","2012","11","29",1.2,"","W",0,"9",0,"8","","8","",""
"251170310","W£OCHY","2012","11","30",1.3,"","W",0,"9",0,"8","","8","",""
"251180010","UNIEJ”W","2012","11","01",1.4,"","W",0,"9",0,"8","","8","",""
"251180010","UNIEJ”W","2012","11","03",3.2,"","W",0,"9",0,"8","","8","",""
"251180010","UNIEJ”W","2012","11","04",4.8,"","W",0,"9",0,"8","","8","",""
"251180010","UNIEJ”W","2012","11","05",1.2,"","W",0,"9",0,"8","","8","",""
"251180010","UNIEJ”W","2012","11","06",2.6,"","W",0,"9",0,"8","","8","",""
"251180010","UNIEJ”W","2012","11","07",1.4,"","W",0,"9",0,"8","","8","",""
"251180010","UNIEJ”W","2012","11","08",2.6,"","W",0,"9",0,"8","","8","",""
"251180010","UNIEJ”W","2012","11","11",.1,"","W",0,"9",0,"8","","8","",""
"251180010","UNIEJ”W","2012","11","28",2.6,"","W",0,"9",0,"8","","8","",""
"251180010","UNIEJ”W","2012","11","29",.8,"","W",0,"9",0,"8","","8","",""
"251180020","ZBIERSK","2012","11","01",4.6,"","W",0,"9",0,"8","","8","",""
"251180020","ZBIERSK","2012","11","02",.2,"","W",0,"9",0,"8","","8","",""
"251180020","ZBIERSK","2012","11","03",1.8,"","W",0,"9",0,"8","","8","",""
"251180020","ZBIERSK","2012","11","04",6.7,"","W",0,"9",0,"8","","8","",""
"251180020","ZBIERSK","2012","11","05",1.3,"","W",0,"9",0,"8","","8","",""
"251180020","ZBIERSK","2012","11","06",3.4,"","W",0,"9",0,"8","","8","",""
"251180020","ZBIERSK","2012","11","07",1.4,"","W",0,"9",0,"8","","8","",""
"251180020","ZBIERSK","2012","11","08",.5,"","W",0,"9",0,"8","","8","",""
"251180020","ZBIERSK","2012","11","09",.1,"","W",0,"9",0,"8","","8","",""
"251180020","ZBIERSK","2012","11","11",.4,"","W",0,"9",0,"8","","8","",""
"251180020","ZBIERSK","2012","11","14",.1,"","W",0,"9",0,"8","","8","",""
"251180020","ZBIERSK","2012","11","16",.2,"","W",0,"9",0,"8","","8","",""
"251180020","ZBIERSK","2012","11","24",.2,"","W",0,"9",0,"8","","8","",""
"251180020","ZBIERSK","2012","11","27",4.9,"","W",0,"9",0,"8","","8","",""
"251180020","ZBIERSK","2012","11","28",2.6,"","W",0,"9",0,"8","","8","",""
"251180020","ZBIERSK","2012","11","29",3.9,"","W",0,"9",0,"8","","8","",""
"251180030","DOBRA","2012","11","01",5.4,"","W",0,"9",0,"8","","8","",""
"251180030","DOBRA","2012","11","02",.4,"","W",0,"9",0,"8","","8","",""
"251180030","DOBRA","2012","11","03",.4,"","W",0,"9",0,"8","","8","",""
"251180030","DOBRA","2012","11","04",5.3,"","W",0,"9",0,"8","","8","",""
"251180030","DOBRA","2012","11","05",2.7,"","W",0,"9",0,"8","","8","",""
"251180030","DOBRA","2012","11","06",1.0,"","W",0,"9",0,"8","","8","",""
"251180030","DOBRA","2012","11","07",.4,"","W",0,"9",0,"8","","8","",""
"251180030","DOBRA","2012","11","08",.9,"","W",0,"9",0,"8","","8","",""
"251180030","DOBRA","2012","11","11",.2,"","W",0,"9",0,"8","","8","",""
"251180030","DOBRA","2012","11","21",.2,"","W",0,"9",0,"8","","8","",""
"251180030","DOBRA","2012","11","24",.2,"","W",0,"9",0,"8","","8","",""
"251180030","DOBRA","2012","11","26",.2,"","W",0,"9",0,"8","","8","",""
"251180030","DOBRA","2012","11","27",5.5,"","W",0,"9",0,"8","","8","",""
"251180030","DOBRA","2012","11","28",1.6,"","W",0,"9",0,"8","","8","",""
"251180030","DOBRA","2012","11","29",2.2,"","W",0,"9",0,"8","","8","",""
"251180030","DOBRA","2012","11","30",.2,"","W",0,"9",0,"8","","8","",""
"251180040","PODD BICE","2012","11","01",4.7,"","W",0,"9",0,"8","","8","",""
"251180040","PODD BICE","2012","11","02",.1,"","W",0,"9",0,"8","","8","",""
"251180040","PODD BICE","2012","11","03",.1,"","W",0,"9",0,"8","","8","",""
"251180040","PODD BICE","2012","11","04",4.7,"","W",0,"9",0,"8","","8","",""
"251180040","PODD BICE","2012","11","05",3.5,"","W",0,"9",0,"8","","8","",""
"251180040","PODD BICE","2012","11","06",2.5,"","W",0,"9",0,"8","","8","",""
"251180040","PODD BICE","2012","11","07",1.2,"","W",0,"9",0,"8","","8","",""
"251180040","PODD BICE","2012","11","08",.8,"","W",0,"9",0,"8","","8","",""
"251180040","PODD BICE","2012","11","09",.2,"","W",0,"9",0,"8","","8","",""
"251180040","PODD BICE","2012","11","21",.0,"","W",0,"9",0,"8","","8","",""
"251180040","PODD BICE","2012","11","23",.1,"","W",0,"9",0,"8","","8","",""
"251180040","PODD BICE","2012","11","24",.1,"","W",0,"9",0,"8","","8","",""
"251180040","PODD BICE","2012","11","27",4.8,"","W",0,"9",0,"8","","8","",""
"251180040","PODD BICE","2012","11","28",1.3,"","W",0,"9",0,"8","","8","",""
"251180040","PODD BICE","2012","11","29",2.5,"","W",0,"9",0,"8","","8","",""
"251180050","LISK”W","2012","11","01",2.7,"","W",0,"9",0,"8","","8","",""
"251180050","LISK”W","2012","11","02",.3,"","W",0,"9",0,"8","","8","",""
"251180050","LISK”W","2012","11","04",5.8,"","W",0,"9",0,"8","","8","",""
"251180050","LISK”W","2012","11","05",2.7,"","W",0,"9",0,"8","","8","",""
"251180050","LISK”W","2012","11","06",.3,"","W",0,"9",0,"8","","8","",""
"251180050","LISK”W","2012","11","07",.3,"","W",0,"9",0,"8","","8","",""
"251180050","LISK”W","2012","11","08",.8,"","W",0,"9",0,"8","","8","",""
"251180050","LISK”W","2012","11","09",.1,"","W",0,"9",0,"8","","8","",""
"251180050","LISK”W","2012","11","11",.1,"","W",0,"9",0,"8","","8","",""
"251180050","LISK”W","2012","11","24",.1,"","W",0,"9",0,"8","","8","",""
"251180050","LISK”W","2012","11","27",4.5,"","W",0,"9",0,"8","","8","",""
"251180050","LISK”W","2012","11","28",.5,"","W",0,"9",0,"8","","8","",""
"251180050","LISK”W","2012","11","29",2.0,"","W",0,"9",0,"8","","8","",""
"251180060","WARTA","2012","11","01",3.2,"","W",0,"9",0,"8","","8","",""
"251180060","WARTA","2012","11","04",9.1,"","W",0,"9",0,"8","","8","",""
"251180060","WARTA","2012","11","05",1.5,"","W",0,"9",0,"8","","8","",""
"251180060","WARTA","2012","11","06",2.1,"","W",0,"9",0,"8","","8","",""
"251180060","WARTA","2012","11","07",1.1,"","W",0,"9",0,"8","","8","",""
"251180060","WARTA","2012","11","08",1.4,"","W",0,"9",0,"8","","8","",""
"251180060","WARTA","2012","11","13",.3,"","W",0,"9",0,"8","","8","",""
"251180060","WARTA","2012","11","14",.2,"","W",0,"9",0,"8","","8","",""
"251180060","WARTA","2012","11","15",.3,"","W",0,"9",0,"8","","8","",""
"251180060","WARTA","2012","11","17",.2,"","W",0,"9",0,"8","","8","",""
"251180060","WARTA","2012","11","27",5.2,"","W",0,"9",0,"8","","8","",""
"251180060","WARTA","2012","11","28",.9,"","W",0,"9",0,"8","","8","",""
"251180060","WARTA","2012","11","29",1.8,"","W",0,"9",0,"8","","8","",""
"251180070","SZADEK","2012","11","01",4.7,"","W",0,"9",0,"8","","8","",""
"251180070","SZADEK","2012","11","04",9.9,"","W",0,"9",0,"8","","8","",""
"251180070","SZADEK","2012","11","05",3.6,"","W",0,"9",0,"8","","8","",""
"251180070","SZADEK","2012","11","06",1.1,"","W",0,"9",0,"8","","8","",""
"251180070","SZADEK","2012","11","07",1.8,"","W",0,"9",0,"8","","8","",""
"251180070","SZADEK","2012","11","08",2.0,"","W",0,"9",0,"8","","8","",""
"251180070","SZADEK","2012","11","09",.1,"","W",0,"9",0,"8","","8","",""
"251180070","SZADEK","2012","11","11",.1,"","W",0,"9",0,"8","","8","",""
"251180070","SZADEK","2012","11","12",.1,"","W",0,"9",0,"8","","8","",""
"251180070","SZADEK","2012","11","13",.1,"","W",0,"9",0,"8","","8","",""
"251180070","SZADEK","2012","11","23",.3,"","W",0,"9",0,"8","","8","",""
"251180070","SZADEK","2012","11","27",2.8,"","W",0,"9",0,"8","","8","",""
"251180070","SZADEK","2012","11","28",1.6,"","W",0,"9",0,"8","","8","",""
"251180070","SZADEK","2012","11","29",1.4,"","W",0,"9",0,"8","","8","",""
"251180070","SZADEK","2012","11","30",.4,"","W",0,"9",0,"8","","8","",""
"251180080","IWANOWICE","2012","11","01",3.0,"","W",0,"9",0,"8","","8","",""
"251180080","IWANOWICE","2012","11","02",1.4,"","W",0,"9",0,"8","","8","",""
"251180080","IWANOWICE","2012","11","03",2.1,"","W",0,"9",0,"8","","8","",""
"251180080","IWANOWICE","2012","11","04",8.2,"","W",0,"9",0,"8","","8","",""
"251180080","IWANOWICE","2012","11","05",3.4,"","W",0,"9",0,"8","","8","",""
"251180080","IWANOWICE","2012","11","06",.8,"","W",0,"9",0,"8","","8","",""
"251180080","IWANOWICE","2012","11","07",1.2,"","W",0,"9",0,"8","","8","",""
"251180080","IWANOWICE","2012","11","22",.3,"","W",0,"9",0,"8","","8","",""
"251180080","IWANOWICE","2012","11","27",6.8,"","W",0,"9",0,"8","","8","",""
"251180080","IWANOWICE","2012","11","28",4.7,"","W",0,"9",0,"8","","8","",""
"251180080","IWANOWICE","2012","11","29",5.0,"","W",0,"9",0,"8","","8","",""
"251180110","KRASZEWICE","2012","11","01",3.2,"","W",0,"9",0,"8","","8","",""
"251180110","KRASZEWICE","2012","11","02",.3,"","W",0,"9",0,"8","","8","",""
"251180110","KRASZEWICE","2012","11","03",.0,"","W",0,"9",0,"8","","8","",""
"251180110","KRASZEWICE","2012","11","04",7.5,"","W",0,"9",0,"8","","8","",""
"251180110","KRASZEWICE","2012","11","05",3.3,"","W",0,"9",0,"8","","8","",""
"251180110","KRASZEWICE","2012","11","06",.3,"","W",0,"9",0,"8","","8","",""
"251180110","KRASZEWICE","2012","11","07",.5,"","W",0,"9",0,"8","","8","",""
"251180110","KRASZEWICE","2012","11","09",.2,"","W",0,"9",0,"8","","8","",""
"251180110","KRASZEWICE","2012","11","11",.3,"","W",0,"9",0,"8","","8","",""
"251180110","KRASZEWICE","2012","11","23",.4,"","W",0,"9",0,"8","","8","",""
"251180110","KRASZEWICE","2012","11","26",.1,"","W",0,"9",0,"8","","8","",""
"251180110","KRASZEWICE","2012","11","27",2.1,"","W",0,"9",0,"8","","8","",""
"251180110","KRASZEWICE","2012","11","28",1.0,"","W",0,"9",0,"8","","8","",""
"251180110","KRASZEWICE","2012","11","29",2.8,"","S",0,"9",0,"8","","8","",""
"251180120","CZARTORYJA","2012","11","01",2.5,"","W",0,"9",0,"8","","8","",""
"251180120","CZARTORYJA","2012","11","02",.3,"","W",0,"9",0,"8","","8","",""
"251180120","CZARTORYJA","2012","11","03",.2,"","W",0,"9",0,"8","","8","",""
"251180120","CZARTORYJA","2012","11","04",8.0,"","W",0,"9",0,"8","","8","",""
"251180120","CZARTORYJA","2012","11","05",5.0,"","W",0,"9",0,"8","","8","",""
"251180120","CZARTORYJA","2012","11","06",.9,"","W",0,"9",0,"8","","8","",""
"251180120","CZARTORYJA","2012","11","07",1.6,"","W",0,"9",0,"8","","8","",""
"251180120","CZARTORYJA","2012","11","08",1.0,"","W",0,"9",0,"8","","8","",""
"251180120","CZARTORYJA","2012","11","09",.2,"","W",0,"9",0,"8","","8","",""
"251180120","CZARTORYJA","2012","11","23",.7,"","W",0,"9",0,"8","","8","",""
"251180120","CZARTORYJA","2012","11","27",2.7,"","W",0,"9",0,"8","","8","",""
"251180120","CZARTORYJA","2012","11","28",1.4,"","W",0,"9",0,"8","","8","",""
"251180120","CZARTORYJA","2012","11","29",1.6,"","W",0,"9",0,"8","","8","",""
"251180120","CZARTORYJA","2012","11","30",.4,"","W",0,"9",0,"8","","8","",""
"251180130","WIDAWA","2012","11","01",4.3,"","W",0,"9",0,"8","","8","",""
"251180130","WIDAWA","2012","11","04",11.1,"","W",0,"9",0,"8","","8","",""
"251180130","WIDAWA","2012","11","05",3.7,"","W",0,"9",0,"8","","8","",""
"251180130","WIDAWA","2012","11","06",1.4,"","W",0,"9",0,"8","","8","",""
"251180130","WIDAWA","2012","11","07",2.5,"","W",0,"9",0,"8","","8","",""
"251180130","WIDAWA","2012","11","08",.6,"","W",0,"9",0,"8","","8","",""
"251180130","WIDAWA","2012","11","09",.2,"","W",0,"9",0,"8","","8","",""
"251180130","WIDAWA","2012","11","23",.1,"","W",0,"9",0,"8","","8","",""
"251180130","WIDAWA","2012","11","27",1.1,"","W",0,"9",0,"8","","8","",""
"251180130","WIDAWA","2012","11","28",1.2,"","W",0,"9",0,"8","","8","",""
"251180130","WIDAWA","2012","11","29",.9,"","W",0,"9",0,"8","","8","",""
"251180130","WIDAWA","2012","11","30",.2,"","W",0,"9",0,"8","","8","",""
"251180140","Z£OCZEW","2012","11","01",3.2,"","W",0,"9",0,"8","","8","",""
"251180140","Z£OCZEW","2012","11","04",14.2,"","W",0,"9",0,"8","","8","",""
"251180140","Z£OCZEW","2012","11","05",1.2,"","W",0,"9",0,"8","","8","",""
"251180140","Z£OCZEW","2012","11","06",.7,"","W",0,"9",0,"8","","8","",""
"251180140","Z£OCZEW","2012","11","07",1.0,"","W",0,"9",0,"8","","8","",""
"251180140","Z£OCZEW","2012","11","11",.4,"","W",0,"9",0,"8","","8","",""
"251180140","Z£OCZEW","2012","11","12",.7,"","W",0,"9",0,"8","","8","",""
"251180140","Z£OCZEW","2012","11","16",.1,"","W",0,"9",0,"8","","8","",""
"251180140","Z£OCZEW","2012","11","19",.3,"","W",0,"9",0,"8","","8","",""
"251180140","Z£OCZEW","2012","11","23",.4,"","W",0,"9",0,"8","","8","",""
"251180140","Z£OCZEW","2012","11","26",.2,"","W",0,"9",0,"8","","8","",""
"251180140","Z£OCZEW","2012","11","27",3.0,"","W",0,"9",0,"8","","8","",""
"251180140","Z£OCZEW","2012","11","28",2.0,"","W",0,"9",0,"8","","8","",""
"251180140","Z£OCZEW","2012","11","29",1.7,"","W",0,"9",0,"8","","8","",""
"251180150","MIRK”W","2012","11","01",1.9,"","W",0,"9",0,"8","","8","",""
"251180150","MIRK”W","2012","11","02",.2,"","W",0,"9",0,"8","","8","",""
"251180150","MIRK”W","2012","11","04",9.7,"","W",0,"9",0,"8","","8","",""
"251180150","MIRK”W","2012","11","05",5.5,"","W",0,"9",0,"8","","8","",""
"251180150","MIRK”W","2012","11","06",1.4,"","W",0,"9",0,"8","","8","",""
"251180150","MIRK”W","2012","11","07",2.1,"","W",0,"9",0,"8","","8","",""
"251180150","MIRK”W","2012","11","08",.2,"","W",0,"9",0,"8","","8","",""
"251180150","MIRK”W","2012","11","11",.3,"","W",0,"9",0,"8","","8","",""
"251180150","MIRK”W","2012","11","20",.1,"","W",0,"9",0,"8","","8","",""
"251180150","MIRK”W","2012","11","23",.8,"","W",0,"9",0,"8","","8","",""
"251180150","MIRK”W","2012","11","27",1.3,"","W",0,"9",0,"8","","8","",""
"251180150","MIRK”W","2012","11","28",1.8,"","W",0,"9",0,"8","","8","",""
"251180150","MIRK”W","2012","11","29",2.5,"","W",0,"9",0,"8","","8","",""
"251180150","MIRK”W","2012","11","30",.8,"","W",0,"9",0,"8","","8","",""
"251180160","OSJAK”W","2012","11","01",3.0,"","W",0,"9",0,"8","","8","",""
"251180160","OSJAK”W","2012","11","02",.0,"","W",0,"8",0,"8","","8","",""
"251180160","OSJAK”W","2012","11","04",8.0,"","W",0,"9",0,"8","","8","",""
"251180160","OSJAK”W","2012","11","05",7.8,"","W",0,"9",0,"8","","8","",""
"251180160","OSJAK”W","2012","11","06",1.0,"","W",0,"9",0,"8","","8","",""
"251180160","OSJAK”W","2012","11","07",2.4,"","W",0,"9",0,"8","","8","",""
"251180160","OSJAK”W","2012","11","08",.3,"","W",0,"9",0,"8","","8","",""
"251180160","OSJAK”W","2012","11","09",.2,"","W",0,"9",0,"8","","8","",""
"251180160","OSJAK”W","2012","11","27",.9,"","W",0,"9",0,"8","","8","",""
"251180160","OSJAK”W","2012","11","28",1.5,"","W",0,"9",0,"8","","8","",""
"251180160","OSJAK”W","2012","11","29",1.1,"","W",0,"9",0,"8","","8","",""
"251180170","KIE£CZYG£”W","2012","11","01",3.0,"","W",0,"9",0,"8","","8","",""
"251180170","KIE£CZYG£”W","2012","11","04",11.7,"","W",0,"9",0,"8","","8","",""
"251180170","KIE£CZYG£”W","2012","11","05",.4,"","W",0,"9",0,"8","","8","",""
"251180170","KIE£CZYG£”W","2012","11","06",7.7,"","W",0,"9",0,"8","","8","",""
"251180170","KIE£CZYG£”W","2012","11","07",1.1,"","W",0,"9",0,"8","","8","",""
"251180170","KIE£CZYG£”W","2012","11","08",.4,"","W",0,"9",0,"8","","8","",""
"251180170","KIE£CZYG£”W","2012","11","27",.7,"","W",0,"9",0,"8","","8","",""
"251180170","KIE£CZYG£”W","2012","11","28",2.2,"","W",0,"9",0,"8","","8","",""
"251180170","KIE£CZYG£”W","2012","11","29",.8,"","W",0,"9",0,"8","","8","",""
"251180170","KIE£CZYG£”W","2012","11","30",.6,"","W",0,"9",0,"8","","8","",""
"251180180","SIEMKOWICE","2012","11","01",3.2,"","W",0,"9",0,"8","","8","",""
"251180180","SIEMKOWICE","2012","11","04",9.9,"","W",0,"9",0,"8","","8","",""
"251180180","SIEMKOWICE","2012","11","05",8.9,"","W",0,"9",0,"8","","8","",""
"251180180","SIEMKOWICE","2012","11","06",1.8,"","W",0,"9",0,"8","","8","",""
"251180180","SIEMKOWICE","2012","11","07",2.4,"","W",0,"9",0,"8","","8","",""
"251180180","SIEMKOWICE","2012","11","08",.4,"","W",0,"9",0,"8","","8","",""
"251180180","SIEMKOWICE","2012","11","15",.1,"","W",0,"9",0,"8","","8","",""
"251180180","SIEMKOWICE","2012","11","27",.7,"","W",0,"9",0,"8","","8","",""
"251180180","SIEMKOWICE","2012","11","29",1.1,"","W",0,"9",0,"8","","8","",""
"251180180","SIEMKOWICE","2012","11","30",1.3,"","W",0,"9",0,"8","","8","",""
"251180190","SIEMIANICE","2012","11","01",1.7,"","W",0,"9",0,"8","","8","",""
"251180190","SIEMIANICE","2012","11","02",.2,"","W",0,"9",0,"8","","8","",""
"251180190","SIEMIANICE","2012","11","04",11.2,"","W",0,"9",0,"8","","8","",""
"251180190","SIEMIANICE","2012","11","05",4.3,"","W",0,"9",0,"8","","8","",""
"251180190","SIEMIANICE","2012","11","06",1.5,"","W",0,"9",0,"8","","8","",""
"251180190","SIEMIANICE","2012","11","07",1.2,"","W",0,"9",0,"8","","8","",""
"251180190","SIEMIANICE","2012","11","08",.5,"","W",0,"9",0,"8","","8","",""
"251180190","SIEMIANICE","2012","11","22",.1,"","W",0,"9",0,"8","","8","",""
"251180190","SIEMIANICE","2012","11","23",.6,"","W",0,"9",0,"8","","8","",""
"251180190","SIEMIANICE","2012","11","27",1.4,"","W",0,"9",0,"8","","8","",""
"251180190","SIEMIANICE","2012","11","28",.7,"","W",0,"9",0,"8","","8","",""
"251180190","SIEMIANICE","2012","11","29",1.2,"","W",0,"9",0,"8","","8","",""
"251180190","SIEMIANICE","2012","11","30",1.0,"","W",0,"9",0,"8","","8","",""
"251180210","DZIA£OSZYN","2012","11","01",3.2,"","W",0,"9",0,"8","","8","",""
"251180210","DZIA£OSZYN","2012","11","02",.4,"","W",0,"9",0,"8","","8","",""
"251180210","DZIA£OSZYN","2012","11","04",11.8,"","W",0,"9",0,"8","","8","",""
"251180210","DZIA£OSZYN","2012","11","05",7.8,"","W",0,"9",0,"8","","8","",""
"251180210","DZIA£OSZYN","2012","11","06",3.2,"","W",0,"9",0,"8","","8","",""
"251180210","DZIA£OSZYN","2012","11","07",3.3,"","W",0,"9",0,"8","","8","",""
"251180210","DZIA£OSZYN","2012","11","27",1.1,"","W",0,"9",0,"8","","8","",""
"251180210","DZIA£OSZYN","2012","11","28",1.0,"","W",0,"9",0,"8","","8","",""
"251180210","DZIA£OSZYN","2012","11","29",.6,"","W",0,"9",0,"8","","8","",""
"251180210","DZIA£OSZYN","2012","11","30",2.6,"","W",0,"9",0,"8","","8","",""
"251180220","CISOWA","2012","11","01",3.0,"","W",0,"9",0,"8","","8","PL",""
"251180220","CISOWA","2012","11","02",.3,"","W",0,"9",0,"8","","8","",""
"251180220","CISOWA","2012","11","04",15.4,"","W",0,"9",0,"8","","8","",""
"251180220","CISOWA","2012","11","05",5.3,"","W",0,"9",0,"8","","8","",""
"251180220","CISOWA","2012","11","06",1.0,"","W",0,"9",0,"8","","8","",""
"251180220","CISOWA","2012","11","07",2.7,"","W",0,"9",0,"8","","8","",""
"251180220","CISOWA","2012","11","08",.1,"","W",0,"9",0,"8","","8","",""
"251180220","CISOWA","2012","11","23",.1,"","W",0,"9",0,"8","","8","",""
"251180220","CISOWA","2012","11","27",.8,"","W",0,"9",0,"8","","8","",""
"251180220","CISOWA","2012","11","28",.3,"","W",0,"9",0,"8","","8","",""
"251180220","CISOWA","2012","11","29",1.2,"","W",0,"9",0,"8","","8","",""
"251180220","CISOWA","2012","11","30",2.4,"","S",0,"9",0,"8","","8","",""
"251180230","ROØN”W","2012","11","01",2.8,"","W",0,"9",0,"8","","8","",""
"251180230","ROØN”W","2012","11","02",1.0,"","W",0,"9",0,"8","","8","",""
"251180230","ROØN”W","2012","11","04",16.1,"","W",0,"9",0,"8","","8","",""
"251180230","ROØN”W","2012","11","05",2.9,"","W",0,"9",0,"8","","8","",""
"251180230","ROØN”W","2012","11","06",.8,"","W",0,"9",0,"8","","8","",""
"251180230","ROØN”W","2012","11","07",1.4,"","W",0,"9",0,"8","","8","",""
"251180230","ROØN”W","2012","11","22",.5,"","W",0,"9",0,"8","","8","",""
"251180230","ROØN”W","2012","11","23",2.2,"","W",0,"9",0,"8","","8","",""
"251180230","ROØN”W","2012","11","27",1.7,"","W",0,"9",0,"8","","8","",""
"251180230","ROØN”W","2012","11","29",1.7,"","W",0,"9",0,"8","","8","",""
"251180230","ROØN”W","2012","11","30",1.2,"","W",0,"9",0,"8","","8","",""
"251180240","JASTRZYGOWICE","2012","11","01",1.5,"","W",0,"9",0,"8","","8","PL",""
"251180240","JASTRZYGOWICE","2012","11","02",.1,"","W",0,"9",0,"8","","8","",""
"251180240","JASTRZYGOWICE","2012","11","04",12.2,"","W",0,"9",0,"8","","8","",""
"251180240","JASTRZYGOWICE","2012","11","05",6.5,"","W",0,"9",0,"8","","8","",""
"251180240","JASTRZYGOWICE","2012","11","06",1.4,"","W",0,"9",0,"8","","8","",""
"251180240","JASTRZYGOWICE","2012","11","07",2.8,"","W",0,"9",0,"8","","8","",""
"251180240","JASTRZYGOWICE","2012","11","27",.4,"","W",0,"9",0,"8","","8","",""
"251180240","JASTRZYGOWICE","2012","11","28",.6,"","W",0,"9",0,"8","","8","",""
"251180240","JASTRZYGOWICE","2012","11","29",2.8,"","W",0,"9",0,"8","","8","",""
"251180240","JASTRZYGOWICE","2012","11","30",.8,"","W",0,"9",0,"8","","8","",""
"251190010","BRATOSZEWICE","2012","11","01",1.6,"","W",0,"9",0,"8","","8",".",""
"251190010","BRATOSZEWICE","2012","11","04",3.5,"","W",0,"9",0,"8","","8",".",""
"251190010","BRATOSZEWICE","2012","11","05",7.5,"","W",0,"9",0,"8","","8",".",""
"251190010","BRATOSZEWICE","2012","11","06",.3,"","W",0,"9",0,"8","","8",".",""
"251190010","BRATOSZEWICE","2012","11","07",3.4,"","W",0,"9",0,"8","","8",".",""
"251190010","BRATOSZEWICE","2012","11","27",3.0,"","W",0,"9",0,"8","","8",".",""
"251190010","BRATOSZEWICE","2012","11","28",3.9,"","W",0,"9",0,"8","","8",".",""
"251190010","BRATOSZEWICE","2012","11","29",1.5,"","W",0,"9",0,"8","","8",".",""
"251190010","BRATOSZEWICE","2012","11","30",1.8,"","W",0,"9",0,"8","","8",".",""
"251190020","LU∆MIERZ","2012","11","01",2.4,"","W",0,"9",0,"8","","8","PL",""
"251190020","LU∆MIERZ","2012","11","04",7.5,"","W",0,"9",0,"8","","8",".",""
"251190020","LU∆MIERZ","2012","11","05",5.0,"","W",0,"9",0,"8","","8",".",""
"251190020","LU∆MIERZ","2012","11","06",1.8,"","W",0,"9",0,"8","","8",".",""
"251190020","LU∆MIERZ","2012","11","07",3.5,"","W",0,"9",0,"8","","8",".",""
"251190020","LU∆MIERZ","2012","11","08",1.1,"","W",0,"9",0,"8","","8",".",""
"251190020","LU∆MIERZ","2012","11","09",.2,"","W",0,"9",0,"8","","8",".",""
"251190020","LU∆MIERZ","2012","11","27",3.0,"","W",0,"9",0,"8","","8",".",""
"251190020","LU∆MIERZ","2012","11","28",1.5,"","W",0,"9",0,"8","","8",".",""
"251190020","LU∆MIERZ","2012","11","29",1.2,"","S",0,"9",0,"8","","8",".",""
"251190020","LU∆MIERZ","2012","11","30",2.0,"","W",0,"9",0,"8","","8",".",""
"251190030","WILAN”W","2012","11","01",2.4,"","W",0,"9",0,"8","","8",".",""
"251190030","WILAN”W","2012","11","04",9.0,"","W",0,"9",0,"8","","8",".",""
"251190030","WILAN”W","2012","11","05",1.4,"","W",0,"9",0,"8","","8",".",""
"251190030","WILAN”W","2012","11","06",1.9,"","W",0,"9",0,"8","","8",".",""
"251190030","WILAN”W","2012","11","07",3.8,"","W",0,"9",0,"8","","8",".",""
"251190030","WILAN”W","2012","11","08",1.1,"","W",0,"9",0,"8","","8",".",""
"251190030","WILAN”W","2012","11","09",.4,"","W",0,"9",0,"8","","8",".",""
"251190030","WILAN”W","2012","11","14",.2,"","W",0,"9",0,"8","","8",".",""
"251190030","WILAN”W","2012","11","27",2.7,"","W",0,"9",0,"8","","8",".",""
"251190030","WILAN”W","2012","11","28",2.1,"","W",0,"9",0,"8","","8",".",""
"251190030","WILAN”W","2012","11","29",.5,"","W",0,"9",0,"8","","8",".",""
"251190030","WILAN”W","2012","11","30",1.1,"","W",0,"9",0,"8","","8",".",""
"251190040","JEØ”W","2012","11","01",2.6,"","W",3,"",0,"9","5","","*",""
"251190040","JEØ”W","2012","11","02",.2,"","W",0,"9",0,"9","","9",".",""
"251190040","JEØ”W","2012","11","04",7.9,"","W",0,"9",0,"9","","9",".",""
"251190040","JEØ”W","2012","11","05",6.4,"","W",0,"9",0,"9","","9",".",""
"251190040","JEØ”W","2012","11","06",.7,"","W",0,"9",0,"9","","9",".",""
"251190040","JEØ”W","2012","11","07",3.0,"","W",0,"9",0,"9","","9",".",""
"251190040","JEØ”W","2012","11","08",1.3,"","W",0,"9",0,"9","","9",".",""
"251190040","JEØ”W","2012","11","19",.1,"","W",0,"9",0,"9","","9",".",""
"251190040","JEØ”W","2012","11","27",.9,"","W",0,"9",0,"9","","9",".",""
"251190040","JEØ”W","2012","11","28",.2,"","W",0,"9",0,"9","","9",".",""
"251190040","JEØ”W","2012","11","29",.1,"","W",0,"9",0,"9","","9",".",""
"251190040","JEØ”W","2012","11","30",.4,"","S",0,"9",0,"9","","9",".",""
"251190060","ROKICINY","2012","11","01",2.9,"","W",0,"9",0,"8","","8","PL",""
"251190060","ROKICINY","2012","11","02",.2,"","W",0,"9",0,"8","","8",".",""
"251190060","ROKICINY","2012","11","04",9.4,"","W",0,"9",0,"8","","8",".",""
"251190060","ROKICINY","2012","11","05",6.9,"","W",0,"9",0,"8","","8",".",""
"251190060","ROKICINY","2012","11","06",2.2,"","W",0,"9",0,"8","","8",".",""
"251190060","ROKICINY","2012","11","07",4.3,"","W",0,"9",0,"8","","8",".",""
"251190060","ROKICINY","2012","11","08",.4,"","W",0,"9",0,"8","","8",".",""
"251190060","ROKICINY","2012","11","09",.3,"","W",0,"9",0,"8","","8",".",""
"251190060","ROKICINY","2012","11","17",.4,"","W",0,"9",0,"8","","8",".",""
"251190060","ROKICINY","2012","11","18",.1,"","W",0,"9",0,"8","","8",".",""
"251190060","ROKICINY","2012","11","19",.1,"","W",0,"9",0,"8","","8",".",""
"251190060","ROKICINY","2012","11","24",.3,"","W",0,"9",0,"8","","8",".",""
"251190060","ROKICINY","2012","11","27",.7,"","W",0,"9",0,"8","","8",".",""
"251190060","ROKICINY","2012","11","28",.8,"","W",0,"9",0,"8","","8",".",""
"251190060","ROKICINY","2012","11","29",.9,"","W",0,"9",0,"8","","8",".",""
"251190060","ROKICINY","2012","11","30",1.4,"","W",0,"9",0,"8","","8",".",""
"251190070","£ASK","2012","11","01",3.7,"","W",0,"9",0,"8","","8","",""
"251190070","£ASK","2012","11","04",11.5,"","W",0,"9",0,"8","","8","",""
"251190070","£ASK","2012","11","05",.7,"","W",0,"9",0,"8","","8","",""
"251190070","£ASK","2012","11","06",1.7,"","W",0,"9",0,"8","","8","",""
"251190070","£ASK","2012","11","07",.8,"","W",0,"9",0,"8","","8","",""
"251190070","£ASK","2012","11","08",1.4,"","W",0,"9",0,"8","","8","",""
"251190070","£ASK","2012","11","09",.3,"","W",0,"9",0,"8","","8","",""
"251190070","£ASK","2012","11","11",.5,"","W",0,"9",0,"8","","8","",""
"251190070","£ASK","2012","11","26",.4,"","W",0,"9",0,"8","","8","",""
"251190070","£ASK","2012","11","27",1.8,"","W",0,"9",0,"8","","8","",""
"251190070","£ASK","2012","11","28",2.8,"","W",0,"9",0,"8","","8","",""
"251190070","£ASK","2012","11","29",.8,"","W",0,"9",0,"8","","8","",""
"251190070","£ASK","2012","11","30",.4,"","W",0,"9",0,"8","","8","",""
"251190080","KRUSZ”W","2012","11","01",3.0,"","W",0,"9",0,"8","","8",".",""
"251190080","KRUSZ”W","2012","11","02",.0,"","W",0,"9",0,"8","","8",".",""
"251190080","KRUSZ”W","2012","11","04",6.4,"","W",0,"9",0,"8","","8",".",""
"251190080","KRUSZ”W","2012","11","05",2.5,"","W",0,"9",0,"8","","8",".",""
"251190080","KRUSZ”W","2012","11","06",1.2,"","W",0,"9",0,"8","","8",".",""
"251190080","KRUSZ”W","2012","11","07",1.0,"","W",0,"9",0,"8","","8",".",""
"251190080","KRUSZ”W","2012","11","08",1.9,"","W",0,"9",0,"8","","8",".",""
"251190080","KRUSZ”W","2012","11","09",.1,"","W",0,"9",0,"8","","8",".",""
"251190080","KRUSZ”W","2012","11","23",.0,"","W",0,"9",0,"8","","8",".",""
"251190080","KRUSZ”W","2012","11","24",.4,"","W",0,"9",0,"8","","8",".",""
"251190080","KRUSZ”W","2012","11","27",.4,"","W",0,"9",0,"8","","8",".",""
"251190080","KRUSZ”W","2012","11","28",1.5,"","W",0,"9",0,"8","","8",".",""
"251190080","KRUSZ”W","2012","11","29",.8,"","W",0,"9",0,"8","","8",".",""
"251190080","KRUSZ”W","2012","11","30",1.2,"","W",0,"9",0,"8","","8",".",""
"251190090","LUTOS£AWICE RZ•DOWE","2012","11","01",2.9,"","W",0,"9",0,"8","","8","",""
"251190090","LUTOS£AWICE RZ•DOWE","2012","11","04",10.5,"","W",0,"9",0,"8","","8","",""
"251190090","LUTOS£AWICE RZ•DOWE","2012","11","05",8.3,"","W",0,"9",0,"8","","8","",""
"251190090","LUTOS£AWICE RZ•DOWE","2012","11","06",.7,"","W",0,"9",0,"8","","8","",""
"251190090","LUTOS£AWICE RZ•DOWE","2012","11","07",3.1,"","W",0,"9",0,"8","","8","",""
"251190090","LUTOS£AWICE RZ•DOWE","2012","11","08",.9,"","W",0,"9",0,"8","","8","",""
"251190090","LUTOS£AWICE RZ•DOWE","2012","11","24",.4,"","W",0,"9",0,"8","","8","",""
"251190090","LUTOS£AWICE RZ•DOWE","2012","11","27",.7,"","W",0,"9",0,"8","","8","",""
"251190090","LUTOS£AWICE RZ•DOWE","2012","11","28",1.1,"","W",0,"9",0,"8","","8","",""
"251190090","LUTOS£AWICE RZ•DOWE","2012","11","30",1.0,"","W",0,"9",0,"8","","8","",""
"251190110","BE£CHAT”W","2012","11","01",3.2,"","W",0,"9",0,"8","","8","PL",""
"251190110","BE£CHAT”W","2012","11","04",10.8,"","W",0,"9",0,"8","","8","",""
"251190110","BE£CHAT”W","2012","11","05",8.6,"","W",0,"9",0,"8","","8","",""
"251190110","BE£CHAT”W","2012","11","06",2.1,"","W",0,"9",0,"8","","8","",""
"251190110","BE£CHAT”W","2012","11","28",.1,"","W",0,"9",0,"8","","8","",""
"251190110","BE£CHAT”W","2012","11","29",.3,"","W",0,"9",0,"8","","8","",""
"251190110","BE£CHAT”W","2012","11","30",.5,"","S",0,"9",0,"8","","8","",""
"251190120","PIOTRK”W TRYBUNALSKI","2012","11","01",2.6,"","W",0,"9",0,"8","","8",".",""
"251190120","PIOTRK”W TRYBUNALSKI","2012","11","02",.4,"","W",0,"9",0,"8","","8",".",""
"251190120","PIOTRK”W TRYBUNALSKI","2012","11","03",.1,"","W",0,"9",0,"8","","8",".",""
"251190120","PIOTRK”W TRYBUNALSKI","2012","11","04",11.3,"","W",0,"9",0,"8","","8",".",""
"251190120","PIOTRK”W TRYBUNALSKI","2012","11","05",6.2,"","W",0,"9",0,"8","","8",".",""
"251190120","PIOTRK”W TRYBUNALSKI","2012","11","06",.8,"","W",0,"9",0,"8","","8",".",""
"251190120","PIOTRK”W TRYBUNALSKI","2012","11","07",1.6,"","W",0,"9",0,"8","","8",".",""
"251190120","PIOTRK”W TRYBUNALSKI","2012","11","08",1.2,"","W",0,"9",0,"8","","8",".",""
"251190120","PIOTRK”W TRYBUNALSKI","2012","11","09",.3,"","W",0,"9",0,"8","","8",".",""
"251190120","PIOTRK”W TRYBUNALSKI","2012","11","11",.0,"","W",0,"9",0,"8","","8",".",""
"251190120","PIOTRK”W TRYBUNALSKI","2012","11","19",.0,"","W",0,"9",0,"8","","8",".",""
"251190120","PIOTRK”W TRYBUNALSKI","2012","11","24",.3,"","W",0,"9",0,"8","","8",".",""
"251190120","PIOTRK”W TRYBUNALSKI","2012","11","25",.1,"","W",0,"9",0,"8","","8",".",""
"251190120","PIOTRK”W TRYBUNALSKI","2012","11","27",.7,"","W",0,"9",0,"8","","8",".",""
"251190120","PIOTRK”W TRYBUNALSKI","2012","11","28",.9,"","W",0,"9",0,"8","","8",".",""
"251190120","PIOTRK”W TRYBUNALSKI","2012","11","29",.5,"","W",0,"9",0,"8","","8",".",""
"251190120","PIOTRK”W TRYBUNALSKI","2012","11","30",1.1,"","W",0,"9",0,"8","","8",".",""
"251190130","SZCZERC”W","2012","11","01",3.5,"","W",0,"9",0,"8","","8","",""
"251190130","SZCZERC”W","2012","11","02",.1,"","W",0,"9",0,"8","","8","",""
"251190130","SZCZERC”W","2012","11","04",9.6,"","W",0,"9",0,"8","","8","",""
"251190130","SZCZERC”W","2012","11","05",6.9,"","W",0,"9",0,"8","","8","",""
"251190130","SZCZERC”W","2012","11","06",.5,"","W",0,"9",0,"8","","8","",""
"251190130","SZCZERC”W","2012","11","07",3.1,"","W",0,"9",0,"8","","8","",""
"251190130","SZCZERC”W","2012","11","08",.6,"","W",0,"9",0,"8","","8","",""
"251190130","SZCZERC”W","2012","11","09",.3,"","W",0,"9",0,"8","","8","",""
"251190130","SZCZERC”W","2012","11","27",.8,"","W",0,"9",0,"8","","8","",""
"251190130","SZCZERC”W","2012","11","28",2.6,"","W",0,"9",0,"8","","8","",""
"251190130","SZCZERC”W","2012","11","29",.5,"","W",0,"9",0,"8","","8","",""
"251190130","SZCZERC”W","2012","11","30",.1,"","W",0,"9",0,"8","","8","",""
"251190140","PLUCICE","2012","11","01",2.5,"","W",0,"9",0,"8","","8",".",""
"251190140","PLUCICE","2012","11","02",1.1,"","W",0,"9",0,"8","","8",".",""
"251190140","PLUCICE","2012","11","04",12.3,"","W",0,"9",0,"8","","8",".",""
"251190140","PLUCICE","2012","11","05",6.1,"","W",0,"9",0,"8","","8",".",""
"251190140","PLUCICE","2012","11","06",1.6,"","W",0,"9",0,"8","","8",".",""
"251190140","PLUCICE","2012","11","07",3.1,"","W",0,"9",0,"8","","8",".",""
"251190140","PLUCICE","2012","11","08",2.3,"","W",0,"9",0,"8","","8",".",""
"251190140","PLUCICE","2012","11","09",.1,"","W",0,"9",0,"8","","8",".",""
"251190140","PLUCICE","2012","11","13",.0,"","W",0,"9",0,"8","","8",".",""
"251190140","PLUCICE","2012","11","21",.2,"","W",0,"9",0,"8","","8",".",""
"251190140","PLUCICE","2012","11","24",.0,"","W",0,"9",0,"8","","8",".",""
"251190140","PLUCICE","2012","11","27",.2,"","W",0,"9",0,"8","","8",".",""
"251190140","PLUCICE","2012","11","28",1.3,"","W",0,"9",0,"8","","8",".",""
"251190140","PLUCICE","2012","11","29",.9,"","W",0,"9",0,"8","","8",".",""
"251190140","PLUCICE","2012","11","30",3.7,"","W",0,"9",0,"8","","8",".",""
"251190150","DOBRYSZYCE","2012","11","01",2.6,"","W",0,"9",0,"8","","8","",""
"251190150","DOBRYSZYCE","2012","11","02",.7,"","W",0,"9",0,"8","","8","",""
"251190150","DOBRYSZYCE","2012","11","03",.1,"","W",0,"9",0,"8","","8","",""
"251190150","DOBRYSZYCE","2012","11","04",13.8,"","W",0,"9",0,"8","","8","",""
"251190150","DOBRYSZYCE","2012","11","05",6.2,"","W",0,"9",0,"8","","8","",""
"251190150","DOBRYSZYCE","2012","11","06",1.2,"","W",0,"9",0,"8","","8","",""
"251190150","DOBRYSZYCE","2012","11","07",1.5,"","W",0,"9",0,"8","","8","",""
"251190150","DOBRYSZYCE","2012","11","08",1.0,"","W",0,"9",0,"8","","8","",""
"251190150","DOBRYSZYCE","2012","11","09",1.7,"","W",0,"9",0,"8","","8","",""
"251190150","DOBRYSZYCE","2012","11","12",.0,"","W",0,"9",0,"8","","8","",""
"251190150","DOBRYSZYCE","2012","11","13",.0,"","W",0,"9",0,"8","","8","",""
"251190150","DOBRYSZYCE","2012","11","23",.1,"","W",0,"9",0,"8","","8","",""
"251190150","DOBRYSZYCE","2012","11","27",.1,"","W",0,"9",0,"8","","8","",""
"251190150","DOBRYSZYCE","2012","11","28",.2,"","W",0,"9",0,"8","","8","",""
"251190150","DOBRYSZYCE","2012","11","29",.0,"","W",0,"9",0,"8","","8","",""
"251190150","DOBRYSZYCE","2012","11","30",2.0,"","W",0,"9",0,"8","","8","",""
"251190160","PRZEDB”RZ","2012","11","01",3.3,"","W",0,"9",0,"8","","8",".",""
"251190160","PRZEDB”RZ","2012","11","02",.4,"","W",0,"9",0,"8","","8",".",""
"251190160","PRZEDB”RZ","2012","11","03",.0,"","W",0,"9",0,"8","","8",".",""
"251190160","PRZEDB”RZ","2012","11","04",14.5,"","W",0,"9",0,"8","","8",".",""
"251190160","PRZEDB”RZ","2012","11","05",8.5,"","W",0,"9",0,"8","","8",".",""
"251190160","PRZEDB”RZ","2012","11","06",.8,"","W",0,"9",0,"8","","8",".",""
"251190160","PRZEDB”RZ","2012","11","07",2.0,"","W",0,"9",0,"8","","8",".",""
"251190160","PRZEDB”RZ","2012","11","08",.1,"","W",0,"9",0,"8","","8",".",""
"251190160","PRZEDB”RZ","2012","11","09",.8,"","W",0,"9",0,"8","","8",".",""
"251190160","PRZEDB”RZ","2012","11","21",.2,"","W",0,"9",0,"8","","8",".",""
"251190160","PRZEDB”RZ","2012","11","24",.0,"","W",0,"9",0,"8","","8",".",""
"251190160","PRZEDB”RZ","2012","11","26",.0,"","W",0,"9",0,"8","","8",".",""
"251190160","PRZEDB”RZ","2012","11","27",.2,"","W",0,"9",0,"8","","8",".",""
"251190160","PRZEDB”RZ","2012","11","28",1.1,"","W",0,"9",0,"8","","8",".",""
"251190160","PRZEDB”RZ","2012","11","29",.8,"","W",0,"9",0,"8","","8",".",""
"251190160","PRZEDB”RZ","2012","11","30",2.8,"","W",0,"9",0,"8","","8",".",""
"251190170","W•SOSZ G”RNY","2012","11","01",3.1,"","W",0,"9",0,"8","","8",".",""
"251190170","W•SOSZ G”RNY","2012","11","02",.4,"","W",0,"9",0,"8","","8",".",""
"251190170","W•SOSZ G”RNY","2012","11","04",12.3,"","W",0,"9",0,"8","","8",".",""
"251190170","W•SOSZ G”RNY","2012","11","05",7.4,"","W",0,"9",0,"8","","8",".",""
"251190170","W•SOSZ G”RNY","2012","11","06",2.3,"","W",0,"9",0,"8","","8",".",""
"251190170","W•SOSZ G”RNY","2012","11","07",3.1,"","W",0,"9",0,"8","","8",".",""
"251190170","W•SOSZ G”RNY","2012","11","08",.1,"","W",0,"9",0,"8","","8",".",""
"251190170","W•SOSZ G”RNY","2012","11","09",.1,"","W",0,"9",0,"8","","8",".",""
"251190170","W•SOSZ G”RNY","2012","11","27",.1,"","W",0,"9",0,"8","","8",".",""
"251190170","W•SOSZ G”RNY","2012","11","28",.4,"","W",0,"9",0,"8","","8",".",""
"251190170","W•SOSZ G”RNY","2012","11","29",.3,"","W",0,"9",0,"8","","8",".",""
"251190170","W•SOSZ G”RNY","2012","11","30",3.3,"","W",0,"9",0,"8","","8",".",""
"251190180","BOBRY","2012","11","01",3.1,"","W",0,"9",0,"8","","8",".",""
"251190180","BOBRY","2012","11","02",.6,"","W",0,"9",0,"8","","8",".",""
"251190180","BOBRY","2012","11","03",.1,"","W",0,"9",0,"8","","8",".",""
"251190180","BOBRY","2012","11","04",14.1,"","W",0,"9",0,"8","","8",".",""
"251190180","BOBRY","2012","11","05",7.3,"","W",0,"9",0,"8","","8",".",""
"251190180","BOBRY","2012","11","06",2.1,"","W",0,"9",0,"8","","8",".",""
"251190180","BOBRY","2012","11","07",2.9,"","W",0,"9",0,"8","","8",".",""
"251190180","BOBRY","2012","11","08",.2,"","W",0,"9",0,"8","","8",".",""
"251190180","BOBRY","2012","11","09",1.3,"","W",0,"9",0,"8","","8",".",""
"251190180","BOBRY","2012","11","10",.1,"","W",0,"9",0,"8","","8",".",""
"251190180","BOBRY","2012","11","27",.2,"","W",0,"9",0,"8","","8",".",""
"251190180","BOBRY","2012","11","28",1.5,"","W",0,"9",0,"8","","8",".",""
"251190180","BOBRY","2012","11","29",.2,"","W",0,"9",0,"8","","8",".",""
"251190180","BOBRY","2012","11","30",2.9,"","S",0,"9",0,"8","","8",".",""
"251200010","MSZCZON”W","2012","11","01",4.1,"","W",0,"9",0,"8","","8","PL",""
"251200010","MSZCZON”W","2012","11","02",.7,"","W",0,"9",0,"8","","8",".",""
"251200010","MSZCZON”W","2012","11","04",5.8,"","W",0,"9",0,"8","","8",".",""
"251200010","MSZCZON”W","2012","11","05",8.1,"","W",0,"9",0,"8","","8",".",""
"251200010","MSZCZON”W","2012","11","06",1.4,"","W",0,"9",0,"8","","8",".",""
"251200010","MSZCZON”W","2012","11","07",4.3,"","W",0,"9",0,"8","","8",".",""
"251200010","MSZCZON”W","2012","11","08",.4,"","W",0,"9",0,"8","","8",".",""
"251200010","MSZCZON”W","2012","11","16",.1,"","W",0,"9",0,"8","","8",".",""
"251200010","MSZCZON”W","2012","11","27",2.1,"","W",0,"9",0,"8","","8",".",""
"251200010","MSZCZON”W","2012","11","29",1.7,"","W",0,"9",0,"8","","8",".",""
"251200010","MSZCZON”W","2012","11","30",2.7,"","S",0,"9",0,"8","","8",".",""
"251200050","SADKOWICE","2012","11","01",6.6,"","W",0,"9",0,"8","","8",".",""
"251200050","SADKOWICE","2012","11","02",.8,"","W",0,"9",0,"8","","8",".",""
"251200050","SADKOWICE","2012","11","04",7.5,"","W",0,"9",0,"8","","8",".",""
"251200050","SADKOWICE","2012","11","05",8.3,"","W",0,"9",0,"8","","8",".",""
"251200050","SADKOWICE","2012","11","06",.4,"","W",0,"9",0,"8","","8",".",""
"251200050","SADKOWICE","2012","11","07",2.7,"","W",0,"9",0,"8","","8",".",""
"251200050","SADKOWICE","2012","11","09",1.4,"","W",0,"9",0,"8","","8",".",""
"251200050","SADKOWICE","2012","11","27",.7,"","W",0,"9",0,"8","","8",".",""
"251200050","SADKOWICE","2012","11","29",2.4,"","W",0,"9",0,"8","","8",".",""
"251200050","SADKOWICE","2012","11","30",2.3,"","S",0,"9",0,"8","","8",".",""
"251200070","W”LKA JAGIELCZY—SKA","2012","11","01",2.7,"","W",0,"9",0,"8","","8","PL",""
"251200070","W”LKA JAGIELCZY—SKA","2012","11","02",.4,"","W",0,"9",0,"8","","8",".",""
"251200070","W”LKA JAGIELCZY—SKA","2012","11","04",8.3,"","W",0,"9",0,"8","","8",".",""
"251200070","W”LKA JAGIELCZY—SKA","2012","11","05",6.6,"","W",0,"9",0,"8","","8",".",""
"251200070","W”LKA JAGIELCZY—SKA","2012","11","06",1.6,"","W",0,"9",0,"8","","8",".",""
"251200070","W”LKA JAGIELCZY—SKA","2012","11","07",2.5,"","W",0,"9",0,"8","","8",".",""
"251200070","W”LKA JAGIELCZY—SKA","2012","11","27",1.6,"","W",0,"9",0,"8","","8",".",""
"251200070","W”LKA JAGIELCZY—SKA","2012","11","29",1.1,"","W",0,"9",0,"8","","8",".",""
"251200070","W”LKA JAGIELCZY—SKA","2012","11","30",1.2,"","W",0,"9",0,"8","","8",".",""
"251200080","BIA£OBRZEGI","2012","11","01",3.8,"","W",0,"9",0,"8","","8",".",""
"251200080","BIA£OBRZEGI","2012","11","04",4.7,"","W",0,"9",0,"8","","8",".",""
"251200080","BIA£OBRZEGI","2012","11","05",10.6,"","W",0,"9",0,"8","","8",".",""
"251200080","BIA£OBRZEGI","2012","11","06",.2,"","W",0,"9",0,"8","","8",".",""
"251200080","BIA£OBRZEGI","2012","11","07",5.3,"","W",0,"9",0,"8","","8",".",""
"251200080","BIA£OBRZEGI","2012","11","09",.8,"","W",0,"9",0,"8","","8",".",""
"251200080","BIA£OBRZEGI","2012","11","22",.5,"","W",0,"9",0,"8","","8",".",""
"251200080","BIA£OBRZEGI","2012","11","27",.6,"","W",0,"9",0,"8","","8",".",""
"251200080","BIA£OBRZEGI","2012","11","29",1.5,"","W",0,"9",0,"8","","8",".",""
"251200080","BIA£OBRZEGI","2012","11","30",2.1,"","W",0,"9",0,"8","","8",".",""
"251200110","ODRZYW”£","2012","11","01",6.3,"","W",0,"9",0,"8","","8",".",""
"251200110","ODRZYW”£","2012","11","02",.6,"","W",0,"9",0,"8","","8",".",""
"251200110","ODRZYW”£","2012","11","04",10.0,"","W",0,"9",0,"8","","8",".",""
"251200110","ODRZYW”£","2012","11","05",6.6,"","W",0,"9",0,"8","","8",".",""
"251200110","ODRZYW”£","2012","11","06",.1,"","W",0,"9",0,"8","","8",".",""
"251200110","ODRZYW”£","2012","11","07",2.4,"","W",0,"9",0,"8","","8",".",""
"251200110","ODRZYW”£","2012","11","08",.3,"","W",0,"9",0,"8","","8",".",""
"251200110","ODRZYW”£","2012","11","09",.1,"","W",0,"9",0,"8","","8",".",""
"251200110","ODRZYW”£","2012","11","27",.1,"","W",0,"9",0,"8","","8",".",""
"251200110","ODRZYW”£","2012","11","28",.2,"","W",0,"9",0,"8","","8",".",""
"251200110","ODRZYW”£","2012","11","29",1.9,"","W",0,"9",0,"8","","8",".",""
"251200110","ODRZYW”£","2012","11","30",1.5,"","W",0,"9",0,"8","","8",".",""
"251200120","S£OWIK”W","2012","11","01",3.6,"","W",0,"9",0,"8","","8",".",""
"251200120","S£OWIK”W","2012","11","02",1.6,"","W",0,"9",0,"8","","8",".",""
"251200120","S£OWIK”W","2012","11","04",8.4,"","W",0,"9",0,"8","","8",".",""
"251200120","S£OWIK”W","2012","11","05",9.2,"","W",0,"9",0,"8","","8",".",""
"251200120","S£OWIK”W","2012","11","06",2.6,"","W",0,"9",0,"8","","8",".",""
"251200120","S£OWIK”W","2012","11","07",1.0,"","W",0,"9",0,"8","","8",".",""
"251200120","S£OWIK”W","2012","11","08",.3,"","W",0,"9",0,"8","","8",".",""
"251200120","S£OWIK”W","2012","11","21",2.0,"","W",0,"9",0,"8","","8",".",""
"251200120","S£OWIK”W","2012","11","22",.8,"","W",0,"9",0,"8","","8",".",""
"251200120","S£OWIK”W","2012","11","27",.6,"","W",0,"9",0,"8","","8",".",""
"251200120","S£OWIK”W","2012","11","28",.7,"","W",0,"9",0,"8","","8",".",""
"251200120","S£OWIK”W","2012","11","29",2.3,"","W",0,"9",0,"8","","8",".",""
"251200120","S£OWIK”W","2012","11","30",1.6,"","W",0,"9",0,"8","","8",".",""
"251200130","OPOCZNO","2012","11","01",3.8,"","W",0,"9",0,"8","","8",".",""
"251200130","OPOCZNO","2012","11","02",.8,"","W",0,"9",0,"8","","8",".",""
"251200130","OPOCZNO","2012","11","04",10.2,"","W",0,"9",0,"8","","8",".",""
"251200130","OPOCZNO","2012","11","05",8.1,"","W",0,"9",0,"8","","8",".",""
"251200130","OPOCZNO","2012","11","06",.8,"","W",0,"9",0,"8","","8",".",""
"251200130","OPOCZNO","2012","11","07",3.9,"","W",0,"9",0,"8","","8",".",""
"251200130","OPOCZNO","2012","11","08",.5,"","W",0,"9",0,"8","","8",".",""
"251200130","OPOCZNO","2012","11","09",.5,"","W",0,"9",0,"8","","8",".",""
"251200130","OPOCZNO","2012","11","21",.4,"","W",0,"9",0,"8","","8",".",""
"251200130","OPOCZNO","2012","11","24",.6,"","W",0,"9",0,"8","","8",".",""
"251200130","OPOCZNO","2012","11","27",.1,"","W",0,"9",0,"8","","8",".",""
"251200130","OPOCZNO","2012","11","29",3.4,"","W",0,"9",0,"8","","8",".",""
"251200130","OPOCZNO","2012","11","30",2.1,"","W",0,"9",0,"8","","8",".",""
"251200140","RUSZKOWICE","2012","11","01",4.4,"","W",0,"9",0,"8","","8","PL",""
"251200140","RUSZKOWICE","2012","11","02",.4,"","W",0,"9",0,"8","","8",".",""
"251200140","RUSZKOWICE","2012","11","04",5.0,"","W",0,"9",0,"8","","8",".",""
"251200140","RUSZKOWICE","2012","11","05",13.5,"","W",0,"9",0,"8","","8",".",""
"251200140","RUSZKOWICE","2012","11","06",.1,"","W",0,"9",0,"8","","8",".",""
"251200140","RUSZKOWICE","2012","11","07",3.2,"","W",0,"9",0,"8","","8",".",""
"251200140","RUSZKOWICE","2012","11","08",.3,"","W",0,"9",0,"8","","8",".",""
"251200140","RUSZKOWICE","2012","11","21",2.1,"","W",0,"9",0,"8","","8",".",""
"251200140","RUSZKOWICE","2012","11","22",.2,"","W",0,"9",0,"8","","8",".",""
"251200140","RUSZKOWICE","2012","11","28",.2,"","W",0,"9",0,"8","","8",".",""
"251200140","RUSZKOWICE","2012","11","29",1.4,"","W",0,"9",0,"8","","8",".",""
"251200140","RUSZKOWICE","2012","11","30",1.0,"","W",0,"9",0,"8","","8",".",""
"251200160","RZUC”W","2012","11","01",4.4,"","W",0,"9",0,"8","","8",".",""
"251200160","RZUC”W","2012","11","02",.6,"","W",0,"9",0,"8","","8",".",""
"251200160","RZUC”W","2012","11","04",4.8,"","W",0,"9",0,"8","","8",".",""
"251200160","RZUC”W","2012","11","05",15.7,"","W",0,"9",0,"8","","8",".",""
"251200160","RZUC”W","2012","11","06",4.5,"","W",0,"9",0,"8","","8",".",""
"251200160","RZUC”W","2012","11","07",.4,"","W",0,"9",0,"8","","8",".",""
"251200160","RZUC”W","2012","11","21",2.4,"","W",0,"9",0,"8","","8",".",""
"251200160","RZUC”W","2012","11","23",.2,"","W",0,"9",0,"8","","8",".",""
"251200160","RZUC”W","2012","11","29",2.7,"","W",0,"9",0,"8","","8",".",""
"251200160","RZUC”W","2012","11","30",1.3,"","W",0,"9",0,"8","","8",".",""
"251200170","CHE£STY","2012","11","01",2.1,"","W",0,"9",0,"8","","8",".",""
"251200170","CHE£STY","2012","11","02",.8,"","W",0,"9",0,"8","","8",".",""
"251200170","CHE£STY","2012","11","04",4.9,"","W",0,"9",0,"8","","8",".",""
"251200170","CHE£STY","2012","11","05",19.4,"","W",0,"9",0,"8","","8",".",""
"251200170","CHE£STY","2012","11","06",.2,"","W",0,"9",0,"8","","8",".",""
"251200170","CHE£STY","2012","11","07",2.5,"","W",0,"9",0,"8","","8",".",""
"251200170","CHE£STY","2012","11","08",.5,"","W",0,"9",0,"8","","8",".",""
"251200170","CHE£STY","2012","11","09",.8,"","W",0,"9",0,"8","","8",".",""
"251200170","CHE£STY","2012","11","21",1.0,"","W",0,"9",0,"8","","8",".",""
"251200170","CHE£STY","2012","11","22",.1,"","W",0,"9",0,"8","","8",".",""
"251200170","CHE£STY","2012","11","23",.0,"","W",0,"9",0,"8","","8",".",""
"251200170","CHE£STY","2012","11","24",.6,"","W",0,"9",0,"8","","8",".",""
"251200170","CHE£STY","2012","11","27",.2,"","W",0,"9",0,"8","","8",".",""
"251200170","CHE£STY","2012","11","28",.4,"","W",0,"9",0,"8","","8",".",""
"251200170","CHE£STY","2012","11","29",2.9,"","W",0,"9",0,"8","","8",".",""
"251200170","CHE£STY","2012","11","30",2.7,"","S",0,"9",0,"8","","8",".",""
"251200180","KO—SKIE","2012","11","01",5.6,"","W",0,"9",0,"8","","8",".",""
"251200180","KO—SKIE","2012","11","02",.9,"","W",0,"9",0,"8","","8",".",""
"251200180","KO—SKIE","2012","11","04",11.3,"","W",0,"9",0,"8","","8",".",""
"251200180","KO—SKIE","2012","11","05",10.9,"","W",0,"9",0,"8","","8",".",""
"251200180","KO—SKIE","2012","11","06",1.2,"","W",0,"9",0,"8","","8",".",""
"251200180","KO—SKIE","2012","11","07",1.7,"","W",0,"9",0,"8","","8",".",""
"251200180","KO—SKIE","2012","11","08",.7,"","W",0,"9",0,"8","","8",".",""
"251200180","KO—SKIE","2012","11","09",.1,"","W",0,"9",0,"8","","8",".",""
"251200180","KO—SKIE","2012","11","10",.3,"","W",0,"9",0,"8","","8",".",""
"251200180","KO—SKIE","2012","11","12",.3,"","W",0,"9",0,"8","","8",".",""
"251200180","KO—SKIE","2012","11","17",.2,"","W",0,"9",0,"8","","8",".",""
"251200180","KO—SKIE","2012","11","21",.5,"","W",0,"9",0,"8","","8",".",""
"251200180","KO—SKIE","2012","11","23",.1,"","W",0,"9",0,"8","","8",".",""
"251200180","KO—SKIE","2012","11","24",.7,"","W",0,"9",0,"8","","8",".",""
"251200180","KO—SKIE","2012","11","27",.1,"","W",0,"9",0,"8","","8",".",""
"251200180","KO—SKIE","2012","11","28",.1,"","W",0,"9",0,"8","","8",".",""
"251200180","KO—SKIE","2012","11","29",2.0,"","W",0,"9",0,"8","","8",".",""
"251200180","KO—SKIE","2012","11","30",2.4,"","W",0,"9",0,"8","","8",".",""
"251200190","MROCZK”W","2012","11","01",6.0,"","W",0,"9",0,"8","","8",".",""
"251200190","MROCZK”W","2012","11","02",.8,"","W",0,"9",0,"8","","8",".",""
"251200190","MROCZK”W","2012","11","04",8.0,"","W",0,"9",0,"8","","8",".",""
"251200190","MROCZK”W","2012","11","05",12.3,"","W",0,"9",0,"8","","8",".",""
"251200190","MROCZK”W","2012","11","06",.3,"","W",0,"9",0,"8","","8",".",""
"251200190","MROCZK”W","2012","11","07",2.5,"","W",0,"9",0,"8","","8",".",""
"251200190","MROCZK”W","2012","11","08",.4,"","W",0,"9",0,"8","","8",".",""
"251200190","MROCZK”W","2012","11","09",.5,"","W",0,"9",0,"8","","8",".",""
"251200190","MROCZK”W","2012","11","11",.0,"","W",0,"9",0,"8","","8",".",""
"251200190","MROCZK”W","2012","11","12",.2,"","W",0,"9",0,"8","","8",".",""
"251200190","MROCZK”W","2012","11","21",.0,"","W",0,"9",0,"8","","8",".",""
"251200190","MROCZK”W","2012","11","22",2.6,"","W",0,"9",0,"8","","8",".",""
"251200190","MROCZK”W","2012","11","23",.0,"","W",0,"9",0,"8","","8",".",""
"251200190","MROCZK”W","2012","11","24",.6,"","W",0,"9",0,"8","","8",".",""
"251200190","MROCZK”W","2012","11","28",.1,"","W",0,"9",0,"8","","8",".",""
"251200190","MROCZK”W","2012","11","29",2.8,"","W",0,"9",0,"8","","8",".",""
"251200190","MROCZK”W","2012","11","30",1.9,"","S",0,"9",0,"8","","8",".",""
"251200220","W£OCH”W","2012","11","01",5.3,"","W",0,"9",0,"8","","8",".",""
"251200220","W£OCH”W","2012","11","02",1.3,"","W",0,"9",0,"8","","8",".",""
"251200220","W£OCH”W","2012","11","04",6.8,"","W",0,"9",0,"8","","8",".",""
"251200220","W£OCH”W","2012","11","05",12.1,"","W",0,"9",0,"8","","8",".",""
"251200220","W£OCH”W","2012","11","06",.2,"","W",0,"9",0,"8","","8",".",""
"251200220","W£OCH”W","2012","11","07",4.2,"","W",0,"9",0,"8","","8",".",""
"251200220","W£OCH”W","2012","11","08",.3,"","W",0,"9",0,"8","","8",".",""
"251200220","W£OCH”W","2012","11","09",.6,"","W",0,"9",0,"8","","8",".",""
"251200220","W£OCH”W","2012","11","12",.2,"","W",0,"9",0,"8","","8",".",""
"251200220","W£OCH”W","2012","11","21",3.1,"","W",0,"9",0,"8","","8",".",""
"251200220","W£OCH”W","2012","11","22",.2,"","W",0,"9",0,"8","","8",".",""
"251200220","W£OCH”W","2012","11","23",.1,"","W",0,"9",0,"8","","8",".",""
"251200220","W£OCH”W","2012","11","24",.5,"","W",0,"9",0,"8","","8",".",""
"251200220","W£OCH”W","2012","11","28",.2,"","W",0,"9",0,"8","","8",".",""
"251200220","W£OCH”W","2012","11","29",2.1,"","W",0,"9",0,"8","","8",".",""
"251200220","W£OCH”W","2012","11","30",3.1,"","S",0,"9",0,"8","","8",".",""
"251200230","WIELKA WIEå","2012","11","01",9.0,"","W",0,"9",0,"8","","8","PL",""
"251200230","WIELKA WIEå","2012","11","02",.2,"","W",0,"9",0,"8","","8",".",""
"251200230","WIELKA WIEå","2012","11","04",5.4,"","W",0,"9",0,"8","","8",".",""
"251200230","WIELKA WIEå","2012","11","05",17.1,"","W",0,"9",0,"8","","8",".",""
"251200230","WIELKA WIEå","2012","11","06",.6,"","W",0,"9",0,"8","","8",".",""
"251200230","WIELKA WIEå","2012","11","07",3.4,"","W",0,"9",0,"8","","8",".",""
"251200230","WIELKA WIEå","2012","11","08",.0,"","W",0,"9",0,"8","","8",".",""
"251200230","WIELKA WIEå","2012","11","09",1.4,"","W",0,"9",0,"8","","8",".",""
"251200230","WIELKA WIEå","2012","11","11",.2,"","W",0,"9",0,"8","","8",".",""
"251200230","WIELKA WIEå","2012","11","12",.3,"","W",0,"9",0,"8","","8",".",""
"251200230","WIELKA WIEå","2012","11","22",.2,"","W",0,"9",0,"8","","8",".",""
"251200230","WIELKA WIEå","2012","11","24",.1,"","W",0,"9",0,"8","","8",".",""
"251200230","WIELKA WIEå","2012","11","29",.3,"","W",0,"9",0,"8","","8",".",""
"251200230","WIELKA WIEå","2012","11","30",1.4,"","W",0,"9",0,"8","","8",".",""
"251200240","STANOWISKA","2012","11","01",6.5,"","W",0,"9",0,"8","","8",".",""
"251200240","STANOWISKA","2012","11","02",1.3,"","W",0,"9",0,"8","","8",".",""
"251200240","STANOWISKA","2012","11","03",.0,"","W",0,"9",0,"8","","8",".",""
"251200240","STANOWISKA","2012","11","04",9.8,"","W",0,"9",0,"8","","8",".",""
"251200240","STANOWISKA","2012","11","05",10.5,"","W",0,"9",0,"8","","8",".",""
"251200240","STANOWISKA","2012","11","06",.6,"","W",0,"9",0,"8","","8",".",""
"251200240","STANOWISKA","2012","11","07",2.6,"","W",0,"9",0,"8","","8",".",""
"251200240","STANOWISKA","2012","11","08",.1,"","W",0,"9",0,"8","","8",".",""
"251200240","STANOWISKA","2012","11","09",.6,"","W",0,"9",0,"8","","8",".",""
"251200240","STANOWISKA","2012","11","11",.2,"","W",0,"9",0,"8","","8",".",""
"251200240","STANOWISKA","2012","11","12",.0,"","W",0,"9",0,"8","","8",".",""
"251200240","STANOWISKA","2012","11","21",1.0,"","W",0,"9",0,"8","","8",".",""
"251200240","STANOWISKA","2012","11","23",.2,"","W",0,"9",0,"8","","8",".",""
"251200240","STANOWISKA","2012","11","24",.2,"","W",0,"9",0,"8","","8",".",""
"251200240","STANOWISKA","2012","11","27",.0,"","W",0,"9",0,"8","","8",".",""
"251200240","STANOWISKA","2012","11","28",.4,"","W",0,"9",0,"8","","8",".",""
"251200240","STANOWISKA","2012","11","29",2.3,"","W",0,"9",0,"8","","8",".",""
"251200240","STANOWISKA","2012","11","30",2.5,"","S",0,"9",0,"8","","8",".",""
"251200250","SUCHEDNI”W","2012","11","01",5.9,"","W",0,"9",0,"8","","8",".",""
"251200250","SUCHEDNI”W","2012","11","02",.6,"","W",0,"9",0,"8","","8",".",""
"251200250","SUCHEDNI”W","2012","11","04",7.5,"","W",0,"9",0,"8","","8",".",""
"251200250","SUCHEDNI”W","2012","11","05",13.6,"","W",0,"9",0,"8","","8",".",""
"251200250","SUCHEDNI”W","2012","11","06",.2,"","W",0,"9",0,"8","","8",".",""
"251200250","SUCHEDNI”W","2012","11","07",2.5,"","W",0,"9",0,"8","","8",".",""
"251200250","SUCHEDNI”W","2012","11","08",.8,"","W",0,"9",0,"8","","8",".",""
"251200250","SUCHEDNI”W","2012","11","09",.6,"","W",0,"9",0,"8","","8",".",""
"251200250","SUCHEDNI”W","2012","11","11",.1,"","W",0,"9",0,"8","","8",".",""
"251200250","SUCHEDNI”W","2012","11","12",.5,"","W",0,"9",0,"8","","8",".",""
"251200250","SUCHEDNI”W","2012","11","21",.3,"","W",0,"9",0,"8","","8",".",""
"251200250","SUCHEDNI”W","2012","11","22",1.2,"","W",0,"9",0,"8","","8",".",""
"251200250","SUCHEDNI”W","2012","11","24",.2,"","W",0,"9",0,"8","","8",".",""
"251200250","SUCHEDNI”W","2012","11","28",.1,"","W",0,"9",0,"8","","8",".",""
"251200250","SUCHEDNI”W","2012","11","29",2.0,"","W",0,"9",0,"8","","8",".",""
"251200250","SUCHEDNI”W","2012","11","30",2.0,"","S",0,"9",0,"8","","8",".",""
"251200260","PILCZYCA","2012","11","01",3.0,"","W",0,"9",0,"8","","8",".",""
"251200260","PILCZYCA","2012","11","02",.7,"","W",0,"9",0,"8","","8",".",""
"251200260","PILCZYCA","2012","11","04",15.4,"","W",0,"9",0,"8","","8",".",""
"251200260","PILCZYCA","2012","11","05",10.0,"","W",0,"9",0,"8","","8",".",""
"251200260","PILCZYCA","2012","11","06",.3,"","W",0,"9",0,"8","","8",".",""
"251200260","PILCZYCA","2012","11","07",1.8,"","W",0,"9",0,"8","","8",".",""
"251200260","PILCZYCA","2012","11","08",.1,"","W",0,"9",0,"8","","8",".",""
"251200260","PILCZYCA","2012","11","09",1.0,"","W",0,"9",0,"8","","8",".",""
"251200260","PILCZYCA","2012","11","11",.2,"","W",0,"9",0,"8","","8",".",""
"251200260","PILCZYCA","2012","11","21",1.2,"","W",0,"9",0,"8","","8",".",""
"251200260","PILCZYCA","2012","11","26",.1,"","W",0,"9",0,"8","","8",".",""
"251200260","PILCZYCA","2012","11","28",.5,"","W",0,"9",0,"8","","8",".",""
"251200260","PILCZYCA","2012","11","29",1.5,"","W",0,"9",0,"8","","8",".",""
"251200260","PILCZYCA","2012","11","30",2.7,"","S",0,"9",0,"8","","8",".",""
"251200270","D•BR”WKA STARA","2012","11","01",3.8,"","W",0,"9",0,"8","","8",".",""
"251200270","D•BR”WKA STARA","2012","11","04",7.4,"","W",0,"9",0,"8","","8",".",""
"251200270","D•BR”WKA STARA","2012","11","05",6.2,"","W",0,"9",0,"8","","8",".",""
"251200270","D•BR”WKA STARA","2012","11","06",2.0,"","W",0,"9",0,"8","","8",".",""
"251200270","D•BR”WKA STARA","2012","11","07",5.4,"","W",0,"9",0,"8","","8",".",""
"251200270","D•BR”WKA STARA","2012","11","08",.0,"","W",0,"9",0,"8","","8",".",""
"251200270","D•BR”WKA STARA","2012","11","09",1.4,"","W",0,"9",0,"8","","8",".",""
"251200270","D•BR”WKA STARA","2012","11","10",.0,"","W",0,"9",0,"8","","8",".",""
"251200270","D•BR”WKA STARA","2012","11","11",.0,"","W",0,"9",0,"8","","8",".",""
"251200270","D•BR”WKA STARA","2012","11","18",.1,"","W",0,"9",0,"8","","8",".",""
"251200270","D•BR”WKA STARA","2012","11","19",.0,"","W",0,"9",0,"8","","8",".",""
"251200270","D•BR”WKA STARA","2012","11","27",.5,"","W",0,"9",0,"8","","8",".",""
"251200270","D•BR”WKA STARA","2012","11","29",3.5,"","W",0,"9",0,"8","","8",".",""
"251200270","D•BR”WKA STARA","2012","11","30",.8,"","W",0,"9",0,"8","","8",".",""
"251200290","TEOFIL”W","2012","11","01",3.6,"","W",0,"9",0,"8","","8",".",""
"251200290","TEOFIL”W","2012","11","02",.5,"","W",0,"9",0,"8","","8",".",""
"251200290","TEOFIL”W","2012","11","04",9.9,"","W",0,"9",0,"8","","8",".",""
"251200290","TEOFIL”W","2012","11","05",8.4,"","W",0,"9",0,"8","","8",".",""
"251200290","TEOFIL”W","2012","11","06",.1,"","W",0,"9",0,"8","","8",".",""
"251200290","TEOFIL”W","2012","11","07",3.1,"","W",0,"9",0,"8","","8",".",""
"251200290","TEOFIL”W","2012","11","08",.0,"","W",0,"9",0,"8","","8",".",""
"251200290","TEOFIL”W","2012","11","09",.1,"","W",0,"9",0,"8","","8",".",""
"251200290","TEOFIL”W","2012","11","24",.1,"","W",0,"9",0,"8","","8",".",""
"251200290","TEOFIL”W","2012","11","27",.3,"","W",0,"9",0,"8","","8",".",""
"251200290","TEOFIL”W","2012","11","28",.3,"","W",0,"9",0,"8","","8",".",""
"251200290","TEOFIL”W","2012","11","29",1.7,"","W",0,"9",0,"8","","8",".",""
"251200290","TEOFIL”W","2012","11","30",1.9,"","S",0,"9",0,"8","","8",".",""
"251210010","G”RA KALWARIA","2012","11","01",6.8,"","W",0,"9",0,"8","","8",".",""
"251210010","G”RA KALWARIA","2012","11","04",8.4,"","W",0,"9",0,"8","","8",".",""
"251210010","G”RA KALWARIA","2012","11","05",3.5,"","W",0,"9",0,"8","","8",".",""
"251210010","G”RA KALWARIA","2012","11","06",1.8,"","W",0,"9",0,"8","","8",".",""
"251210010","G”RA KALWARIA","2012","11","07",2.2,"","W",0,"9",0,"8","","8",".",""
"251210010","G”RA KALWARIA","2012","11","09",.1,"","W",0,"9",0,"8","","8",".",""
"251210010","G”RA KALWARIA","2012","11","27",1.2,"","W",0,"9",0,"8","","8",".",""
"251210010","G”RA KALWARIA","2012","11","28",.1,"","W",0,"9",0,"8","","8",".",""
"251210010","G”RA KALWARIA","2012","11","29",1.1,"","W",0,"9",0,"8","","8",".",""
"251210010","G”RA KALWARIA","2012","11","30",2.2,"","W",0,"9",0,"8","","8",".",""
"251210020","UNIN KOLONIA","2012","11","01",3.3,"","W",0,"9",0,"8","","8",".",""
"251210020","UNIN KOLONIA","2012","11","02",1.0,"","W",0,"9",0,"8","","8",".",""
"251210020","UNIN KOLONIA","2012","11","04",9.8,"","W",0,"9",0,"8","","8",".",""
"251210020","UNIN KOLONIA","2012","11","05",5.6,"","W",0,"9",0,"8","","8",".",""
"251210020","UNIN KOLONIA","2012","11","06",1.5,"","W",0,"9",0,"8","","8",".",""
"251210020","UNIN KOLONIA","2012","11","07",1.6,"","W",0,"9",0,"8","","8",".",""
"251210020","UNIN KOLONIA","2012","11","08",.6,"","W",0,"9",0,"8","","8",".",""
"251210020","UNIN KOLONIA","2012","11","09",.5,"","W",0,"9",0,"8","","8",".",""
"251210020","UNIN KOLONIA","2012","11","24",.2,"","W",0,"9",0,"8","","8",".",""
"251210020","UNIN KOLONIA","2012","11","25",.2,"","W",0,"9",0,"8","","8",".",""
"251210020","UNIN KOLONIA","2012","11","27",.6,"","W",0,"9",0,"8","","8",".",""
"251210020","UNIN KOLONIA","2012","11","29",1.0,"","W",0,"9",0,"8","","8",".",""
"251210020","UNIN KOLONIA","2012","11","30",2.1,"","W",0,"9",0,"8","","8",".",""
"251210050","BOGLEWICE","2012","11","01",3.9,"","W",0,"9",0,"8","","8",".",""
"251210050","BOGLEWICE","2012","11","02",1.0,"","W",0,"9",0,"8","","8",".",""
"251210050","BOGLEWICE","2012","11","04",8.3,"","W",0,"9",0,"8","","8",".",""
"251210050","BOGLEWICE","2012","11","05",4.5,"","W",0,"9",0,"8","","8",".",""
"251210050","BOGLEWICE","2012","11","06",1.2,"","W",0,"9",0,"8","","8",".",""
"251210050","BOGLEWICE","2012","11","07",3.0,"","W",0,"9",0,"8","","8",".",""
"251210050","BOGLEWICE","2012","11","08",.3,"","W",0,"9",0,"8","","8",".",""
"251210050","BOGLEWICE","2012","11","09",.3,"","W",0,"9",0,"8","","8",".",""
"251210050","BOGLEWICE","2012","11","22",.2,"","W",0,"9",0,"8","","8",".",""
"251210050","BOGLEWICE","2012","11","27",.3,"","W",0,"9",0,"8","","8",".",""
"251210050","BOGLEWICE","2012","11","28",.1,"","W",0,"9",0,"8","","8",".",""
"251210050","BOGLEWICE","2012","11","29",2.0,"","W",0,"9",0,"8","","8",".",""
"251210050","BOGLEWICE","2012","11","30",1.6,"","W",0,"9",0,"8","","8",".",""
"251210070","KOZICE (ØYCZYN)","2012","11","01",6.4,"","W",0,"9",0,"8","","8",".",""
"251210070","KOZICE (ØYCZYN)","2012","11","02",3.6,"","W",0,"9",0,"8","","8",".",""
"251210070","KOZICE (ØYCZYN)","2012","11","04",8.3,"","W",0,"9",0,"8","","8",".",""
"251210070","KOZICE (ØYCZYN)","2012","11","05",2.4,"","W",0,"9",0,"8","","8",".",""
"251210070","KOZICE (ØYCZYN)","2012","11","06",2.2,"","W",0,"9",0,"8","","8",".",""
"251210070","KOZICE (ØYCZYN)","2012","11","07",1.6,"","W",0,"9",0,"8","","8",".",""
"251210070","KOZICE (ØYCZYN)","2012","11","09",2.1,"","W",0,"9",0,"8","","8",".",""
"251210070","KOZICE (ØYCZYN)","2012","11","25",1.1,"","W",0,"9",0,"8","","8",".",""
"251210070","KOZICE (ØYCZYN)","2012","11","27",.7,"","W",0,"9",0,"8","","8",".",""
"251210070","KOZICE (ØYCZYN)","2012","11","30",1.4,"","W",0,"9",0,"8","","8",".",""
"251210080","D BLIN","2012","11","01",2.5,"","W",0,"9",0,"8","","8",".",""
"251210080","D BLIN","2012","11","02",1.3,"","W",0,"9",0,"8","","8",".",""
"251210080","D BLIN","2012","11","04",2.5,"","W",0,"9",0,"8","","8",".",""
"251210080","D BLIN","2012","11","05",12.5,"","W",0,"9",0,"8","","8",".",""
"251210080","D BLIN","2012","11","06",2.0,"","W",0,"9",0,"8","","8",".",""
"251210080","D BLIN","2012","11","07",5.0,"","W",0,"9",0,"8","","8",".",""
"251210080","D BLIN","2012","11","08",.5,"","W",0,"9",0,"8","","8",".",""
"251210080","D BLIN","2012","11","09",.6,"","W",0,"9",0,"8","","8",".",""
"251210080","D BLIN","2012","11","12",.0,"","W",0,"9",0,"8","","8",".",""
"251210080","D BLIN","2012","11","23",.5,"","W",0,"9",0,"8","","8",".",""
"251210080","D BLIN","2012","11","25",.2,"","W",0,"9",0,"8","","8",".",""
"251210080","D BLIN","2012","11","27",.2,"","W",0,"9",0,"8","","8",".",""
"251210080","D BLIN","2012","11","29",.3,"","W",0,"9",0,"8","","8",".",""
"251210080","D BLIN","2012","11","30",1.8,"","W",0,"9",0,"8","","8",".",""
"251210090","BARTODZIEJE","2012","11","01",2.1,"","W",0,"9",0,"8","","8",".",""
"251210090","BARTODZIEJE","2012","11","02",.4,"","W",0,"9",0,"8","","8",".",""
"251210090","BARTODZIEJE","2012","11","04",4.7,"","W",0,"9",0,"8","","8",".",""
"251210090","BARTODZIEJE","2012","11","05",12.0,"","W",0,"9",0,"8","","8",".",""
"251210090","BARTODZIEJE","2012","11","06",.2,"","W",0,"9",0,"8","","8",".",""
"251210090","BARTODZIEJE","2012","11","07",2.7,"","W",0,"9",0,"8","","8",".",""
"251210090","BARTODZIEJE","2012","11","08",.3,"","W",0,"9",0,"8","","8",".",""
"251210090","BARTODZIEJE","2012","11","09",.7,"","W",0,"9",0,"8","","8",".",""
"251210090","BARTODZIEJE","2012","11","17",.1,"","W",0,"9",0,"8","","8",".",""
"251210090","BARTODZIEJE","2012","11","20",.1,"","W",0,"9",0,"8","","8",".",""
"251210090","BARTODZIEJE","2012","11","27",.1,"","W",0,"9",0,"8","","8",".",""
"251210090","BARTODZIEJE","2012","11","28",.3,"","W",0,"9",0,"8","","8",".",""
"251210090","BARTODZIEJE","2012","11","29",2.1,"","W",0,"9",0,"8","","8",".",""
"251210090","BARTODZIEJE","2012","11","30",1.4,"","W",0,"9",0,"8","","8",".",""
"251210110","PIONKI","2012","11","01",4.0,"","W",0,"9",0,"8","","8",".",""
"251210110","PIONKI","2012","11","02",.7,"","W",0,"9",0,"8","","8",".",""
"251210110","PIONKI","2012","11","04",6.5,"","W",0,"9",0,"8","","8",".",""
"251210110","PIONKI","2012","11","05",10.6,"","W",0,"9",0,"8","","8",".",""
"251210110","PIONKI","2012","11","06",.2,"","W",0,"9",0,"8","","8",".",""
"251210110","PIONKI","2012","11","07",7.0,"","W",0,"9",0,"8","","8",".",""
"251210110","PIONKI","2012","11","08",.1,"","W",0,"9",0,"8","","8",".",""
"251210110","PIONKI","2012","11","09",.6,"","W",0,"9",0,"8","","8",".",""
"251210110","PIONKI","2012","11","16",.1,"","W",0,"9",0,"8","","8",".",""
"251210110","PIONKI","2012","11","29",.5,"","W",0,"9",0,"8","","8",".",""
"251210110","PIONKI","2012","11","30",1.4,"","W",0,"9",0,"8","","8",".",""
"251210140","SKARYSZEW","2012","11","01",2.6,"","W",0,"9",0,"8","","8",".",""
"251210140","SKARYSZEW","2012","11","02",.8,"","W",0,"9",0,"8","","8",".",""
"251210140","SKARYSZEW","2012","11","04",6.4,"","W",0,"9",0,"8","","8",".",""
"251210140","SKARYSZEW","2012","11","05",14.2,"","W",0,"9",0,"8","","8",".",""
"251210140","SKARYSZEW","2012","11","07",.6,"","W",0,"9",0,"8","","8",".",""
"251210140","SKARYSZEW","2012","11","09",.1,"","W",0,"9",0,"8","","8",".",""
"251210140","SKARYSZEW","2012","11","12",.0,"","W",0,"9",0,"8","","8",".",""
"251210140","SKARYSZEW","2012","11","29",.7,"","W",0,"9",0,"8","","8",".",""
"251210140","SKARYSZEW","2012","11","30",1.3,"","W",0,"9",0,"8","","8",".",""
"251210150","CIEPIEL”W","2012","11","01",2.5,"","W",0,"9",0,"8","","8",".",""
"251210150","CIEPIEL”W","2012","11","02",1.1,"","W",0,"9",0,"8","","8",".",""
"251210150","CIEPIEL”W","2012","11","04",2.0,"","W",0,"9",0,"8","","8",".",""
"251210150","CIEPIEL”W","2012","11","05",13.0,"","W",0,"9",0,"8","","8",".",""
"251210150","CIEPIEL”W","2012","11","07",3.0,"","W",0,"9",0,"8","","8",".",""
"251210150","CIEPIEL”W","2012","11","09",1.2,"","W",0,"9",0,"8","","8",".",""
"251210150","CIEPIEL”W","2012","11","11",.0,"","W",0,"9",0,"8","","8",".",""
"251210150","CIEPIEL”W","2012","11","12",.3,"","W",0,"9",0,"8","","8",".",""
"251210150","CIEPIEL”W","2012","11","29",1.2,"","W",0,"9",0,"8","","8",".",""
"251210150","CIEPIEL”W","2012","11","30",1.5,"","S",0,"9",0,"8","","8",".",""
"251210160","I£ØA","2012","11","01",2.2,"","W",0,"9",0,"8","","8",".",""
"251210160","I£ØA","2012","11","02",1.0,"","W",0,"9",0,"8","","8",".",""
"251210160","I£ØA","2012","11","04",3.3,"","W",0,"9",0,"8","","8",".",""
"251210160","I£ØA","2012","11","05",16.6,"","W",0,"9",0,"8","","8",".",""
"251210160","I£ØA","2012","11","07",1.7,"","W",0,"9",0,"8","","8",".",""
"251210160","I£ØA","2012","11","08",.3,"","W",0,"9",0,"8","","8",".",""
"251210160","I£ØA","2012","11","09",.3,"","W",0,"9",0,"8","","8",".",""
"251210160","I£ØA","2012","11","12",.1,"","W",0,"9",0,"8","","8",".",""
"251210160","I£ØA","2012","11","22",.5,"","W",0,"9",0,"8","","8",".",""
"251210160","I£ØA","2012","11","29",1.3,"","W",0,"9",0,"8","","8",".",""
"251210160","I£ØA","2012","11","30",2.6,"","S",0,"9",0,"8","","8",".",""
"251210180","SOLEC NAD WISL•","2012","11","01",1.8,"","W",0,"9",0,"8","","8",".",""
"251210180","SOLEC NAD WISL•","2012","11","02",1.2,"","W",0,"9",0,"8","","8",".",""
"251210180","SOLEC NAD WISL•","2012","11","04",3.6,"","W",0,"9",0,"8","","8",".",""
"251210180","SOLEC NAD WISL•","2012","11","05",10.0,"","W",0,"9",0,"8","","8",".",""
"251210180","SOLEC NAD WISL•","2012","11","06",.2,"","W",0,"9",0,"8","","8",".",""
"251210180","SOLEC NAD WISL•","2012","11","07",1.4,"","W",0,"9",0,"8","","8",".",""
"251210180","SOLEC NAD WISL•","2012","11","09",.4,"","W",0,"9",0,"8","","8",".",""
"251210180","SOLEC NAD WISL•","2012","11","12",.4,"","W",0,"9",0,"8","","8",".",""
"251210180","SOLEC NAD WISL•","2012","11","28",.3,"","W",0,"9",0,"8","","8",".",""
"251210180","SOLEC NAD WISL•","2012","11","29",.0,"","W",0,"9",0,"8","","8",".",""
"251210180","SOLEC NAD WISL•","2012","11","30",.7,"","W",0,"9",0,"8","","8",".",""
"251210210","GRABOWIEC","2012","11","01",2.3,"","W",0,"9",0,"8","","8","PL",""
"251210210","GRABOWIEC","2012","11","02",.7,"","W",0,"9",0,"8","","8",".",""
"251210210","GRABOWIEC","2012","11","04",3.9,"","W",0,"9",0,"8","","8",".",""
"251210210","GRABOWIEC","2012","11","05",12.4,"","W",0,"9",0,"8","","8",".",""
"251210210","GRABOWIEC","2012","11","07",.6,"","W",0,"9",0,"8","","8",".",""
"251210210","GRABOWIEC","2012","11","09",.4,"","W",0,"9",0,"8","","8",".",""
"251210210","GRABOWIEC","2012","11","12",.6,"","W",0,"9",0,"8","","8",".",""
"251210210","GRABOWIEC","2012","11","13",.1,"","W",0,"9",0,"8","","8",".",""
"251210210","GRABOWIEC","2012","11","15",.1,"","W",0,"9",0,"8","","8",".",""
"251210210","GRABOWIEC","2012","11","16",.1,"","W",0,"9",0,"8","","8",".",""
"251210210","GRABOWIEC","2012","11","29",1.4,"","W",0,"9",0,"8","","8",".",""
"251210210","GRABOWIEC","2012","11","30",2.6,"","S",0,"9",0,"8","","8",".",""
"251210220","OS”WKA","2012","11","01",3.2,"","W",0,"9",0,"8","","8",".",""
"251210220","OS”WKA","2012","11","02",1.2,"","W",0,"9",0,"8","","8",".",""
"251210220","OS”WKA","2012","11","04",3.0,"","W",0,"9",0,"8","","8",".",""
"251210220","OS”WKA","2012","11","05",9.2,"","W",0,"9",0,"8","","8",".",""
"251210220","OS”WKA","2012","11","07",.5,"","W",0,"9",0,"8","","8",".",""
"251210220","OS”WKA","2012","11","08",.2,"","W",0,"9",0,"8","","8",".",""
"251210220","OS”WKA","2012","11","09",.1,"","W",0,"9",0,"8","","8",".",""
"251210220","OS”WKA","2012","11","12",2.5,"","W",0,"9",0,"8","","8",".",""
"251210220","OS”WKA","2012","11","29",1.0,"","W",0,"9",0,"8","","8",".",""
"251210220","OS”WKA","2012","11","30",2.9,"","S",0,"9",0,"8","","8",".",""
"251210230","STARACHOWICE","2012","11","01",2.2,"","W",0,"9",0,"8","","8","PL",""
"251210230","STARACHOWICE","2012","11","02",.2,"","W",0,"9",0,"8","","8",".",""
"251210230","STARACHOWICE","2012","11","04",6.2,"","W",0,"9",0,"8","","8",".",""
"251210230","STARACHOWICE","2012","11","05",14.9,"","W",0,"9",0,"8","","8",".",""
"251210230","STARACHOWICE","2012","11","07",1.1,"","W",0,"9",0,"8","","8",".",""
"251210230","STARACHOWICE","2012","11","08",.0,"","W",0,"9",0,"8","","8",".",""
"251210230","STARACHOWICE","2012","11","09",.4,"","W",0,"9",0,"8","","8",".",""
"251210230","STARACHOWICE","2012","11","12",.6,"","W",0,"9",0,"8","","8",".",""
"251210230","STARACHOWICE","2012","11","16",.1,"","W",0,"9",0,"8","","8",".",""
"251210230","STARACHOWICE","2012","11","17",.2,"","W",0,"9",0,"8","","8",".",""
"251210230","STARACHOWICE","2012","11","20",.0,"","W",0,"9",0,"8","","8",".",""
"251210230","STARACHOWICE","2012","11","22",.9,"","W",0,"9",0,"8","","8",".",""
"251210230","STARACHOWICE","2012","11","23",.1,"","W",0,"9",0,"8","","8",".",""
"251210230","STARACHOWICE","2012","11","24",.4,"","W",0,"9",0,"8","","8",".",""
"251210230","STARACHOWICE","2012","11","29",1.8,"","W",0,"9",0,"8","","8",".",""
"251210230","STARACHOWICE","2012","11","30",2.4,"","S",0,"9",0,"8","","8",".",""
"251210240","BRODY I£ØECKIE","2012","11","01",2.0,"","W",0,"9",0,"8","","8",".",""
"251210240","BRODY I£ØECKIE","2012","11","02",.6,"","W",0,"9",0,"8","","8",".",""
"251210240","BRODY I£ØECKIE","2012","11","04",4.2,"","W",0,"9",0,"8","","8",".",""
"251210240","BRODY I£ØECKIE","2012","11","05",13.1,"","W",0,"9",0,"8","","8",".",""
"251210240","BRODY I£ØECKIE","2012","11","06",.0,"","W",0,"9",0,"8","","8",".",""
"251210240","BRODY I£ØECKIE","2012","11","07",.5,"","W",0,"9",0,"8","","8",".",""
"251210240","BRODY I£ØECKIE","2012","11","08",.1,"","W",0,"9",0,"8","","8",".",""
"251210240","BRODY I£ØECKIE","2012","11","09",.0,"","W",0,"9",0,"8","","8",".",""
"251210240","BRODY I£ØECKIE","2012","11","10",.0,"","W",0,"9",0,"8","","8",".",""
"251210240","BRODY I£ØECKIE","2012","11","12",.1,"","W",0,"9",0,"8","","8",".",""
"251210240","BRODY I£ØECKIE","2012","11","22",.4,"","W",0,"9",0,"8","","8",".",""
"251210240","BRODY I£ØECKIE","2012","11","23",.0,"","W",0,"9",0,"8","","8",".",""
"251210240","BRODY I£ØECKIE","2012","11","24",.5,"","W",0,"9",0,"8","","8",".",""
"251210240","BRODY I£ØECKIE","2012","11","25",.0,"","W",0,"9",0,"8","","8",".",""
"251210240","BRODY I£ØECKIE","2012","11","29",1.1,"","W",0,"9",0,"8","","8",".",""
"251210240","BRODY I£ØECKIE","2012","11","30",2.9,"","S",0,"9",0,"8","","8",".",""
"251210260","MAZAN”W","2012","11","01",1.8,"","W",0,"9",0,"8","","8",".",""
"251210260","MAZAN”W","2012","11","02",1.5,"","W",0,"9",0,"8","","8",".",""
"251210260","MAZAN”W","2012","11","04",2.4,"","W",0,"9",0,"8","","8",".",""
"251210260","MAZAN”W","2012","11","05",10.8,"","W",0,"9",0,"8","","8",".",""
"251210260","MAZAN”W","2012","11","07",.7,"","W",0,"9",0,"8","","8",".",""
"251210260","MAZAN”W","2012","11","08",.0,"","W",0,"9",0,"8","","8",".",""
"251210260","MAZAN”W","2012","11","09",.6,"","W",0,"9",0,"8","","8",".",""
"251210260","MAZAN”W","2012","11","12",.8,"","W",0,"9",0,"8","","8",".",""
"251210260","MAZAN”W","2012","11","22",.2,"","W",0,"9",0,"8","","8",".",""
"251210260","MAZAN”W","2012","11","28",.0,"","W",0,"9",0,"8","","8",".",""
"251210260","MAZAN”W","2012","11","29",.0,"","W",0,"9",0,"8","","8",".",""
"251210260","MAZAN”W","2012","11","30",2.6,"","S",0,"9",0,"8","","8",".",""
"251210270","BASIN”W","2012","11","01",3.7,"","W",0,"9",0,"8","","8",".",""
"251210270","BASIN”W","2012","11","02",.3,"","W",0,"9",0,"8","","8",".",""
"251210270","BASIN”W","2012","11","04",4.1,"","W",0,"9",0,"8","","8",".",""
"251210270","BASIN”W","2012","11","05",10.4,"","W",0,"9",0,"8","","8",".",""
"251210270","BASIN”W","2012","11","06",1.7,"","W",0,"9",0,"8","","8",".",""
"251210270","BASIN”W","2012","11","07",2.5,"","W",0,"9",0,"8","","8",".",""
"251210270","BASIN”W","2012","11","08",.2,"","W",0,"9",0,"8","","8",".",""
"251210270","BASIN”W","2012","11","09",.8,"","W",0,"9",0,"8","","8",".",""
"251210270","BASIN”W","2012","11","25",.1,"","W",0,"9",0,"8","","8",".",""
"251210270","BASIN”W","2012","11","27",.2,"","W",0,"9",0,"8","","8",".",""
"251210270","BASIN”W","2012","11","29",3.2,"","W",0,"9",0,"8","","8",".",""
"251210270","BASIN”W","2012","11","30",1.5,"","W",0,"9",0,"8","","8",".",""
"251210290","SARN”WEK DUØY","2012","11","01",2.5,"","W",0,"9",0,"8","","8",".",""
"251210290","SARN”WEK DUØY","2012","11","02",.5,"","W",0,"9",0,"8","","8",".",""
"251210290","SARN”WEK DUØY","2012","11","04",3.0,"","W",0,"9",0,"8","","8",".",""
"251210290","SARN”WEK DUØY","2012","11","05",9.4,"","W",0,"9",0,"8","","8",".",""
"251210290","SARN”WEK DUØY","2012","11","07",.9,"","W",0,"9",0,"8","","8",".",""
"251210290","SARN”WEK DUØY","2012","11","09",.5,"","W",0,"9",0,"8","","8",".",""
"251210290","SARN”WEK DUØY","2012","11","12",.9,"","W",0,"9",0,"8","","8",".",""
"251210290","SARN”WEK DUØY","2012","11","24",.4,"","W",0,"9",0,"8","","8",".",""
"251210290","SARN”WEK DUØY","2012","11","29",1.5,"","W",0,"9",0,"8","","8",".",""
"251210290","SARN”WEK DUØY","2012","11","30",2.1,"","S",0,"9",0,"8","","8",".",""
"251220020","£UK”W","2012","11","01",1.9,"","W",0,"9",0,"8","","8",".",""
"251220020","£UK”W","2012","11","02",2.0,"","W",0,"9",0,"8","","8",".",""
"251220020","£UK”W","2012","11","04",7.1,"","W",0,"9",0,"8","","8",".",""
"251220020","£UK”W","2012","11","05",20.7,"","W",0,"9",0,"8","","8",".",""
"251220020","£UK”W","2012","11","06",.7,"","W",0,"9",0,"8","","8",".",""
"251220020","£UK”W","2012","11","07",1.3,"","W",0,"9",0,"8","","8",".",""
"251220020","£UK”W","2012","11","08",.1,"","W",0,"9",0,"8","","8",".",""
"251220020","£UK”W","2012","11","09",.1,"","W",0,"9",0,"8","","8",".",""
"251220020","£UK”W","2012","11","20",.2,"","W",0,"9",0,"8","","8",".",""
"251220020","£UK”W","2012","11","24",.1,"","W",0,"9",0,"8","","8",".",""
"251220020","£UK”W","2012","11","25",.2,"","W",0,"9",0,"8","","8",".",""
"251220020","£UK”W","2012","11","27",.1,"","W",0,"9",0,"8","","8",".",""
"251220020","£UK”W","2012","11","29",1.2,"","W",0,"9",0,"8","","8",".",""
"251220020","£UK”W","2012","11","30",1.6,"","S",0,"9",0,"8","","8",".",""
"251220030","PRZEGALINY DUØE","2012","11","01",2.9,"","W",0,"9",0,"8","","8",".",""
"251220030","PRZEGALINY DUØE","2012","11","02",1.0,"","W",0,"9",0,"8","","8",".",""
"251220030","PRZEGALINY DUØE","2012","11","04",1.6,"","W",0,"9",0,"8","","8",".",""
"251220030","PRZEGALINY DUØE","2012","11","05",12.5,"","W",0,"9",0,"8","","8",".",""
"251220030","PRZEGALINY DUØE","2012","11","06",.3,"","W",0,"9",0,"8","","8",".",""
"251220030","PRZEGALINY DUØE","2012","11","07",2.3,"","W",0,"9",0,"8","","8",".",""
"251220030","PRZEGALINY DUØE","2012","11","12",.4,"","W",0,"9",0,"8","","8",".",""
"251220030","PRZEGALINY DUØE","2012","11","14",.2,"","W",0,"9",0,"8","","8",".",""
"251220030","PRZEGALINY DUØE","2012","11","16",.1,"","W",0,"9",0,"8","","8",".",""
"251220030","PRZEGALINY DUØE","2012","11","17",.1,"","W",0,"9",0,"8","","8",".",""
"251220030","PRZEGALINY DUØE","2012","11","18",.1,"","W",0,"9",0,"8","","8",".",""
"251220030","PRZEGALINY DUØE","2012","11","25",.2,"","W",0,"9",0,"8","","8",".",""
"251220030","PRZEGALINY DUØE","2012","11","27",.4,"","W",0,"9",0,"8","","8",".",""
"251220030","PRZEGALINY DUØE","2012","11","29",.9,"","W",0,"9",0,"8","","8",".",""
"251220030","PRZEGALINY DUØE","2012","11","30",1.8,"","S",0,"9",0,"8","","8",".",""
"251220040","RADZY— PODLASKI","2012","11","01",2.8,"","W",0,"9",0,"8","","8",".",""
"251220040","RADZY— PODLASKI","2012","11","02",2.0,"","W",0,"9",0,"8","","8",".",""
"251220040","RADZY— PODLASKI","2012","11","03",.0,"","W",0,"9",0,"8","","8",".",""
"251220040","RADZY— PODLASKI","2012","11","04",5.1,"","W",0,"9",0,"8","","8",".",""
"251220040","RADZY— PODLASKI","2012","11","05",14.4,"","W",0,"9",0,"8","","8",".",""
"251220040","RADZY— PODLASKI","2012","11","06",.7,"","W",0,"9",0,"8","","8",".",""
"251220040","RADZY— PODLASKI","2012","11","07",.8,"","W",0,"9",0,"8","","8",".",""
"251220040","RADZY— PODLASKI","2012","11","08",.5,"","W",0,"9",0,"8","","8",".",""
"251220040","RADZY— PODLASKI","2012","11","11",.0,"","W",0,"9",0,"8","","8",".",""
"251220040","RADZY— PODLASKI","2012","11","12",.3,"","W",0,"9",0,"8","","8",".",""
"251220040","RADZY— PODLASKI","2012","11","23",.0,"","W",0,"9",0,"8","","8",".",""
"251220040","RADZY— PODLASKI","2012","11","25",.4,"","W",0,"9",0,"8","","8",".",""
"251220040","RADZY— PODLASKI","2012","11","27",.7,"","W",0,"9",0,"8","","8",".",""
"251220040","RADZY— PODLASKI","2012","11","28",.0,"","W",0,"9",0,"8","","8",".",""
"251220040","RADZY— PODLASKI","2012","11","29",2.7,"","W",0,"9",0,"8","","8",".",""
"251220040","RADZY— PODLASKI","2012","11","30",2.9,"","S",0,"9",0,"8","","8",".",""
"251220050","WOLA OKRZEJSKA","2012","11","01",3.6,"","W",0,"9",0,"8","","8",".",""
"251220050","WOLA OKRZEJSKA","2012","11","02",1.9,"","W",0,"9",0,"8","","8",".",""
"251220050","WOLA OKRZEJSKA","2012","11","03",.0,"","W",0,"9",0,"8","","8",".",""
"251220050","WOLA OKRZEJSKA","2012","11","04",5.3,"","W",0,"9",0,"8","","8",".",""
"251220050","WOLA OKRZEJSKA","2012","11","05",14.5,"","W",0,"9",0,"8","","8",".",""
"251220050","WOLA OKRZEJSKA","2012","11","06",.0,"","W",0,"9",0,"8","","8",".",""
"251220050","WOLA OKRZEJSKA","2012","11","07",1.3,"","W",0,"9",0,"8","","8",".",""
"251220050","WOLA OKRZEJSKA","2012","11","08",.1,"","W",0,"9",0,"8","","8",".",""
"251220050","WOLA OKRZEJSKA","2012","11","09",.0,"","W",0,"9",0,"8","","8",".",""
"251220050","WOLA OKRZEJSKA","2012","11","12",.0,"","W",0,"9",0,"8","","8",".",""
"251220050","WOLA OKRZEJSKA","2012","11","25",.4,"","W",0,"9",0,"8","","8",".",""
"251220050","WOLA OKRZEJSKA","2012","11","27",.2,"","W",0,"9",0,"8","","8",".",""
"251220050","WOLA OKRZEJSKA","2012","11","29",.0,"","W",0,"9",0,"8","","8",".",""
"251220050","WOLA OKRZEJSKA","2012","11","30",1.3,"","W",0,"9",0,"8","","8",".",""
"251220060","CZEMIERNIKI","2012","11","01",2.0,"","W",0,"9",0,"8","","8",".",""
"251220060","CZEMIERNIKI","2012","11","02",1.8,"","W",0,"9",0,"8","","8",".",""
"251220060","CZEMIERNIKI","2012","11","04",6.3,"","W",0,"9",0,"8","","8",".",""
"251220060","CZEMIERNIKI","2012","11","05",9.6,"","W",0,"9",0,"8","","8",".",""
"251220060","CZEMIERNIKI","2012","11","06",.1,"","W",0,"9",0,"8","","8",".",""
"251220060","CZEMIERNIKI","2012","11","07",.6,"","W",0,"9",0,"8","","8",".",""
"251220060","CZEMIERNIKI","2012","11","12",.3,"","W",0,"9",0,"8","","8",".",""
"251220060","CZEMIERNIKI","2012","11","25",.2,"","W",0,"9",0,"8","","8",".",""
"251220060","CZEMIERNIKI","2012","11","29",1.0,"","W",0,"9",0,"8","","8",".",""
"251220060","CZEMIERNIKI","2012","11","30",1.0,"","W",0,"9",0,"8","","8",".",""
"251220080","MICH”W","2012","11","01",4.6,"","W",0,"9",0,"8","","8",".",""
"251220080","MICH”W","2012","11","02",1.7,"","W",0,"9",0,"8","","8",".",""
"251220080","MICH”W","2012","11","04",6.4,"","W",0,"9",0,"8","","8",".",""
"251220080","MICH”W","2012","11","05",10.9,"","W",0,"9",0,"8","","8",".",""
"251220080","MICH”W","2012","11","06",.9,"","W",0,"9",0,"8","","8",".",""
"251220080","MICH”W","2012","11","07",5.6,"","W",0,"9",0,"8","","8",".",""
"251220080","MICH”W","2012","11","08",.4,"","W",0,"9",0,"8","","8",".",""
"251220080","MICH”W","2012","11","09",.2,"","W",0,"9",0,"8","","8",".",""
"251220080","MICH”W","2012","11","12",.7,"","W",0,"9",0,"8","","8",".",""
"251220080","MICH”W","2012","11","29",2.2,"","W",0,"9",0,"8","","8",".",""
"251220080","MICH”W","2012","11","30",1.8,"","S",0,"9",0,"8","","8",".",""
"251220110","NOWA WIEå","2012","11","01",6.4,"","W",0,"9",0,"8","","8",".",""
"251220110","NOWA WIEå","2012","11","02",2.4,"","W",0,"9",0,"8","","8",".",""
"251220110","NOWA WIEå","2012","11","03",.0,"","W",0,"9",0,"8","","8",".",""
"251220110","NOWA WIEå","2012","11","04",2.2,"","W",0,"9",0,"8","","8",".",""
"251220110","NOWA WIEå","2012","11","05",8.6,"","W",0,"9",0,"8","","8",".",""
"251220110","NOWA WIEå","2012","11","06",.5,"","W",0,"9",0,"8","","8",".",""
"251220110","NOWA WIEå","2012","11","07",5.2,"","W",0,"9",0,"8","","8",".",""
"251220110","NOWA WIEå","2012","11","12",1.1,"","W",0,"9",0,"8","","8",".",""
"251220110","NOWA WIEå","2012","11","28",.5,"","W",0,"9",0,"8","","8",".",""
"251220110","NOWA WIEå","2012","11","29",.0,"","W",0,"9",0,"8","","8",".",""
"251220110","NOWA WIEå","2012","11","30",2.3,"","W",0,"9",0,"8","","8",".",""
"251220120","KRASIENIN","2012","11","01",6.0,"","W",0,"9",0,"8","","8",".",""
"251220120","KRASIENIN","2012","11","02",2.8,"","W",0,"9",0,"8","","8",".",""
"251220120","KRASIENIN","2012","11","04",2.7,"","W",0,"9",0,"8","","8",".",""
"251220120","KRASIENIN","2012","11","05",12.7,"","W",0,"9",0,"8","","8",".",""
"251220120","KRASIENIN","2012","11","06",.0,"","W",0,"9",0,"8","","8",".",""
"251220120","KRASIENIN","2012","11","07",5.4,"","W",0,"9",0,"8","","8",".",""
"251220120","KRASIENIN","2012","11","08",.4,"","W",0,"9",0,"8","","8",".",""
"251220120","KRASIENIN","2012","11","09",.4,"","W",0,"9",0,"8","","8",".",""
"251220120","KRASIENIN","2012","11","12",.4,"","W",0,"9",0,"8","","8",".",""
"251220120","KRASIENIN","2012","11","29",.3,"","W",0,"9",0,"8","","8",".",""
"251220120","KRASIENIN","2012","11","30",1.4,"","S",0,"9",0,"8","","8",".",""
"251220130","SKOWIESZYNEK","2012","11","01",6.4,"","W",0,"9",0,"8","","8",".",""
"251220130","SKOWIESZYNEK","2012","11","02",1.6,"","W",0,"9",0,"8","","8",".",""
"251220130","SKOWIESZYNEK","2012","11","04",5.2,"","W",0,"9",0,"8","","8",".",""
"251220130","SKOWIESZYNEK","2012","11","05",10.6,"","W",0,"9",0,"8","","8",".",""
"251220130","SKOWIESZYNEK","2012","11","07",3.1,"","W",0,"9",0,"8","","8",".",""
"251220130","SKOWIESZYNEK","2012","11","08",2.3,"","W",0,"9",0,"8","","8",".",""
"251220130","SKOWIESZYNEK","2012","11","09",1.8,"","W",0,"9",0,"8","","8",".",""
"251220130","SKOWIESZYNEK","2012","11","12",1.1,"","W",0,"9",0,"8","","8",".",""
"251220130","SKOWIESZYNEK","2012","11","22",.1,"","W",0,"9",0,"8","","8",".",""
"251220130","SKOWIESZYNEK","2012","11","29",.8,"","W",0,"9",0,"8","","8",".",""
"251220130","SKOWIESZYNEK","2012","11","30",2.4,"","S",0,"9",0,"8","","8",".",""
"251220140","CZES£AWICE","2012","11","01",4.5,"","W",0,"9",0,"8","","8",".",""
"251220140","CZES£AWICE","2012","11","02",.3,"","W",0,"9",0,"8","","8",".",""
"251220140","CZES£AWICE","2012","11","04",4.0,"","W",0,"9",0,"8","","8",".",""
"251220140","CZES£AWICE","2012","11","05",10.7,"","W",0,"9",0,"8","","8",".",""
"251220140","CZES£AWICE","2012","11","06",.0,"","W",0,"9",0,"8","","8",".",""
"251220140","CZES£AWICE","2012","11","07",4.3,"","W",0,"9",0,"8","","8",".",""
"251220140","CZES£AWICE","2012","11","08",2.0,"","W",0,"9",0,"8","","8",".",""
"251220140","CZES£AWICE","2012","11","09",.3,"","W",0,"9",0,"8","","8",".",""
"251220140","CZES£AWICE","2012","11","12",1.0,"","W",0,"9",0,"8","","8",".",""
"251220140","CZES£AWICE","2012","11","22",.0,"","W",0,"9",0,"8","","8",".",""
"251220140","CZES£AWICE","2012","11","28",.4,"","W",0,"9",0,"8","","8",".",""
"251220140","CZES£AWICE","2012","11","29",.3,"","W",0,"9",0,"8","","8",".",""
"251220140","CZES£AWICE","2012","11","30",1.2,"","S",0,"9",0,"8","","8",".",""
"251220150","£ CZNA","2012","11","01",7.5,"","W",0,"9",0,"8","","8",".",""
"251220150","£ CZNA","2012","11","02",1.5,"","W",0,"9",0,"8","","8",".",""
"251220150","£ CZNA","2012","11","04",.0,"","W",0,"9",0,"8","","8",".",""
"251220150","£ CZNA","2012","11","05",4.8,"","W",0,"9",0,"8","","8",".",""
"251220150","£ CZNA","2012","11","07",4.4,"","W",0,"9",0,"8","","8",".",""
"251220150","£ CZNA","2012","11","12",.6,"","W",0,"9",0,"8","","8",".",""
"251220150","£ CZNA","2012","11","22",.1,"","W",0,"9",0,"8","","8",".",""
"251220150","£ CZNA","2012","11","28",.1,"","W",0,"9",0,"8","","8",".",""
"251220150","£ CZNA","2012","11","29",.8,"","W",0,"9",0,"8","","8",".",""
"251220150","£ CZNA","2012","11","30",1.1,"","W",0,"9",0,"8","","8",".",""
"251220160","PIASKI","2012","11","01",6.3,"","W",0,"9",0,"8","","8",".",""
"251220160","PIASKI","2012","11","02",1.1,"","W",0,"9",0,"8","","8",".",""
"251220160","PIASKI","2012","11","04",.7,"","W",0,"9",0,"8","","8",".",""
"251220160","PIASKI","2012","11","05",3.9,"","W",0,"9",0,"8","","8",".",""
"251220160","PIASKI","2012","11","07",1.1,"","W",0,"9",0,"8","","8",".",""
"251220160","PIASKI","2012","11","08",1.3,"","W",0,"9",0,"8","","8",".",""
"251220160","PIASKI","2012","11","12",1.0,"","W",0,"9",0,"8","","8",".",""
"251220160","PIASKI","2012","11","22",1.1,"","W",0,"9",0,"8","","8",".",""
"251220160","PIASKI","2012","11","28",.6,"","W",0,"9",0,"8","","8",".",""
"251220160","PIASKI","2012","11","29",.7,"","W",0,"9",0,"8","","8",".",""
"251220160","PIASKI","2012","11","30",1.0,"","W",0,"9",0,"8","","8",".",""
"251220170","CHODEL","2012","11","01",4.1,"","W",0,"9",0,"8","","8",".",""
"251220170","CHODEL","2012","11","02",1.1,"","W",0,"9",0,"8","","8",".",""
"251220170","CHODEL","2012","11","04",3.0,"","W",0,"9",0,"8","","8",".",""
"251220170","CHODEL","2012","11","05",9.2,"","W",0,"9",0,"8","","8",".",""
"251220170","CHODEL","2012","11","06",.3,"","W",0,"9",0,"8","","8",".",""
"251220170","CHODEL","2012","11","07",2.0,"","W",0,"9",0,"8","","8",".",""
"251220170","CHODEL","2012","11","08",.9,"","W",0,"9",0,"8","","8",".",""
"251220170","CHODEL","2012","11","09",.3,"","W",0,"9",0,"8","","8",".",""
"251220170","CHODEL","2012","11","12",.8,"","W",0,"9",0,"8","","8",".",""
"251220170","CHODEL","2012","11","22",.0,"","W",0,"9",0,"8","","8",".",""
"251220170","CHODEL","2012","11","27",.0,"","W",0,"9",0,"8","","8",".",""
"251220170","CHODEL","2012","11","28",.0,"","W",0,"9",0,"8","","8",".",""
"251220170","CHODEL","2012","11","29",.4,"","W",0,"9",0,"8","","8",".",""
"251220170","CHODEL","2012","11","30",2.5,"","S",0,"9",0,"8","","8",".",""
"251220190","K PA","2012","11","01",4.5,"","W",0,"9",0,"8","","8",".",""
"251220190","K PA","2012","11","02",1.2,"","W",0,"9",0,"8","","8",".",""
"251220190","K PA","2012","11","04",1.4,"","W",0,"9",0,"8","","8",".",""
"251220190","K PA","2012","11","05",8.1,"","W",0,"9",0,"8","","8",".",""
"251220190","K PA","2012","11","07",1.3,"","W",0,"9",0,"8","","8",".",""
"251220190","K PA","2012","11","08",.2,"","W",0,"9",0,"8","","8",".",""
"251220190","K PA","2012","11","09",.8,"","W",0,"9",0,"8","","8",".",""
"251220190","K PA","2012","11","12",.7,"","W",0,"9",0,"8","","8",".",""
"251220190","K PA","2012","11","29",.1,"","W",0,"9",0,"8","","8",".",""
"251220190","K PA","2012","11","30",2.4,"","S",0,"9",0,"8","","8",".",""
"251220210","SZCZEKARK”W","2012","11","01",4.8,"","W",0,"9",0,"8","","8",".",""
"251220210","SZCZEKARK”W","2012","11","02",1.4,"","W",0,"9",0,"8","","8",".",""
"251220210","SZCZEKARK”W","2012","11","04",.6,"","W",0,"9",0,"8","","8",".",""
"251220210","SZCZEKARK”W","2012","11","05",11.5,"","W",0,"9",0,"8","","8",".",""
"251220210","SZCZEKARK”W","2012","11","06",.3,"","W",0,"9",0,"8","","8",".",""
"251220210","SZCZEKARK”W","2012","11","07",1.5,"","W",0,"9",0,"8","","8",".",""
"251220210","SZCZEKARK”W","2012","11","08",1.7,"","W",0,"9",0,"8","","8",".",""
"251220210","SZCZEKARK”W","2012","11","11",.1,"","W",0,"9",0,"8","","8",".",""
"251220210","SZCZEKARK”W","2012","11","12",.6,"","W",0,"9",0,"8","","8",".",""
"251220210","SZCZEKARK”W","2012","11","23",.0,"","W",0,"9",0,"8","","8",".",""
"251220210","SZCZEKARK”W","2012","11","24",.1,"","W",0,"9",0,"8","","8",".",""
"251220210","SZCZEKARK”W","2012","11","28",.1,"","W",0,"9",0,"8","","8",".",""
"251220210","SZCZEKARK”W","2012","11","30",1.0,"","W",0,"9",0,"8","","8",".",""
"251220220","SOBIESZYN","2012","11","01",2.7,"","W",0,"9",0,"8","","8",".",""
"251220220","SOBIESZYN","2012","11","02",1.6,"","W",0,"9",0,"8","","8",".",""
"251220220","SOBIESZYN","2012","11","04",6.7,"","W",0,"9",0,"8","","8",".",""
"251220220","SOBIESZYN","2012","11","05",13.3,"","W",0,"9",0,"8","","8",".",""
"251220220","SOBIESZYN","2012","11","06",.3,"","W",0,"9",0,"8","","8",".",""
"251220220","SOBIESZYN","2012","11","07",3.9,"","W",0,"9",0,"8","","8",".",""
"251220220","SOBIESZYN","2012","11","25",.1,"","W",0,"9",0,"8","","8",".",""
"251220220","SOBIESZYN","2012","11","29",1.5,"","W",0,"9",0,"8","","8",".",""
"251220220","SOBIESZYN","2012","11","30",.7,"","W",0,"9",0,"8","","8",".",""
"251230010","KODE—","2012","11","01",3.0,"","W",0,"9",0,"8","","8",".",""
"251230010","KODE—","2012","11","02",1.1,"","W",0,"9",0,"8","","8",".",""
"251230010","KODE—","2012","11","04",.6,"","W",0,"9",0,"8","","8",".",""
"251230010","KODE—","2012","11","05",12.3,"","W",0,"9",0,"8","","8",".",""
"251230010","KODE—","2012","11","06",.3,"","W",0,"9",0,"8","","8",".",""
"251230010","KODE—","2012","11","07",1.0,"","W",0,"9",0,"8","","8",".",""
"251230010","KODE—","2012","11","12",.1,"","W",0,"9",0,"8","","8",".",""
"251230010","KODE—","2012","11","25",.4,"","W",0,"9",0,"8","","8",".",""
"251230010","KODE—","2012","11","28",.3,"","W",0,"9",0,"8","","8",".",""
"251230010","KODE—","2012","11","29",2.6,"","W",0,"9",0,"8","","8",".",""
"251230010","KODE—","2012","11","30",.7,"","W",0,"9",0,"8","","8",".",""
"251230030","WISZNICE","2012","11","01",1.0,"","W",0,"9",0,"8","","8","PL",""
"251230030","WISZNICE","2012","11","02",1.1,"","W",0,"9",0,"8","","8",".",""
"251230030","WISZNICE","2012","11","04",3.0,"","W",0,"9",0,"8","","8",".",""
"251230030","WISZNICE","2012","11","05",8.2,"","W",0,"9",0,"8","","8",".",""
"251230030","WISZNICE","2012","11","06",.6,"","W",0,"9",0,"8","","8",".",""
"251230030","WISZNICE","2012","11","07",1.1,"","W",0,"9",0,"8","","8",".",""
"251230030","WISZNICE","2012","11","12",1.3,"","W",0,"9",0,"8","","8",".",""
"251230030","WISZNICE","2012","11","14",.0,"","W",0,"9",0,"8","","8",".",""
"251230030","WISZNICE","2012","11","21",.1,"","W",0,"9",0,"8","","8",".",""
"251230030","WISZNICE","2012","11","25",.7,"","W",0,"9",0,"8","","8",".",""
"251230030","WISZNICE","2012","11","29",1.8,"","W",0,"9",0,"8","","8",".",""
"251230030","WISZNICE","2012","11","30",.9,"","W",0,"9",0,"8","","8",".",""
"251230040","S£AWATYCZE","2012","11","01",1.6,"","W",0,"9",0,"8","","8",".",""
"251230040","S£AWATYCZE","2012","11","02",1.0,"","W",0,"9",0,"8","","8",".",""
"251230040","S£AWATYCZE","2012","11","04",.1,"","W",0,"9",0,"8","","8",".",""
"251230040","S£AWATYCZE","2012","11","05",9.1,"","W",0,"9",0,"8","","8",".",""
"251230040","S£AWATYCZE","2012","11","06",.6,"","W",0,"9",0,"8","","8",".",""
"251230040","S£AWATYCZE","2012","11","07",2.4,"","W",0,"9",0,"8","","8",".",""
"251230040","S£AWATYCZE","2012","11","09",.0,"","W",0,"9",0,"8","","8",".",""
"251230040","S£AWATYCZE","2012","11","12",.4,"","W",0,"9",0,"8","","8",".",""
"251230040","S£AWATYCZE","2012","11","15",.3,"","W",0,"9",0,"8","","8",".",""
"251230040","S£AWATYCZE","2012","11","25",.8,"","W",0,"9",0,"8","","8",".",""
"251230040","S£AWATYCZE","2012","11","28",.0,"","W",0,"9",0,"8","","8",".",""
"251230040","S£AWATYCZE","2012","11","29",2.7,"","W",0,"9",0,"8","","8",".",""
"251230040","S£AWATYCZE","2012","11","30",.8,"","W",0,"9",0,"8","","8",".",""
"251230050","MOSTY","2012","11","01",4.0,"","W",0,"9",0,"8","","8",".",""
"251230050","MOSTY","2012","11","02",2.6,"","W",0,"9",0,"8","","8",".",""
"251230050","MOSTY","2012","11","04",.5,"","W",0,"9",0,"8","","8",".",""
"251230050","MOSTY","2012","11","05",9.8,"","W",0,"9",0,"8","","8",".",""
"251230050","MOSTY","2012","11","06",1.1,"","W",0,"9",0,"8","","8",".",""
"251230050","MOSTY","2012","11","07",1.6,"","W",0,"9",0,"8","","8",".",""
"251230050","MOSTY","2012","11","08",.9,"","W",0,"9",0,"8","","8",".",""
"251230050","MOSTY","2012","11","09",.1,"","W",0,"9",0,"8","","8",".",""
"251230050","MOSTY","2012","11","11",.0,"","W",0,"9",0,"8","","8",".",""
"251230050","MOSTY","2012","11","12",.8,"","W",0,"9",0,"8","","8",".",""
"251230050","MOSTY","2012","11","14",.1,"","W",0,"9",0,"8","","8",".",""
"251230050","MOSTY","2012","11","21",.1,"","W",0,"9",0,"8","","8",".",""
"251230050","MOSTY","2012","11","22",.2,"","W",0,"9",0,"8","","8",".",""
"251230050","MOSTY","2012","11","23",.1,"","W",0,"9",0,"8","","8",".",""
"251230050","MOSTY","2012","11","24",.0,"","W",0,"9",0,"8","","8",".",""
"251230050","MOSTY","2012","11","25",.5,"","W",0,"9",0,"8","","8",".",""
"251230050","MOSTY","2012","11","28",.0,"","W",0,"9",0,"8","","8",".",""
"251230050","MOSTY","2012","11","29",1.5,"","W",0,"9",0,"8","","8",".",""
"251230050","MOSTY","2012","11","30",1.6,"","S",0,"9",0,"8","","8",".",""
"251230060","UHNIN","2012","11","01",5.2,"","W",0,"9",0,"8","","8",".",""
"251230060","UHNIN","2012","11","02",4.8,"","W",0,"9",0,"8","","8",".",""
"251230060","UHNIN","2012","11","04",1.0,"","W",0,"9",0,"8","","8",".",""
"251230060","UHNIN","2012","11","05",10.0,"","W",0,"9",0,"8","","8",".",""
"251230060","UHNIN","2012","11","06",.1,"","W",0,"9",0,"8","","8",".",""
"251230060","UHNIN","2012","11","07",5.5,"","W",0,"9",0,"8","","8",".",""
"251230060","UHNIN","2012","11","12",.7,"","W",0,"9",0,"8","","8",".",""
"251230060","UHNIN","2012","11","18",.2,"","W",0,"9",0,"8","","8",".",""
"251230060","UHNIN","2012","11","23",.1,"","W",0,"9",0,"8","","8",".",""
"251230060","UHNIN","2012","11","29",1.1,"","W",0,"9",0,"8","","8",".",""
"251230060","UHNIN","2012","11","30",1.2,"","S",0,"9",0,"8","","8",".",""
"251230080","HA—SK","2012","11","01",4.1,"","W",0,"9",0,"8","","8",".",""
"251230080","HA—SK","2012","11","02",3.4,"","W",0,"9",0,"8","","8",".",""
"251230080","HA—SK","2012","11","05",5.5,"","W",0,"9",0,"8","","8",".",""
"251230080","HA—SK","2012","11","07",1.8,"","W",0,"9",0,"8","","8",".",""
"251230080","HA—SK","2012","11","12",1.6,"","W",0,"9",0,"8","","8",".",""
"251230080","HA—SK","2012","11","23",.5,"","W",0,"9",0,"8","","8",".",""
"251230080","HA—SK","2012","11","28",1.1,"","W",0,"9",0,"8","","8",".",""
"251230080","HA—SK","2012","11","29",2.2,"","W",0,"9",0,"8","","8",".",""
"251230080","HA—SK","2012","11","30",.1,"","S",0,"9",0,"8","","8",".",""
"251230090","GARBAT”WKA","2012","11","01",4.8,"","W",0,"9",0,"8","","8",".",""
"251230090","GARBAT”WKA","2012","11","02",1.4,"","W",0,"9",0,"8","","8",".",""
"251230090","GARBAT”WKA","2012","11","04",1.1,"","W",0,"9",0,"8","","8",".",""
"251230090","GARBAT”WKA","2012","11","05",5.8,"","W",0,"9",0,"8","","8",".",""
"251230090","GARBAT”WKA","2012","11","06",.4,"","W",0,"9",0,"8","","8",".",""
"251230090","GARBAT”WKA","2012","11","07",5.1,"","W",0,"9",0,"8","","8",".",""
"251230090","GARBAT”WKA","2012","11","08",.3,"","W",0,"9",0,"8","","8",".",""
"251230090","GARBAT”WKA","2012","11","09",.1,"","W",0,"9",0,"8","","8",".",""
"251230090","GARBAT”WKA","2012","11","12",.7,"","W",0,"9",0,"8","","8",".",""
"251230090","GARBAT”WKA","2012","11","16",.1,"","W",0,"9",0,"8","","8",".",""
"251230090","GARBAT”WKA","2012","11","17",.1,"","W",0,"9",0,"8","","8",".",""
"251230090","GARBAT”WKA","2012","11","23",.1,"","W",0,"9",0,"8","","8",".",""
"251230090","GARBAT”WKA","2012","11","24",.1,"","W",0,"9",0,"8","","8",".",""
"251230090","GARBAT”WKA","2012","11","28",.2,"","W",0,"9",0,"8","","8",".",""
"251230090","GARBAT”WKA","2012","11","29",1.1,"","W",0,"9",0,"8","","8",".",""
"251230090","GARBAT”WKA","2012","11","30",1.7,"","S",0,"9",0,"8","","8",".",""
"251230110","RUDA OPALIN","2012","11","01",4.2,"","W",0,"9",0,"8","","8",".",""
"251230110","RUDA OPALIN","2012","11","02",2.6,"","W",0,"9",0,"8","","8",".",""
"251230110","RUDA OPALIN","2012","11","03",.0,"","W",0,"9",0,"8","","8",".",""
"251230110","RUDA OPALIN","2012","11","05",6.2,"","W",0,"9",0,"8","","8",".",""
"251230110","RUDA OPALIN","2012","11","07",5.2,"","W",0,"9",0,"8","","8",".",""
"251230110","RUDA OPALIN","2012","11","08",2.6,"","W",0,"9",0,"8","","8",".",""
"251230110","RUDA OPALIN","2012","11","09",.9,"","W",0,"9",0,"8","","8",".",""
"251230110","RUDA OPALIN","2012","11","12",2.2,"","W",0,"9",0,"8","","8",".",""
"251230110","RUDA OPALIN","2012","11","13",.0,"","W",0,"9",0,"8","","8",".",""
"251230110","RUDA OPALIN","2012","11","14",.0,"","W",0,"9",0,"8","","8",".",""
"251230110","RUDA OPALIN","2012","11","21",.4,"","W",0,"9",0,"8","","8",".",""
"251230110","RUDA OPALIN","2012","11","22",.3,"","W",0,"9",0,"8","","8",".",""
"251230110","RUDA OPALIN","2012","11","23",.2,"","W",0,"9",0,"8","","8",".",""
"251230110","RUDA OPALIN","2012","11","25",.0,"","W",0,"9",0,"8","","8",".",""
"251230110","RUDA OPALIN","2012","11","28",.2,"","W",0,"9",0,"8","","8",".",""
"251230110","RUDA OPALIN","2012","11","29",2.5,"","W",0,"9",0,"8","","8",".",""
"251230110","RUDA OPALIN","2012","11","30",.7,"","S",0,"9",0,"8","","8",".",""
"251230130","KANIE","2012","11","01",3.2,"","W",0,"9",0,"8","","8",".",""
"251230130","KANIE","2012","11","02",2.5,"","W",0,"9",0,"8","","8",".",""
"251230130","KANIE","2012","11","04",.6,"","W",0,"9",0,"8","","8",".",""
"251230130","KANIE","2012","11","05",7.7,"","W",0,"9",0,"8","","8",".",""
"251230130","KANIE","2012","11","07",3.3,"","W",0,"9",0,"8","","8",".",""
"251230130","KANIE","2012","11","08",.3,"","W",0,"9",0,"8","","8",".",""
"251230130","KANIE","2012","11","12",3.1,"","W",0,"9",0,"8","","8",".",""
"251230130","KANIE","2012","11","22",.0,"","W",0,"9",0,"8","","8",".",""
"251230130","KANIE","2012","11","28",.7,"","W",0,"9",0,"8","","8",".",""
"251230130","KANIE","2012","11","30",1.0,"","W",0,"9",0,"8","","8",".",""
"251230140","CHE£M","2012","11","01",3.0,"","W",0,"9",0,"8","","8",".",""
"251230140","CHE£M","2012","11","02",2.9,"","W",0,"9",0,"8","","8",".",""
"251230140","CHE£M","2012","11","05",4.9,"","W",0,"9",0,"8","","8",".",""
"251230140","CHE£M","2012","11","07",4.1,"","W",0,"9",0,"8","","8",".",""
"251230140","CHE£M","2012","11","08",2.2,"","W",0,"9",0,"8","","8",".",""
"251230140","CHE£M","2012","11","12",2.4,"","W",0,"9",0,"8","","8",".",""
"251230140","CHE£M","2012","11","21",.4,"","W",0,"9",0,"8","","8",".",""
"251230140","CHE£M","2012","11","23",.2,"","W",0,"9",0,"8","","8",".",""
"251230140","CHE£M","2012","11","28",1.1,"","W",0,"9",0,"8","","8",".",""
"251230140","CHE£M","2012","11","29",1.4,"","W",0,"9",0,"8","","8",".",""
"251230140","CHE£M","2012","11","30",.9,"","W",0,"9",0,"8","","8",".",""
"251230150","DOROHUSK","2012","11","01",6.5,"","W",0,"9",0,"8","","8",".",""
"251230150","DOROHUSK","2012","11","02",3.2,"","W",0,"9",0,"8","","8",".",""
"251230150","DOROHUSK","2012","11","05",4.1,"","W",0,"9",0,"8","","8",".",""
"251230150","DOROHUSK","2012","11","07",3.0,"","W",0,"9",0,"8","","8",".",""
"251230150","DOROHUSK","2012","11","08",2.9,"","W",0,"9",0,"8","","8",".",""
"251230150","DOROHUSK","2012","11","12",2.2,"","W",0,"9",0,"8","","8",".",""
"251230150","DOROHUSK","2012","11","13",.1,"","W",0,"9",0,"8","","8",".",""
"251230150","DOROHUSK","2012","11","14",.2,"","W",0,"9",0,"8","","8",".",""
"251230150","DOROHUSK","2012","11","16",.3,"","W",0,"9",0,"8","","8",".",""
"251230150","DOROHUSK","2012","11","21",.0,"","W",0,"9",0,"8","","8",".",""
"251230150","DOROHUSK","2012","11","22",.4,"","W",0,"9",0,"8","","8",".",""
"251230150","DOROHUSK","2012","11","23",.0,"","W",0,"9",0,"8","","8",".",""
"251230150","DOROHUSK","2012","11","24",.0,"","W",0,"9",0,"8","","8",".",""
"251230150","DOROHUSK","2012","11","25",.2,"","W",0,"9",0,"8","","8",".",""
"251230150","DOROHUSK","2012","11","28",.5,"","W",0,"9",0,"8","","8",".",""
"251230150","DOROHUSK","2012","11","29",3.0,"","W",0,"9",0,"8","","8",".",""
"251230150","DOROHUSK","2012","11","30",.9,"","S",0,"9",0,"8","","8",".",""
"251230160","ZAGRODA","2012","11","01",3.4,"","W",0,"9",0,"8","","8",".",""
"251230160","ZAGRODA","2012","11","02",2.2,"","W",0,"9",0,"8","","8",".",""
"251230160","ZAGRODA","2012","11","05",7.9,"","W",0,"9",0,"8","","8",".",""
"251230160","ZAGRODA","2012","11","07",4.0,"","W",0,"9",0,"8","","8",".",""
"251230160","ZAGRODA","2012","11","12",2.6,"","W",0,"9",0,"8","","8",".",""
"251230160","ZAGRODA","2012","11","21",.4,"","W",0,"9",0,"8","","8",".",""
"251230160","ZAGRODA","2012","11","22",.2,"","W",0,"9",0,"8","","8",".",""
"251230160","ZAGRODA","2012","11","23",.2,"","W",0,"9",0,"8","","8",".",""
"251230160","ZAGRODA","2012","11","28",1.1,"","W",0,"9",0,"8","","8",".",""
"251230160","ZAGRODA","2012","11","29",.3,"","W",0,"9",0,"8","","8",".",""
"251230160","ZAGRODA","2012","11","30",2.1,"","W",0,"9",0,"8","","8",".",""
"251230170","KOLONIA ZAKR CIE","2012","11","01",4.2,"","W",0,"9",0,"8","","8",".",""
"251230170","KOLONIA ZAKR CIE","2012","11","02",2.4,"","W",0,"9",0,"8","","8",".",""
"251230170","KOLONIA ZAKR CIE","2012","11","05",6.1,"","W",0,"9",0,"8","","8",".",""
"251230170","KOLONIA ZAKR CIE","2012","11","06",.1,"","W",0,"9",0,"8","","8",".",""
"251230170","KOLONIA ZAKR CIE","2012","11","07",1.7,"","W",0,"9",0,"8","","8",".",""
"251230170","KOLONIA ZAKR CIE","2012","11","08",.5,"","W",0,"9",0,"8","","8",".",""
"251230170","KOLONIA ZAKR CIE","2012","11","09",.1,"","W",0,"9",0,"8","","8",".",""
"251230170","KOLONIA ZAKR CIE","2012","11","12",3.0,"","W",0,"9",0,"8","","8",".",""
"251230170","KOLONIA ZAKR CIE","2012","11","21",.2,"","W",0,"9",0,"8","","8",".",""
"251230170","KOLONIA ZAKR CIE","2012","11","22",.0,"","W",0,"9",0,"8","","8",".",""
"251230170","KOLONIA ZAKR CIE","2012","11","23",.3,"","W",0,"9",0,"8","","8",".",""
"251230170","KOLONIA ZAKR CIE","2012","11","24",.1,"","W",0,"9",0,"8","","8",".",""
"251230170","KOLONIA ZAKR CIE","2012","11","28",1.8,"","W",0,"9",0,"8","","8",".",""
"251230170","KOLONIA ZAKR CIE","2012","11","29",.4,"","W",0,"9",0,"8","","8",".",""
"251230170","KOLONIA ZAKR CIE","2012","11","30",.9,"","S",0,"9",0,"8","","8",".",""
"251230180","ØMUDè","2012","11","01",3.4,"","W",0,"9",0,"8","","8",".",""
"251230180","ØMUDè","2012","11","02",3.8,"","W",0,"9",0,"8","","8",".",""
"251230180","ØMUDè","2012","11","05",4.2,"","W",0,"9",0,"8","","8",".",""
"251230180","ØMUDè","2012","11","07",2.0,"","W",0,"9",0,"8","","8",".",""
"251230180","ØMUDè","2012","11","08",4.0,"","W",0,"9",0,"8","","8",".",""
"251230180","ØMUDè","2012","11","09",.2,"","W",0,"9",0,"8","","8",".",""
"251230180","ØMUDè","2012","11","12",3.0,"","W",0,"9",0,"8","","8",".",""
"251230180","ØMUDè","2012","11","21",.2,"","W",0,"9",0,"8","","8",".",""
"251230180","ØMUDè","2012","11","22",.3,"","W",0,"9",0,"8","","8",".",""
"251230180","ØMUDè","2012","11","27",.3,"","W",0,"9",0,"8","","8",".",""
"251230180","ØMUDè","2012","11","28",.4,"","W",0,"9",0,"8","","8",".",""
"251230180","ØMUDè","2012","11","29",1.2,"","W",0,"9",0,"8","","8",".",""
"251230180","ØMUDè","2012","11","30",1.0,"","W",0,"9",0,"8","","8",".",""
"252140010","CHOJNA","2012","11","01",4.9,"","W",0,"9",0,"8","","8","",""
"252140010","CHOJNA","2012","11","03",2.0,"","W",0,"9",0,"8","","8","",""
"252140010","CHOJNA","2012","11","04",5.6,"","W",0,"9",0,"8","","8","",""
"252140010","CHOJNA","2012","11","05",1.4,"","W",0,"9",0,"8","","8","",""
"252140010","CHOJNA","2012","11","06",1.1,"","W",0,"9",0,"8","","8","",""
"252140010","CHOJNA","2012","11","07",1.6,"","W",0,"9",0,"8","","8","",""
"252140010","CHOJNA","2012","11","08",1.0,"","W",0,"9",0,"8","","8","",""
"252140010","CHOJNA","2012","11","10",2.5,"","W",0,"9",0,"8","","8","",""
"252140010","CHOJNA","2012","11","11",.0,"","W",0,"9",0,"8","","8","",""
"252140010","CHOJNA","2012","11","23",2.4,"","W",0,"9",0,"8","","8","",""
"252140010","CHOJNA","2012","11","29",17.6,"","W",0,"9",0,"8","","8","",""
"252140020","MYåLIB”RZ","2012","11","01",8.6,"","W",0,"9",0,"8","","8","",""
"252140020","MYåLIB”RZ","2012","11","02",1.0,"","W",0,"9",0,"8","","8","",""
"252140020","MYåLIB”RZ","2012","11","03",.5,"","W",0,"9",0,"8","","8","",""
"252140020","MYåLIB”RZ","2012","11","04",5.7,"","W",0,"9",0,"8","","8","",""
"252140020","MYåLIB”RZ","2012","11","05",1.7,"","W",0,"9",0,"8","","8","",""
"252140020","MYåLIB”RZ","2012","11","06",3.6,"","W",0,"9",0,"8","","8","",""
"252140020","MYåLIB”RZ","2012","11","07",2.5,"","W",0,"9",0,"8","","8","",""
"252140020","MYåLIB”RZ","2012","11","08",.9,"","W",0,"9",0,"8","","8","",""
"252140020","MYåLIB”RZ","2012","11","10",1.8,"","W",0,"9",0,"8","","8","",""
"252140020","MYåLIB”RZ","2012","11","11",1.9,"","W",0,"9",0,"8","","8","",""
"252140020","MYåLIB”RZ","2012","11","23",2.6,"","W",0,"9",0,"8","","8","",""
"252140020","MYåLIB”RZ","2012","11","24",1.1,"","W",0,"9",0,"8","","8","",""
"252140020","MYåLIB”RZ","2012","11","25",.5,"","W",0,"9",0,"8","","8","",""
"252140020","MYåLIB”RZ","2012","11","26",.9,"","W",0,"9",0,"8","","8","",""
"252140020","MYåLIB”RZ","2012","11","28",7.7,"","W",0,"9",0,"8","","8","",""
"252140020","MYåLIB”RZ","2012","11","29",20.7,"","W",0,"9",0,"8","","8","",""
"252140020","MYåLIB”RZ","2012","11","30",1.4,"","S",0,"9",0,"8","","8","",""
"252140030","OSIN”W DOLNY","2012","11","01",4.6,"","W",0,"9",0,"8","","8","",""
"252140030","OSIN”W DOLNY","2012","11","02",1.0,"","W",0,"9",0,"8","","8","",""
"252140030","OSIN”W DOLNY","2012","11","04",5.8,"","W",0,"9",0,"8","","8","",""
"252140030","OSIN”W DOLNY","2012","11","05",.8,"","W",0,"9",0,"8","","8","",""
"252140030","OSIN”W DOLNY","2012","11","06",1.6,"","W",0,"9",0,"8","","8","",""
"252140030","OSIN”W DOLNY","2012","11","07",.5,"","W",0,"9",0,"8","","8","",""
"252140030","OSIN”W DOLNY","2012","11","08",.4,"","W",0,"9",0,"8","","8","",""
"252140030","OSIN”W DOLNY","2012","11","10",3.2,"","W",0,"9",0,"8","","8","",""
"252140030","OSIN”W DOLNY","2012","11","11",.1,"","W",0,"9",0,"8","","8","",""
"252140030","OSIN”W DOLNY","2012","11","12",.0,"","W",0,"9",0,"8","","8","",""
"252140030","OSIN”W DOLNY","2012","11","18",.8,"","W",0,"9",0,"8","","8","",""
"252140030","OSIN”W DOLNY","2012","11","23",2.1,"","W",0,"9",0,"8","","8","",""
"252140030","OSIN”W DOLNY","2012","11","24",1.5,"","W",0,"9",0,"8","","8","",""
"252140030","OSIN”W DOLNY","2012","11","25",.9,"","W",0,"9",0,"8","","8","",""
"252140030","OSIN”W DOLNY","2012","11","26",1.5,"","W",0,"9",0,"8","","8","",""
"252140030","OSIN”W DOLNY","2012","11","27",1.9,"","W",0,"9",0,"8","","8","",""
"252140030","OSIN”W DOLNY","2012","11","28",6.0,"","W",0,"9",0,"8","","8","",""
"252140030","OSIN”W DOLNY","2012","11","29",18.8,"","W",0,"9",0,"8","","8","",""
"252140030","OSIN”W DOLNY","2012","11","30",.7,"","S",0,"9",0,"8","","8","",""
"252140040","WARNICE","2012","11","01",9.3,"","W",0,"9",0,"8","","8","",""
"252140040","WARNICE","2012","11","02",.8,"","W",0,"9",0,"8","","8","",""
"252140040","WARNICE","2012","11","03",.5,"","W",0,"9",0,"8","","8","",""
"252140040","WARNICE","2012","11","04",6.6,"","W",0,"9",0,"8","","8","",""
"252140040","WARNICE","2012","11","05",2.3,"","W",0,"9",0,"8","","8","",""
"252140040","WARNICE","2012","11","06",1.6,"","W",0,"9",0,"8","","8","",""
"252140040","WARNICE","2012","11","07",1.4,"","W",0,"9",0,"8","","8","",""
"252140040","WARNICE","2012","11","08",1.8,"","W",0,"9",0,"8","","8","",""
"252140040","WARNICE","2012","11","10",1.9,"","W",0,"9",0,"8","","8","",""
"252140040","WARNICE","2012","11","11",1.4,"","W",0,"9",0,"8","","8","",""
"252140040","WARNICE","2012","11","23",3.2,"","W",0,"9",0,"8","","8","",""
"252140040","WARNICE","2012","11","24",.9,"","W",0,"9",0,"8","","8","",""
"252140040","WARNICE","2012","11","25",.6,"","W",0,"9",0,"8","","8","",""
"252140040","WARNICE","2012","11","26",1.1,"","W",0,"9",0,"8","","8","",""
"252140040","WARNICE","2012","11","28",8.8,"","W",0,"9",0,"8","","8","",""
"252140040","WARNICE","2012","11","29",24.9,"","W",0,"9",0,"8","","8","",""
"252140050","WIERZCHLAS","2012","11","01",6.9,"","W",0,"9",0,"8","","8","",""
"252140050","WIERZCHLAS","2012","11","04",8.2,"","W",0,"9",0,"8","","8","",""
"252140050","WIERZCHLAS","2012","11","05",1.8,"","W",0,"9",0,"8","","8","",""
"252140050","WIERZCHLAS","2012","11","06",1.4,"","W",0,"9",0,"8","","8","",""
"252140050","WIERZCHLAS","2012","11","18",.5,"","W",0,"9",0,"8","","8","",""
"252140050","WIERZCHLAS","2012","11","23",2.8,"","W",0,"9",0,"8","","8","",""
"252140050","WIERZCHLAS","2012","11","26",1.5,"","W",0,"9",0,"8","","8","",""
"252140050","WIERZCHLAS","2012","11","27",1.4,"","W",0,"9",0,"8","","8","",""
"252140050","WIERZCHLAS","2012","11","28",1.8,"","W",0,"9",0,"8","","8","",""
"252140050","WIERZCHLAS","2012","11","29",18.8,"","W",0,"9",0,"8","","8","",""
"252140050","WIERZCHLAS","2012","11","30",.5,"","S",0,"9",0,"8","","8","",""
"252140060","GOZDOWICE","2012","11","01",4.8,"","W",0,"9",0,"8","","8","",""
"252140060","GOZDOWICE","2012","11","02",.6,"","W",0,"9",0,"8","","8","",""
"252140060","GOZDOWICE","2012","11","03",.3,"","W",0,"9",0,"8","","8","",""
"252140060","GOZDOWICE","2012","11","04",5.6,"","W",0,"9",0,"8","","8","",""
"252140060","GOZDOWICE","2012","11","05",.6,"","W",0,"9",0,"8","","8","",""
"252140060","GOZDOWICE","2012","11","06",.0,"","W",0,"9",0,"8","","8","",""
"252140060","GOZDOWICE","2012","11","07",3.2,"","W",0,"9",0,"8","","8","",""
"252140060","GOZDOWICE","2012","11","08",.1,"","W",0,"9",0,"8","","8","",""
"252140060","GOZDOWICE","2012","11","10",2.0,"","W",0,"9",0,"8","","8","",""
"252140060","GOZDOWICE","2012","11","11",.4,"","W",0,"9",0,"8","","8","",""
"252140060","GOZDOWICE","2012","11","18",.6,"","W",0,"9",0,"8","","8","",""
"252140060","GOZDOWICE","2012","11","23",2.6,"","W",0,"9",0,"8","","8","",""
"252140060","GOZDOWICE","2012","11","24",1.4,"","W",0,"9",0,"8","","8","",""
"252140060","GOZDOWICE","2012","11","25",.4,"","W",0,"9",0,"8","","8","",""
"252140060","GOZDOWICE","2012","11","26",.9,"","W",0,"9",0,"8","","8","",""
"252140060","GOZDOWICE","2012","11","27",.3,"","W",0,"9",0,"8","","8","",""
"252140060","GOZDOWICE","2012","11","28",8.2,"","W",0,"9",0,"8","","8","",""
"252140060","GOZDOWICE","2012","11","29",24.5,"","W",0,"9",0,"8","","8","",""
"252140060","GOZDOWICE","2012","11","30",.4,"","S",0,"9",0,"8","","8","",""
"252140070","BOLESZKOWICE","2012","11","01",8.6,"","W",0,"9",0,"8","","8","",""
"252140070","BOLESZKOWICE","2012","11","02",.9,"","W",0,"9",0,"8","","8","",""
"252140070","BOLESZKOWICE","2012","11","03",.5,"","W",0,"9",0,"8","","8","",""
"252140070","BOLESZKOWICE","2012","11","05",1.8,"","W",0,"9",0,"8","","8","",""
"252140070","BOLESZKOWICE","2012","11","06",1.7,"","W",0,"9",0,"8","","8","",""
"252140070","BOLESZKOWICE","2012","11","07",1.6,"","W",0,"9",0,"8","","8","",""
"252140070","BOLESZKOWICE","2012","11","08",.3,"","W",0,"9",0,"8","","8","",""
"252140070","BOLESZKOWICE","2012","11","10",2.3,"","W",0,"9",0,"8","","8","",""
"252140070","BOLESZKOWICE","2012","11","18",1.1,"","W",0,"9",0,"8","","8","",""
"252140070","BOLESZKOWICE","2012","11","23",3.0,"","W",0,"9",0,"8","","8","",""
"252140070","BOLESZKOWICE","2012","11","25",1.5,"","W",0,"9",0,"8","","8","",""
"252140070","BOLESZKOWICE","2012","11","26",1.5,"","W",0,"9",0,"8","","8","",""
"252140070","BOLESZKOWICE","2012","11","27",.3,"","W",0,"9",0,"8","","8","",""
"252140070","BOLESZKOWICE","2012","11","28",8.8,"","W",0,"9",0,"8","","8","",""
"252140070","BOLESZKOWICE","2012","11","29",19.7,"","W",0,"9",0,"8","","8","",""
"252140070","BOLESZKOWICE","2012","11","30",.4,"","S",0,"9",0,"8","","8","",""
"252140080","WITNICA","2012","11","01",7.2,"","W",0,"9",0,"8","","8","",""
"252140080","WITNICA","2012","11","03",1.5,"","W",0,"9",0,"8","","8","",""
"252140080","WITNICA","2012","11","04",7.6,"","W",0,"9",0,"8","","8","",""
"252140080","WITNICA","2012","11","05",2.7,"","W",0,"9",0,"8","","8","",""
"252140080","WITNICA","2012","11","07",3.0,"","W",0,"9",0,"8","","8","",""
"252140080","WITNICA","2012","11","08",.0,"","W",0,"9",0,"8","","8","",""
"252140080","WITNICA","2012","11","10",3.4,"","W",0,"9",0,"8","","8","",""
"252140080","WITNICA","2012","11","11",3.3,"","W",0,"9",0,"8","","8","",""
"252140080","WITNICA","2012","11","23",3.5,"","W",0,"9",0,"8","","8","",""
"252140080","WITNICA","2012","11","27",2.5,"","W",0,"9",0,"8","","8","",""
"252140080","WITNICA","2012","11","28",8.0,"","W",0,"9",0,"8","","8","",""
"252140080","WITNICA","2012","11","29",22.0,"","W",0,"9",0,"8","","8","",""
"252140090","KOSTRZYN NAD ODR•","2012","11","01",6.8,"","W",0,"9",0,"8","","8","",""
"252140090","KOSTRZYN NAD ODR•","2012","11","02",2.1,"","W",0,"9",0,"8","","8","",""
"252140090","KOSTRZYN NAD ODR•","2012","11","03",1.3,"","W",0,"9",0,"8","","8","",""
"252140090","KOSTRZYN NAD ODR•","2012","11","04",1.5,"","W",0,"9",0,"8","","8","",""
"252140090","KOSTRZYN NAD ODR•","2012","11","05",3.0,"","W",0,"9",0,"8","","8","",""
"252140090","KOSTRZYN NAD ODR•","2012","11","06",.0,"","W",0,"9",0,"8","","8","",""
"252140090","KOSTRZYN NAD ODR•","2012","11","08",.8,"","W",0,"9",0,"8","","8","",""
"252140090","KOSTRZYN NAD ODR•","2012","11","10",3.2,"","W",0,"9",0,"8","","8","",""
"252140090","KOSTRZYN NAD ODR•","2012","11","11",2.8,"","W",0,"9",0,"8","","8","",""
"252140090","KOSTRZYN NAD ODR•","2012","11","23",1.5,"","W",0,"9",0,"8","","8","",""
"252140090","KOSTRZYN NAD ODR•","2012","11","24",3.0,"","W",0,"9",0,"8","","8","",""
"252140090","KOSTRZYN NAD ODR•","2012","11","25",.0,"","W",0,"9",0,"8","","8","",""
"252140090","KOSTRZYN NAD ODR•","2012","11","26",1.6,"","W",0,"9",0,"8","","8","",""
"252140090","KOSTRZYN NAD ODR•","2012","11","27",2.4,"","W",0,"9",0,"8","","8","",""
"252140090","KOSTRZYN NAD ODR•","2012","11","28",7.5,"","W",0,"9",0,"8","","8","",""
"252140090","KOSTRZYN NAD ODR•","2012","11","29",20.0,"","W",0,"9",0,"8","","8","",""
"252140110","OåNO LUBUSKIE","2012","11","01",7.1,"","W",0,"9",0,"8","","8","",""
"252140110","OåNO LUBUSKIE","2012","11","02",1.5,"","W",0,"9",0,"8","","8","",""
"252140110","OåNO LUBUSKIE","2012","11","03",1.4,"","W",0,"9",0,"8","","8","",""
"252140110","OåNO LUBUSKIE","2012","11","04",4.8,"","W",0,"9",0,"8","","8","",""
"252140110","OåNO LUBUSKIE","2012","11","06",.7,"","W",0,"9",0,"8","","8","",""
"252140110","OåNO LUBUSKIE","2012","11","07",1.5,"","W",0,"9",0,"8","","8","",""
"252140110","OåNO LUBUSKIE","2012","11","09",.1,"","W",0,"9",0,"8","","8","",""
"252140110","OåNO LUBUSKIE","2012","11","10",1.7,"","W",0,"9",0,"8","","8","",""
"252140110","OåNO LUBUSKIE","2012","11","11",4.1,"","W",0,"9",0,"8","","8","",""
"252140110","OåNO LUBUSKIE","2012","11","18",.6,"","W",0,"9",0,"8","","8","",""
"252140110","OåNO LUBUSKIE","2012","11","23",3.5,"","W",0,"9",0,"8","","8","",""
"252140110","OåNO LUBUSKIE","2012","11","25",.4,"","W",0,"9",0,"8","","8","",""
"252140110","OåNO LUBUSKIE","2012","11","26",.8,"","W",0,"9",0,"8","","8","",""
"252140110","OåNO LUBUSKIE","2012","11","27",1.7,"","W",0,"9",0,"8","","8","",""
"252140110","OåNO LUBUSKIE","2012","11","28",8.2,"","W",0,"9",0,"8","","8","",""
"252140110","OåNO LUBUSKIE","2012","11","29",30.8,"","W",0,"9",0,"8","","8","",""
"252140110","OåNO LUBUSKIE","2012","11","30",.5,"","S",0,"9",0,"8","","8","",""
"252140120","BOCZ”W","2012","11","01",7.5,"","W",0,"9",0,"8","","8","",""
"252140120","BOCZ”W","2012","11","02",1.6,"","W",0,"9",0,"8","","8","",""
"252140120","BOCZ”W","2012","11","03",.5,"","W",0,"9",0,"8","","8","",""
"252140120","BOCZ”W","2012","11","04",4.2,"","W",0,"9",0,"8","","8","",""
"252140120","BOCZ”W","2012","11","05",.5,"","W",0,"9",0,"8","","8","",""
"252140120","BOCZ”W","2012","11","06",.2,"","W",0,"9",0,"8","","8","",""
"252140120","BOCZ”W","2012","11","07",1.5,"","W",0,"9",0,"8","","8","",""
"252140120","BOCZ”W","2012","11","11",5.5,"","W",0,"9",0,"8","","8","",""
"252140120","BOCZ”W","2012","11","18",.2,"","W",0,"9",0,"8","","8","",""
"252140120","BOCZ”W","2012","11","23",.3,"","W",0,"9",0,"8","","8","",""
"252140120","BOCZ”W","2012","11","24",3.7,"","W",0,"9",0,"8","","8","",""
"252140120","BOCZ”W","2012","11","28",15.8,"","W",0,"9",0,"8","","8","",""
"252140120","BOCZ”W","2012","11","29",23.5,"","W",0,"9",0,"8","","8","",""
"252140120","BOCZ”W","2012","11","30",.2,"","W",0,"9",0,"8","","8","",""
"252140130","CYBINKA","2012","11","01",5.5,"","W",0,"9",0,"8","","8","",""
"252140130","CYBINKA","2012","11","02",1.5,"","W",0,"9",0,"8","","8","",""
"252140130","CYBINKA","2012","11","03",2.4,"","W",0,"9",0,"8","","8","",""
"252140130","CYBINKA","2012","11","04",3.2,"","W",0,"9",0,"8","","8","",""
"252140130","CYBINKA","2012","11","06",.5,"","W",0,"9",0,"8","","8","",""
"252140130","CYBINKA","2012","11","07",1.5,"","W",0,"9",0,"8","","8","",""
"252140130","CYBINKA","2012","11","10",1.2,"","W",0,"9",0,"8","","8","",""
"252140130","CYBINKA","2012","11","11",5.8,"","W",0,"9",0,"8","","8","",""
"252140130","CYBINKA","2012","11","18",.5,"","W",0,"9",0,"8","","8","",""
"252140130","CYBINKA","2012","11","23",1.1,"","W",0,"9",0,"8","","8","",""
"252140130","CYBINKA","2012","11","24",1.4,"","W",0,"9",0,"8","","8","",""
"252140130","CYBINKA","2012","11","26",.9,"","W",0,"9",0,"8","","8","",""
"252140130","CYBINKA","2012","11","27",2.3,"","W",0,"9",0,"8","","8","",""
"252140130","CYBINKA","2012","11","28",10.4,"","W",0,"9",0,"8","","8","",""
"252140130","CYBINKA","2012","11","29",29.3,"","W",0,"9",0,"8","","8","",""
"252140140","KOSARZYN","2012","11","01",5.5,"","W",0,"9",0,"8","","8","",""
"252140140","KOSARZYN","2012","11","02",1.5,"","W",0,"9",0,"8","","8","",""
"252140140","KOSARZYN","2012","11","03",2.5,"","W",0,"9",0,"8","","8","",""
"252140140","KOSARZYN","2012","11","04",1.0,"","W",0,"9",0,"8","","8","",""
"252140140","KOSARZYN","2012","11","06",1.4,"","W",0,"9",0,"8","","8","",""
"252140140","KOSARZYN","2012","11","07",.0,"","W",0,"9",0,"8","","8","",""
"252140140","KOSARZYN","2012","11","11",7.0,"","W",0,"9",0,"8","","8","",""
"252140140","KOSARZYN","2012","11","18",.7,"","W",0,"9",0,"8","","8","",""
"252140140","KOSARZYN","2012","11","23",.7,"","W",0,"9",0,"8","","8","",""
"252140140","KOSARZYN","2012","11","24",.9,"","W",0,"9",0,"8","","8","",""
"252140140","KOSARZYN","2012","11","27",3.4,"","W",0,"9",0,"8","","8","",""
"252140140","KOSARZYN","2012","11","28",11.2,"","W",0,"9",0,"8","","8","",""
"252140140","KOSARZYN","2012","11","29",28.3,"","W",0,"9",0,"8","","8","",""
"252140140","KOSARZYN","2012","11","30",.8,"","S",0,"9",0,"8","","8","",""
"252140150","MASZEWO","2012","11","01",8.4,"","W",0,"9",0,"8","","8","",""
"252140150","MASZEWO","2012","11","06",.9,"","W",0,"9",0,"8","","8","",""
"252140150","MASZEWO","2012","11","10",.0,"","W",0,"9",0,"8","","8","",""
"252140150","MASZEWO","2012","11","11",3.1,"","W",0,"9",0,"8","","8","",""
"252140150","MASZEWO","2012","11","27",2.2,"","W",0,"9",0,"8","","8","",""
"252140150","MASZEWO","2012","11","28",15.3,"","W",0,"9",0,"8","","8","",""
"252140150","MASZEWO","2012","11","29",21.1,"","W",0,"9",0,"8","","8","",""
"252140150","MASZEWO","2012","11","30",2.2,"","W",0,"9",0,"8","","8","",""
"252150010","TUCZNO","2012","11","01",6.3,"","W",0,"9",0,"8","","8","",""
"252150010","TUCZNO","2012","11","02",1.4,"","W",0,"9",0,"8","","8","",""
"252150010","TUCZNO","2012","11","03",1.1,"","W",0,"9",0,"8","","8","",""
"252150010","TUCZNO","2012","11","04",6.3,"","W",0,"9",0,"8","","8","",""
"252150010","TUCZNO","2012","11","05",2.0,"","W",0,"9",0,"8","","8","",""
"252150010","TUCZNO","2012","11","06",2.6,"","W",0,"9",0,"8","","8","",""
"252150010","TUCZNO","2012","11","08",1.0,"","W",0,"9",0,"8","","8","",""
"252150010","TUCZNO","2012","11","10",.3,"","W",0,"9",0,"8","","8","",""
"252150010","TUCZNO","2012","11","11",5.2,"","W",0,"9",0,"8","","8","",""
"252150010","TUCZNO","2012","11","23",1.5,"","W",0,"9",0,"8","","8","",""
"252150010","TUCZNO","2012","11","26",1.5,"","W",0,"9",0,"8","","8","",""
"252150010","TUCZNO","2012","11","27",.5,"","W",0,"9",0,"8","","8","",""
"252150010","TUCZNO","2012","11","28",7.5,"","W",0,"9",0,"8","","8","",""
"252150010","TUCZNO","2012","11","29",25.6,"","W",0,"9",0,"8","","8","",""
"252150020","DOBIEGNIEW","2012","11","01",5.0,"","W",0,"9",0,"8","","8","",""
"252150020","DOBIEGNIEW","2012","11","02",1.5,"","W",0,"9",0,"8","","8","",""
"252150020","DOBIEGNIEW","2012","11","03",.4,"","W",0,"9",0,"8","","8","",""
"252150020","DOBIEGNIEW","2012","11","04",7.6,"","W",0,"9",0,"8","","8","",""
"252150020","DOBIEGNIEW","2012","11","05",1.9,"","W",0,"9",0,"8","","8","",""
"252150020","DOBIEGNIEW","2012","11","06",1.8,"","W",0,"9",0,"8","","8","",""
"252150020","DOBIEGNIEW","2012","11","07",.3,"","W",0,"9",0,"8","","8","",""
"252150020","DOBIEGNIEW","2012","11","10",1.6,"","W",0,"9",0,"8","","8","",""
"252150020","DOBIEGNIEW","2012","11","11",2.1,"","W",0,"9",0,"8","","8","",""
"252150020","DOBIEGNIEW","2012","11","19",.6,"","W",0,"9",0,"8","","8","",""
"252150020","DOBIEGNIEW","2012","11","21",3.3,"","W",0,"9",0,"8","","8","",""
"252150020","DOBIEGNIEW","2012","11","23",2.3,"","W",0,"9",0,"8","","8","",""
"252150020","DOBIEGNIEW","2012","11","25",.0,"","W",0,"9",0,"8","","8","",""
"252150020","DOBIEGNIEW","2012","11","26",1.3,"","W",0,"9",0,"8","","8","",""
"252150020","DOBIEGNIEW","2012","11","27",.5,"","W",0,"9",0,"8","","8","",""
"252150020","DOBIEGNIEW","2012","11","28",9.0,"","W",0,"9",0,"8","","8","",""
"252150020","DOBIEGNIEW","2012","11","29",20.0,"","W",0,"9",0,"8","","8","",""
"252150020","DOBIEGNIEW","2012","11","30",.2,"","S",0,"9",0,"8","","8","",""
"252150030","GIØYN","2012","11","01",9.0,"","W",0,"9",0,"8","","8","",""
"252150030","GIØYN","2012","11","04",7.6,"","W",0,"9",0,"8","","8","",""
"252150030","GIØYN","2012","11","05",1.5,"","W",0,"9",0,"8","","8","",""
"252150030","GIØYN","2012","11","06",3.5,"","W",0,"9",0,"8","","8","",""
"252150030","GIØYN","2012","11","07",1.0,"","W",0,"9",0,"8","","8","",""
"252150030","GIØYN","2012","11","10",1.5,"","W",0,"9",0,"8","","8","",""
"252150030","GIØYN","2012","11","23",5.0,"","W",0,"9",0,"8","","8","",""
"252150030","GIØYN","2012","11","28",11.0,"","W",0,"9",0,"8","","8","",""
"252150030","GIØYN","2012","11","29",19.0,"","W",0,"9",0,"8","","8","",""
"252150040","£UBIANKA","2012","11","01",7.5,"","W",0,"9",0,"8","","8","",""
"252150040","£UBIANKA","2012","11","03",1.7,"","W",0,"9",0,"8","","8","",""
"252150040","£UBIANKA","2012","11","04",7.1,"","W",0,"9",0,"8","","8","",""
"252150040","£UBIANKA","2012","11","05",.0,"","W",0,"9",0,"8","","8","",""
"252150040","£UBIANKA","2012","11","06",7.4,"","W",0,"9",0,"8","","8","",""
"252150040","£UBIANKA","2012","11","07",.8,"","W",0,"9",0,"8","","8","",""
"252150040","£UBIANKA","2012","11","08",1.0,"","W",0,"9",0,"8","","8","",""
"252150040","£UBIANKA","2012","11","10",.4,"","W",0,"9",0,"8","","8","",""
"252150040","£UBIANKA","2012","11","11",4.4,"","W",0,"9",0,"8","","8","",""
"252150040","£UBIANKA","2012","11","17",.0,"","W",0,"9",0,"8","","8","",""
"252150040","£UBIANKA","2012","11","18",.4,"","W",0,"9",0,"8","","8","",""
"252150040","£UBIANKA","2012","11","23",2.3,"","W",0,"9",0,"8","","8","",""
"252150040","£UBIANKA","2012","11","25",.2,"","W",0,"9",0,"8","","8","",""
"252150040","£UBIANKA","2012","11","26",2.5,"","W",0,"9",0,"8","","8","",""
"252150040","£UBIANKA","2012","11","27",.2,"","W",0,"9",0,"8","","8","",""
"252150040","£UBIANKA","2012","11","28",7.8,"","W",0,"9",0,"8","","8","",""
"252150040","£UBIANKA","2012","11","29",21.6,"","W",0,"9",0,"8","","8","",""
"252150040","£UBIANKA","2012","11","30",1.0,"","S",0,"9",0,"8","","8","",""
"252150060","STRZELCE KRAJE—SKIE","2012","11","01",5.5,"","W",0,"9",0,"8","","8","",""
"252150060","STRZELCE KRAJE—SKIE","2012","11","02",2.4,"","W",0,"9",0,"8","","8","",""
"252150060","STRZELCE KRAJE—SKIE","2012","11","03",.9,"","W",0,"9",0,"8","","8","",""
"252150060","STRZELCE KRAJE—SKIE","2012","11","04",8.1,"","W",0,"9",0,"8","","8","",""
"252150060","STRZELCE KRAJE—SKIE","2012","11","05",.8,"","W",0,"9",0,"8","","8","",""
"252150060","STRZELCE KRAJE—SKIE","2012","11","06",2.5,"","W",0,"9",0,"8","","8","",""
"252150060","STRZELCE KRAJE—SKIE","2012","11","07",.9,"","W",0,"9",0,"8","","8","",""
"252150060","STRZELCE KRAJE—SKIE","2012","11","08",1.5,"","W",0,"9",0,"8","","8","",""
"252150060","STRZELCE KRAJE—SKIE","2012","11","10",1.5,"","W",0,"9",0,"8","","8","",""
"252150060","STRZELCE KRAJE—SKIE","2012","11","11",4.2,"","W",0,"9",0,"8","","8","",""
"252150060","STRZELCE KRAJE—SKIE","2012","11","21",.8,"","W",0,"9",0,"8","","8","",""
"252150060","STRZELCE KRAJE—SKIE","2012","11","23",1.9,"","W",0,"9",0,"8","","8","",""
"252150060","STRZELCE KRAJE—SKIE","2012","11","25",.4,"","W",0,"9",0,"8","","8","",""
"252150060","STRZELCE KRAJE—SKIE","2012","11","26",1.5,"","W",0,"9",0,"8","","8","",""
"252150060","STRZELCE KRAJE—SKIE","2012","11","27",1.0,"","W",0,"9",0,"8","","8","",""
"252150060","STRZELCE KRAJE—SKIE","2012","11","28",8.2,"","W",0,"9",0,"8","","8","",""
"252150060","STRZELCE KRAJE—SKIE","2012","11","29",21.0,"","W",0,"9",0,"8","","8","",""
"252150070","DREZDENKO","2012","11","01",4.6,"","W",0,"9",0,"8","","8","",""
"252150070","DREZDENKO","2012","11","03",.1,"","W",0,"9",0,"8","","8","",""
"252150070","DREZDENKO","2012","11","04",.4,"","W",0,"9",0,"8","","8","",""
"252150070","DREZDENKO","2012","11","05",2.8,"","W",0,"9",0,"8","","8","",""
"252150070","DREZDENKO","2012","11","06",2.2,"","W",0,"9",0,"8","","8","",""
"252150070","DREZDENKO","2012","11","07",.2,"","W",0,"9",0,"8","","8","",""
"252150070","DREZDENKO","2012","11","08",3.2,"","W",0,"9",0,"8","","8","",""
"252150070","DREZDENKO","2012","11","09",.3,"","W",0,"9",0,"8","","8","",""
"252150070","DREZDENKO","2012","11","10",.2,"","W",0,"9",0,"8","","8","",""
"252150070","DREZDENKO","2012","11","11",4.5,"","W",0,"9",0,"8","","8","",""
"252150070","DREZDENKO","2012","11","13",.0,"","W",0,"9",0,"8","","8","",""
"252150070","DREZDENKO","2012","11","18",.0,"","W",0,"9",0,"8","","8","",""
"252150070","DREZDENKO","2012","11","21",.0,"","W",0,"9",0,"8","","8","",""
"252150070","DREZDENKO","2012","11","25",.0,"","W",0,"9",0,"8","","8","",""
"252150070","DREZDENKO","2012","11","26",3.8,"","W",0,"9",0,"8","","8","",""
"252150070","DREZDENKO","2012","11","27",1.4,"","W",0,"9",0,"8","","8","",""
"252150070","DREZDENKO","2012","11","28",8.1,"","W",0,"9",0,"8","","8","",""
"252150070","DREZDENKO","2012","11","29",24.5,"","W",0,"9",0,"8","","8","",""
"252150070","DREZDENKO","2012","11","30",.0,"","W",0,"9",0,"8","","8","",""
"252150080","GOåCIM","2012","11","01",3.9,"","W",0,"9",0,"8","","8","",""
"252150080","GOåCIM","2012","11","02",1.5,"","W",0,"9",0,"8","","8","",""
"252150080","GOåCIM","2012","11","03",.8,"","W",0,"9",0,"8","","8","",""
"252150080","GOåCIM","2012","11","04",5.3,"","W",0,"9",0,"8","","8","",""
"252150080","GOåCIM","2012","11","05",.4,"","W",0,"9",0,"8","","8","",""
"252150080","GOåCIM","2012","11","06",2.2,"","W",0,"9",0,"8","","8","",""
"252150080","GOåCIM","2012","11","07",.3,"","W",0,"9",0,"8","","8","",""
"252150080","GOåCIM","2012","11","08",.8,"","W",0,"9",0,"8","","8","",""
"252150080","GOåCIM","2012","11","09",.0,"","W",0,"9",0,"8","","8","",""
"252150080","GOåCIM","2012","11","11",5.0,"","W",0,"9",0,"8","","8","",""
"252150080","GOåCIM","2012","11","18",.0,"","W",0,"9",0,"8","","8","",""
"252150080","GOåCIM","2012","11","19",.0,"","W",0,"9",0,"8","","8","",""
"252150080","GOåCIM","2012","11","23",.0,"","W",0,"9",0,"8","","8","",""
"252150080","GOåCIM","2012","11","24",.0,"","W",0,"9",0,"8","","8","",""
"252150080","GOåCIM","2012","11","26",1.0,"","W",0,"9",0,"8","","8","",""
"252150080","GOåCIM","2012","11","27",2.3,"","W",0,"9",0,"8","","8","",""
"252150080","GOåCIM","2012","11","28",9.8,"","W",0,"9",0,"8","","8","",""
"252150080","GOåCIM","2012","11","29",18.5,"","W",0,"9",0,"8","","8","",""
"252150090","KRZESZYCE","2012","11","01",5.8,"","W",0,"9",0,"8","","8","",""
"252150090","KRZESZYCE","2012","11","03",1.7,"","W",0,"9",0,"8","","8","",""
"252150090","KRZESZYCE","2012","11","04",6.1,"","W",0,"9",0,"8","","8","",""
"252150090","KRZESZYCE","2012","11","05",.7,"","W",0,"9",0,"8","","8","",""
"252150090","KRZESZYCE","2012","11","06",1.2,"","W",0,"9",0,"8","","8","",""
"252150090","KRZESZYCE","2012","11","07",1.3,"","W",0,"9",0,"8","","8","",""
"252150090","KRZESZYCE","2012","11","09",.1,"","W",0,"9",0,"8","","8","",""
"252150090","KRZESZYCE","2012","11","10",1.9,"","W",0,"9",0,"8","","8","",""
"252150090","KRZESZYCE","2012","11","11",4.9,"","W",0,"9",0,"8","","8","",""
"252150090","KRZESZYCE","2012","11","18",.5,"","W",0,"9",0,"8","","8","",""
"252150090","KRZESZYCE","2012","11","20",.2,"","W",0,"9",0,"8","","8","",""
"252150090","KRZESZYCE","2012","11","23",3.1,"","W",0,"9",0,"8","","8","",""
"252150090","KRZESZYCE","2012","11","24",.8,"","W",0,"9",0,"8","","8","",""
"252150090","KRZESZYCE","2012","11","25",.1,"","W",0,"9",0,"8","","8","",""
"252150090","KRZESZYCE","2012","11","26",.9,"","W",0,"9",0,"8","","8","",""
"252150090","KRZESZYCE","2012","11","27",1.1,"","W",0,"9",0,"8","","8","",""
"252150090","KRZESZYCE","2012","11","28",8.9,"","W",0,"9",0,"8","","8","",""
"252150090","KRZESZYCE","2012","11","29",19.0,"","W",0,"9",0,"8","","8","",""
"252150090","KRZESZYCE","2012","11","30",.5,"","W",0,"9",0,"8","","8","",""
"252150110","SKWIERZYNA","2012","11","01",4.4,"","W",0,"9",0,"8","","8","",""
"252150110","SKWIERZYNA","2012","11","02",1.1,"","W",0,"9",0,"8","","8","",""
"252150110","SKWIERZYNA","2012","11","03",1.2,"","W",0,"9",0,"8","","8","",""
"252150110","SKWIERZYNA","2012","11","04",4.6,"","W",0,"9",0,"8","","8","",""
"252150110","SKWIERZYNA","2012","11","05",.3,"","W",0,"9",0,"8","","8","",""
"252150110","SKWIERZYNA","2012","11","06",1.1,"","W",0,"9",0,"8","","8","",""
"252150110","SKWIERZYNA","2012","11","07",1.9,"","W",0,"9",0,"8","","8","",""
"252150110","SKWIERZYNA","2012","11","08",1.1,"","W",0,"9",0,"8","","8","",""
"252150110","SKWIERZYNA","2012","11","10",.9,"","W",0,"9",0,"8","","8","",""
"252150110","SKWIERZYNA","2012","11","11",5.1,"","W",0,"9",0,"8","","8","",""
"252150110","SKWIERZYNA","2012","11","18",.1,"","W",0,"9",0,"8","","8","",""
"252150110","SKWIERZYNA","2012","11","20",.2,"","W",0,"9",0,"8","","8","",""
"252150110","SKWIERZYNA","2012","11","23",1.5,"","W",0,"9",0,"8","","8","",""
"252150110","SKWIERZYNA","2012","11","24",1.2,"","W",0,"9",0,"8","","8","",""
"252150110","SKWIERZYNA","2012","11","25",.2,"","W",0,"9",0,"8","","8","",""
"252150110","SKWIERZYNA","2012","11","26",.9,"","W",0,"9",0,"8","","8","",""
"252150110","SKWIERZYNA","2012","11","27",2.2,"","W",0,"9",0,"8","","8","",""
"252150110","SKWIERZYNA","2012","11","28",9.1,"","W",0,"9",0,"8","","8","",""
"252150110","SKWIERZYNA","2012","11","29",24.8,"","W",0,"9",0,"8","","8","",""
"252150110","SKWIERZYNA","2012","11","30",.8,"","W",0,"9",0,"8","","8","",""
"252150130","LUBIKOWO","2012","11","01",5.8,"","W",0,"9",0,"8","","8","",""
"252150130","LUBIKOWO","2012","11","02",.9,"","W",0,"9",0,"8","","8","",""
"252150130","LUBIKOWO","2012","11","03",1.3,"","W",0,"9",0,"8","","8","",""
"252150130","LUBIKOWO","2012","11","04",4.0,"","W",0,"9",0,"8","","8","",""
"252150130","LUBIKOWO","2012","11","05",.2,"","W",0,"9",0,"8","","8","",""
"252150130","LUBIKOWO","2012","11","06",.3,"","W",0,"9",0,"8","","8","",""
"252150130","LUBIKOWO","2012","11","07",1.5,"","W",0,"9",0,"8","","8","",""
"252150130","LUBIKOWO","2012","11","08",.4,"","W",0,"9",0,"8","","8","",""
"252150130","LUBIKOWO","2012","11","11",4.7,"","W",0,"9",0,"8","","8","",""
"252150130","LUBIKOWO","2012","11","18",.3,"","W",0,"9",0,"8","","8","",""
"252150130","LUBIKOWO","2012","11","19",.1,"","W",0,"9",0,"8","","8","",""
"252150130","LUBIKOWO","2012","11","21",.1,"","W",0,"9",0,"8","","8","",""
"252150130","LUBIKOWO","2012","11","23",1.8,"","W",0,"9",0,"8","","8","",""
"252150130","LUBIKOWO","2012","11","24",1.2,"","W",0,"9",0,"8","","8","",""
"252150130","LUBIKOWO","2012","11","26",.7,"","W",0,"9",0,"8","","8","",""
"252150130","LUBIKOWO","2012","11","27",2.1,"","W",0,"9",0,"8","","8","",""
"252150130","LUBIKOWO","2012","11","28",9.1,"","W",0,"9",0,"8","","8","",""
"252150130","LUBIKOWO","2012","11","29",33.8,"","W",0,"9",0,"8","","8","",""
"252150130","LUBIKOWO","2012","11","30",.0,"","W",0,"9",0,"8","","8","",""
"252150140","LUBNIEWICE","2012","11","01",5.6,"","W",0,"9",0,"8","","8","",""
"252150140","LUBNIEWICE","2012","11","03",2.8,"","W",0,"9",0,"8","","8","",""
"252150140","LUBNIEWICE","2012","11","04",5.2,"","W",0,"9",0,"8","","8","",""
"252150140","LUBNIEWICE","2012","11","05",.3,"","W",0,"9",0,"8","","8","",""
"252150140","LUBNIEWICE","2012","11","06",1.4,"","W",0,"9",0,"8","","8","",""
"252150140","LUBNIEWICE","2012","11","07",.5,"","W",0,"9",0,"8","","8","",""
"252150140","LUBNIEWICE","2012","11","08",.9,"","W",0,"9",0,"8","","8","",""
"252150140","LUBNIEWICE","2012","11","10",1.7,"","W",0,"9",0,"8","","8","",""
"252150140","LUBNIEWICE","2012","11","11",6.6,"","W",0,"9",0,"8","","8","",""
"252150140","LUBNIEWICE","2012","11","19",.8,"","W",0,"9",0,"8","","8","",""
"252150140","LUBNIEWICE","2012","11","23",2.5,"","W",0,"9",0,"8","","8","",""
"252150140","LUBNIEWICE","2012","11","24",.4,"","W",0,"9",0,"8","","8","",""
"252150140","LUBNIEWICE","2012","11","26",.8,"","W",0,"9",0,"8","","8","",""
"252150140","LUBNIEWICE","2012","11","27",1.3,"","W",0,"9",0,"8","","8","",""
"252150140","LUBNIEWICE","2012","11","28",7.6,"","W",0,"9",0,"8","","8","",""
"252150140","LUBNIEWICE","2012","11","29",18.5,"","W",0,"9",0,"8","","8","",""
"252150150","MI DZYRZECZ","2012","11","01",6.4,"","W",0,"9",0,"8","","8","",""
"252150150","MI DZYRZECZ","2012","11","02",1.1,"","W",0,"9",0,"8","","8","",""
"252150150","MI DZYRZECZ","2012","11","03",1.5,"","W",0,"9",0,"8","","8","",""
"252150150","MI DZYRZECZ","2012","11","04",3.3,"","W",0,"9",0,"8","","8","",""
"252150150","MI DZYRZECZ","2012","11","05",.3,"","W",0,"9",0,"8","","8","",""
"252150150","MI DZYRZECZ","2012","11","06",.8,"","W",0,"9",0,"8","","8","",""
"252150150","MI DZYRZECZ","2012","11","07",1.3,"","W",0,"9",0,"8","","8","",""
"252150150","MI DZYRZECZ","2012","11","08",1.0,"","W",0,"9",0,"8","","8","",""
"252150150","MI DZYRZECZ","2012","11","10",.4,"","W",0,"9",0,"8","","8","",""
"252150150","MI DZYRZECZ","2012","11","11",4.9,"","W",0,"9",0,"8","","8","",""
"252150150","MI DZYRZECZ","2012","11","18",.3,"","W",0,"9",0,"8","","8","",""
"252150150","MI DZYRZECZ","2012","11","20",.2,"","W",0,"9",0,"8","","8","",""
"252150150","MI DZYRZECZ","2012","11","21",.2,"","W",0,"9",0,"8","","8","",""
"252150150","MI DZYRZECZ","2012","11","22",.3,"","W",0,"9",0,"8","","8","",""
"252150150","MI DZYRZECZ","2012","11","23",.7,"","W",0,"9",0,"8","","8","",""
"252150150","MI DZYRZECZ","2012","11","24",1.4,"","W",0,"9",0,"8","","8","",""
"252150150","MI DZYRZECZ","2012","11","26",.3,"","W",0,"9",0,"8","","8","",""
"252150150","MI DZYRZECZ","2012","11","27",1.4,"","W",0,"9",0,"8","","8","",""
"252150150","MI DZYRZECZ","2012","11","28",9.5,"","W",0,"9",0,"8","","8","",""
"252150150","MI DZYRZECZ","2012","11","29",37.2,"","W",0,"9",0,"8","","8","",""
"252150150","MI DZYRZECZ","2012","11","30",.2,"","W",0,"9",0,"8","","8","",""
"252150160","LUTOL SUCHY","2012","11","01",6.2,"","W",0,"9",0,"8","","8","",""
"252150160","LUTOL SUCHY","2012","11","02",1.4,"","W",0,"9",0,"8","","8","",""
"252150160","LUTOL SUCHY","2012","11","03",2.2,"","W",0,"9",0,"8","","8","",""
"252150160","LUTOL SUCHY","2012","11","04",1.9,"","W",0,"9",0,"8","","8","",""
"252150160","LUTOL SUCHY","2012","11","05",.5,"","W",0,"9",0,"8","","8","",""
"252150160","LUTOL SUCHY","2012","11","06",1.2,"","W",0,"9",0,"8","","8","",""
"252150160","LUTOL SUCHY","2012","11","07",1.8,"","W",0,"9",0,"8","","8","",""
"252150160","LUTOL SUCHY","2012","11","08",.4,"","W",0,"9",0,"8","","8","",""
"252150160","LUTOL SUCHY","2012","11","11",4.9,"","W",0,"9",0,"8","","8","",""
"252150160","LUTOL SUCHY","2012","11","14",.2,"","W",0,"9",0,"8","","8","",""
"252150160","LUTOL SUCHY","2012","11","15",.1,"","W",0,"9",0,"8","","8","",""
"252150160","LUTOL SUCHY","2012","11","16",.2,"","W",0,"9",0,"8","","8","",""
"252150160","LUTOL SUCHY","2012","11","17",.2,"","W",0,"9",0,"8","","8","",""
"252150160","LUTOL SUCHY","2012","11","18",.3,"","W",0,"9",0,"8","","8","",""
"252150160","LUTOL SUCHY","2012","11","19",.1,"","W",0,"9",0,"8","","8","",""
"252150160","LUTOL SUCHY","2012","11","20",.2,"","W",0,"9",0,"8","","8","",""
"252150160","LUTOL SUCHY","2012","11","21",.2,"","W",0,"9",0,"8","","8","",""
"252150160","LUTOL SUCHY","2012","11","22",.2,"","W",0,"9",0,"8","","8","",""
"252150160","LUTOL SUCHY","2012","11","23",.5,"","W",0,"9",0,"8","","8","",""
"252150160","LUTOL SUCHY","2012","11","24",.5,"","W",0,"9",0,"8","","8","",""
"252150160","LUTOL SUCHY","2012","11","25",.1,"","W",0,"9",0,"8","","8","",""
"252150160","LUTOL SUCHY","2012","11","26",.3,"","W",0,"9",0,"8","","8","",""
"252150160","LUTOL SUCHY","2012","11","27",1.5,"","W",0,"9",0,"8","","8","",""
"252150160","LUTOL SUCHY","2012","11","28",13.5,"","W",0,"9",0,"8","","8","",""
"252150160","LUTOL SUCHY","2012","11","29",29.1,"","S",0,"9",0,"8","","8","",""
"252150170","ØELECH”W","2012","11","01",5.8,"","W",0,"9",0,"8","","8","",""
"252150170","ØELECH”W","2012","11","02",1.7,"","W",0,"9",0,"8","","8","",""
"252150170","ØELECH”W","2012","11","03",1.9,"","W",0,"9",0,"8","","8","",""
"252150170","ØELECH”W","2012","11","04",2.1,"","W",0,"9",0,"8","","8","",""
"252150170","ØELECH”W","2012","11","05",.3,"","W",0,"9",0,"8","","8","",""
"252150170","ØELECH”W","2012","11","06",2.9,"","W",0,"9",0,"8","","8","",""
"252150170","ØELECH”W","2012","11","07",2.1,"","W",0,"9",0,"8","","8","",""
"252150170","ØELECH”W","2012","11","08",.2,"","W",0,"9",0,"8","","8","",""
"252150170","ØELECH”W","2012","11","10",.4,"","W",0,"9",0,"8","","8","",""
"252150170","ØELECH”W","2012","11","11",5.1,"","W",0,"9",0,"8","","8","",""
"252150170","ØELECH”W","2012","11","18",.4,"","W",0,"9",0,"8","","8","",""
"252150170","ØELECH”W","2012","11","20",.1,"","W",0,"9",0,"8","","8","",""
"252150170","ØELECH”W","2012","11","23",.3,"","W",0,"9",0,"8","","8","",""
"252150170","ØELECH”W","2012","11","24",.0,"","W",0,"9",0,"8","","8","",""
"252150170","ØELECH”W","2012","11","27",2.2,"","W",0,"9",0,"8","","8","",""
"252150170","ØELECH”W","2012","11","28",7.3,"","W",0,"9",0,"8","","8","",""
"252150170","ØELECH”W","2012","11","29",25.8,"","S",0,"9",0,"8","","8","",""
"252150170","ØELECH”W","2012","11","30",.1,"","S",0,"9",0,"8","","8","",""
"252150190","ZB•SZY—","2012","11","01",5.9,"","W",0,"9",0,"8","","8","",""
"252150190","ZB•SZY—","2012","11","02",1.9,"","W",0,"9",0,"8","","8","",""
"252150190","ZB•SZY—","2012","11","03",2.5,"","W",0,"9",0,"8","","8","",""
"252150190","ZB•SZY—","2012","11","04",2.2,"","W",0,"9",0,"8","","8","",""
"252150190","ZB•SZY—","2012","11","05",.2,"","W",0,"9",0,"8","","8","",""
"252150190","ZB•SZY—","2012","11","06",.8,"","W",0,"9",0,"8","","8","",""
"252150190","ZB•SZY—","2012","11","07",1.8,"","W",0,"9",0,"8","","8","",""
"252150190","ZB•SZY—","2012","11","08",1.0,"","W",0,"9",0,"8","","8","",""
"252150190","ZB•SZY—","2012","11","11",6.1,"","W",0,"9",0,"8","","8","",""
"252150190","ZB•SZY—","2012","11","13",.1,"","W",0,"9",0,"8","","8","",""
"252150190","ZB•SZY—","2012","11","14",.1,"","W",0,"9",0,"8","","8","",""
"252150190","ZB•SZY—","2012","11","15",.1,"","W",0,"9",0,"8","","8","",""
"252150190","ZB•SZY—","2012","11","16",.2,"","W",0,"9",0,"8","","8","",""
"252150190","ZB•SZY—","2012","11","17",.3,"","W",0,"9",0,"8","","8","",""
"252150190","ZB•SZY—","2012","11","18",.2,"","W",0,"9",0,"8","","8","",""
"252150190","ZB•SZY—","2012","11","19",.2,"","W",0,"9",0,"8","","8","",""
"252150190","ZB•SZY—","2012","11","20",.2,"","W",0,"9",0,"8","","8","",""
"252150190","ZB•SZY—","2012","11","21",.3,"","W",0,"9",0,"8","","8","",""
"252150190","ZB•SZY—","2012","11","22",.4,"","W",0,"9",0,"8","","8","",""
"252150190","ZB•SZY—","2012","11","23",.5,"","W",0,"9",0,"8","","8","",""
"252150190","ZB•SZY—","2012","11","24",.1,"","W",0,"9",0,"8","","8","",""
"252150190","ZB•SZY—","2012","11","25",.0,"","W",0,"9",0,"8","","8","",""
"252150190","ZB•SZY—","2012","11","26",.2,"","W",0,"9",0,"8","","8","",""
"252150190","ZB•SZY—","2012","11","27",3.3,"","W",0,"9",0,"8","","8","",""
"252150190","ZB•SZY—","2012","11","28",4.2,"","W",0,"9",0,"8","","8","",""
"252150190","ZB•SZY—","2012","11","29",28.8,"","S",0,"9",0,"8","","8","",""
"252150190","ZB•SZY—","2012","11","30",.4,"","W",0,"9",0,"8","","8","",""
"252150210","GRYØYNA","2012","11","01",6.4,"","W",0,"9",0,"8","","8","",""
"252150210","GRYØYNA","2012","11","03",3.4,"","W",0,"9",0,"8","","8","",""
"252150210","GRYØYNA","2012","11","04",4.0,"","W",0,"9",0,"8","","8","",""
"252150210","GRYØYNA","2012","11","06",4.0,"","W",0,"9",0,"8","","8","",""
"252150210","GRYØYNA","2012","11","07",2.4,"","W",0,"9",0,"8","","8","",""
"252150210","GRYØYNA","2012","11","10",.4,"","W",0,"9",0,"8","","8","",""
"252150210","GRYØYNA","2012","11","11",5.0,"","W",0,"9",0,"8","","8","",""
"252150210","GRYØYNA","2012","11","12",.1,"","W",0,"9",0,"8","","8","",""
"252150210","GRYØYNA","2012","11","18",.2,"","W",0,"9",0,"8","","8","",""
"252150210","GRYØYNA","2012","11","24",2.0,"","W",0,"9",0,"8","","8","",""
"252150210","GRYØYNA","2012","11","27",1.4,"","W",0,"9",0,"8","","8","",""
"252150210","GRYØYNA","2012","11","28",13.2,"","W",0,"9",0,"8","","8","",""
"252150210","GRYØYNA","2012","11","29",20.5,"","W",0,"9",0,"8","","8","",""
"252150210","GRYØYNA","2012","11","30",.7,"","W",0,"9",0,"8","","8","",""
"252150220","SULECH”W","2012","11","01",7.2,"","W",0,"9",0,"8","","8","",""
"252150220","SULECH”W","2012","11","02",2.2,"","W",0,"9",0,"8","","8","",""
"252150220","SULECH”W","2012","11","03",2.4,"","W",0,"9",0,"8","","8","",""
"252150220","SULECH”W","2012","11","04",2.3,"","W",0,"9",0,"8","","8","",""
"252150220","SULECH”W","2012","11","06",3.4,"","W",0,"9",0,"8","","8","",""
"252150220","SULECH”W","2012","11","07",1.0,"","W",0,"9",0,"8","","8","",""
"252150220","SULECH”W","2012","11","11",7.8,"","W",0,"9",0,"8","","8","",""
"252150220","SULECH”W","2012","11","18",.1,"","W",0,"9",0,"8","","8","",""
"252150220","SULECH”W","2012","11","19",.1,"","W",0,"9",0,"8","","8","",""
"252150220","SULECH”W","2012","11","20",.1,"","W",0,"9",0,"8","","8","",""
"252150220","SULECH”W","2012","11","21",.2,"","W",0,"9",0,"8","","8","",""
"252150220","SULECH”W","2012","11","23",.1,"","W",0,"9",0,"8","","8","",""
"252150220","SULECH”W","2012","11","24",.5,"","W",0,"9",0,"8","","8","",""
"252150220","SULECH”W","2012","11","25",.0,"","W",0,"9",0,"8","","8","",""
"252150220","SULECH”W","2012","11","27",1.8,"","W",0,"9",0,"8","","8","",""
"252150220","SULECH”W","2012","11","28",14.2,"","W",0,"9",0,"8","","8","",""
"252150220","SULECH”W","2012","11","29",24.6,"","S",0,"9",0,"8","","8","",""
"252150220","SULECH”W","2012","11","30",.0,"","W",0,"9",0,"8","","8","",""
"252150230","KARGOWA","2012","11","01",8.2,"","W",0,"9",0,"8","","8","",""
"252150230","KARGOWA","2012","11","03",2.5,"","W",0,"9",0,"8","","8","",""
"252150230","KARGOWA","2012","11","04",3.3,"","W",0,"9",0,"8","","8","",""
"252150230","KARGOWA","2012","11","06",.2,"","W",0,"9",0,"8","","8","",""
"252150230","KARGOWA","2012","11","11",5.8,"","W",0,"9",0,"8","","8","",""
"252150230","KARGOWA","2012","11","25",.3,"","W",0,"9",0,"8","","8","",""
"252150230","KARGOWA","2012","11","26",.6,"","W",0,"9",0,"8","","8","",""
"252150230","KARGOWA","2012","11","27",.9,"","W",0,"9",0,"8","","8","",""
"252150230","KARGOWA","2012","11","28",11.7,"","W",0,"9",0,"8","","8","",""
"252150230","KARGOWA","2012","11","29",20.4,"","W",0,"9",0,"8","","8","",""
"252150240","LASKI","2012","11","01",6.1,"","W",0,"9",0,"8","","8","",""
"252150240","LASKI","2012","11","02",2.3,"","W",0,"9",0,"8","","8","",""
"252150240","LASKI","2012","11","03",2.0,"","W",0,"9",0,"8","","8","",""
"252150240","LASKI","2012","11","04",2.8,"","W",0,"9",0,"8","","8","",""
"252150240","LASKI","2012","11","06",1.8,"","W",0,"9",0,"8","","8","",""
"252150240","LASKI","2012","11","07",.5,"","W",0,"9",0,"8","","8","",""
"252150240","LASKI","2012","11","08",.3,"","W",0,"9",0,"8","","8","",""
"252150240","LASKI","2012","11","10",.4,"","W",0,"9",0,"8","","8","",""
"252150240","LASKI","2012","11","11",6.5,"","W",0,"9",0,"8","","8","",""
"252150240","LASKI","2012","11","24",1.8,"","W",0,"9",0,"8","","8","",""
"252150240","LASKI","2012","11","26",.7,"","W",0,"9",0,"8","","8","",""
"252150240","LASKI","2012","11","27",.9,"","W",0,"9",0,"8","","8","",""
"252150240","LASKI","2012","11","28",12.2,"","W",0,"9",0,"8","","8","",""
"252150240","LASKI","2012","11","29",18.4,"","W",0,"9",0,"8","","8","",""
"252150240","LASKI","2012","11","30",.1,"","W",0,"9",0,"8","","8","",""
"252150270","BABIMOST","2012","11","01",7.4,"","W",0,"9",0,"8","","8","",""
"252150270","BABIMOST","2012","11","02",2.3,"","W",0,"9",0,"8","","8","",""
"252150270","BABIMOST","2012","11","03",3.5,"","W",0,"9",0,"8","","8","",""
"252150270","BABIMOST","2012","11","04",2.1,"","W",0,"9",0,"8","","8","",""
"252150270","BABIMOST","2012","11","05",1.7,"","W",0,"9",0,"8","","8","",""
"252150270","BABIMOST","2012","11","07",1.2,"","W",0,"9",0,"8","","8","",""
"252150270","BABIMOST","2012","11","08",.2,"","W",0,"9",0,"8","","8","",""
"252150270","BABIMOST","2012","11","10",.0,"","W",0,"9",0,"8","","8","",""
"252150270","BABIMOST","2012","11","11",6.6,"","W",0,"9",0,"8","","8","",""
"252150270","BABIMOST","2012","11","17",.2,"","W",0,"9",0,"8","","8","",""
"252150270","BABIMOST","2012","11","18",.1,"","W",0,"9",0,"8","","8","",""
"252150270","BABIMOST","2012","11","19",.0,"","W",0,"9",0,"8","","8","",""
"252150270","BABIMOST","2012","11","21",.1,"","W",0,"9",0,"8","","8","",""
"252150270","BABIMOST","2012","11","23",.3,"","W",0,"9",0,"8","","8","",""
"252150270","BABIMOST","2012","11","24",.2,"","W",0,"9",0,"8","","8","",""
"252150270","BABIMOST","2012","11","25",.1,"","W",0,"9",0,"8","","8","",""
"252150270","BABIMOST","2012","11","26",.3,"","W",0,"9",0,"8","","8","",""
"252150270","BABIMOST","2012","11","27",.9,"","W",0,"9",0,"8","","8","",""
"252150270","BABIMOST","2012","11","28",9.1,"","W",0,"9",0,"8","","8","",""
"252150270","BABIMOST","2012","11","29",25.6,"","S",0,"9",0,"8","","8","",""
"252160010","KUèNICA CZARNKOWSKA","2012","11","01",3.2,"","W",0,"9",0,"8","","8","",""
"252160010","KUèNICA CZARNKOWSKA","2012","11","02",1.4,"","W",0,"9",0,"8","","8","",""
"252160010","KUèNICA CZARNKOWSKA","2012","11","04",7.9,"","W",0,"9",0,"8","","8","",""
"252160010","KUèNICA CZARNKOWSKA","2012","11","05",2.0,"","W",0,"9",0,"8","","8","",""
"252160010","KUèNICA CZARNKOWSKA","2012","11","06",3.0,"","W",0,"9",0,"8","","8","",""
"252160010","KUèNICA CZARNKOWSKA","2012","11","07",2.0,"","W",0,"9",0,"8","","8","",""
"252160010","KUèNICA CZARNKOWSKA","2012","11","08",1.1,"","W",0,"9",0,"8","","8","",""
"252160010","KUèNICA CZARNKOWSKA","2012","11","09",.2,"","W",0,"9",0,"8","","8","",""
"252160010","KUèNICA CZARNKOWSKA","2012","11","11",3.7,"","W",0,"9",0,"8","","8","",""
"252160010","KUèNICA CZARNKOWSKA","2012","11","13",.2,"","W",0,"9",0,"8","","8","",""
"252160010","KUèNICA CZARNKOWSKA","2012","11","14",.2,"","W",0,"9",0,"8","","8","",""
"252160010","KUèNICA CZARNKOWSKA","2012","11","17",.1,"","W",0,"9",0,"8","","8","",""
"252160010","KUèNICA CZARNKOWSKA","2012","11","18",.2,"","W",0,"9",0,"8","","8","",""
"252160010","KUèNICA CZARNKOWSKA","2012","11","21",.1,"","W",0,"9",0,"8","","8","",""
"252160010","KUèNICA CZARNKOWSKA","2012","11","22",.1,"","W",0,"9",0,"8","","8","",""
"252160010","KUèNICA CZARNKOWSKA","2012","11","23",1.2,"","W",0,"9",0,"8","","8","",""
"252160010","KUèNICA CZARNKOWSKA","2012","11","24",.7,"","W",0,"9",0,"8","","8","",""
"252160010","KUèNICA CZARNKOWSKA","2012","11","25",.1,"","W",0,"9",0,"8","","8","",""
"252160010","KUèNICA CZARNKOWSKA","2012","11","26",.4,"","W",0,"9",0,"8","","8","",""
"252160010","KUèNICA CZARNKOWSKA","2012","11","27",.6,"","W",0,"9",0,"8","","8","",""
"252160010","KUèNICA CZARNKOWSKA","2012","11","28",6.2,"","W",0,"9",0,"8","","8","",""
"252160010","KUèNICA CZARNKOWSKA","2012","11","29",33.4,"","W",0,"9",0,"8","","8","",""
"252160020","PODANIN","2012","11","01",3.1,"","W",0,"9",0,"8","","8","",""
"252160020","PODANIN","2012","11","02",.2,"","W",0,"9",0,"8","","8","",""
"252160020","PODANIN","2012","11","03",1.5,"","W",0,"9",0,"8","","8","",""
"252160020","PODANIN","2012","11","04",6.3,"","W",0,"9",0,"8","","8","",""
"252160020","PODANIN","2012","11","05",6.6,"","W",0,"9",0,"8","","8","",""
"252160020","PODANIN","2012","11","06",3.2,"","W",0,"9",0,"8","","8","",""
"252160020","PODANIN","2012","11","07",.8,"","W",0,"9",0,"8","","8","",""
"252160020","PODANIN","2012","11","08",1.2,"","W",0,"9",0,"8","","8","",""
"252160020","PODANIN","2012","11","09",.4,"","W",0,"9",0,"8","","8","",""
"252160020","PODANIN","2012","11","11",6.9,"","W",0,"9",0,"8","","8","",""
"252160020","PODANIN","2012","11","16",.3,"","W",0,"9",0,"8","","8","",""
"252160020","PODANIN","2012","11","18",.7,"","W",0,"9",0,"8","","8","",""
"252160020","PODANIN","2012","11","21",.5,"","W",0,"9",0,"8","","8","",""
"252160020","PODANIN","2012","11","22",.3,"","W",0,"9",0,"8","","8","",""
"252160020","PODANIN","2012","11","23",2.4,"","W",0,"9",0,"8","","8","",""
"252160020","PODANIN","2012","11","24",2.7,"","W",0,"9",0,"8","","8","",""
"252160020","PODANIN","2012","11","27",2.1,"","W",0,"9",0,"8","","8","",""
"252160020","PODANIN","2012","11","28",11.3,"","W",0,"9",0,"8","","8","",""
"252160020","PODANIN","2012","11","29",33.2,"","W",0,"9",0,"8","","8","",""
"252160020","PODANIN","2012","11","30",3.4,"","W",0,"9",0,"8","","8","",""
"252160030","MIA£Y","2012","11","01",2.4,"","W",0,"9",0,"8","","8","",""
"252160030","MIA£Y","2012","11","02",2.6,"","W",0,"9",0,"8","","8","",""
"252160030","MIA£Y","2012","11","03",1.9,"","W",0,"9",0,"8","","8","",""
"252160030","MIA£Y","2012","11","04",3.8,"","W",0,"9",0,"8","","8","",""
"252160030","MIA£Y","2012","11","05",.4,"","W",0,"9",0,"8","","8","",""
"252160030","MIA£Y","2012","11","06",3.3,"","W",0,"9",0,"8","","8","",""
"252160030","MIA£Y","2012","11","07",2.2,"","W",0,"9",0,"8","","8","",""
"252160030","MIA£Y","2012","11","08",.1,"","W",0,"9",0,"8","","8","",""
"252160030","MIA£Y","2012","11","11",5.5,"","W",0,"9",0,"8","","8","",""
"252160030","MIA£Y","2012","11","23",.0,"","W",0,"9",0,"8","","8","",""
"252160030","MIA£Y","2012","11","24",.0,"","W",0,"9",0,"8","","8","",""
"252160030","MIA£Y","2012","11","27",.1,"","W",0,"9",0,"8","","8","",""
"252160030","MIA£Y","2012","11","28",9.9,"","W",0,"9",0,"8","","8","",""
"252160030","MIA£Y","2012","11","29",22.7,"","S",0,"9",0,"8","","8","",""
"252160040","MI£KOWO","2012","11","01",4.0,"","W",0,"9",0,"8","","8","",""
"252160040","MI£KOWO","2012","11","02",.0,"","W",0,"9",0,"8","","8","",""
"252160040","MI£KOWO","2012","11","03",1.5,"","W",0,"9",0,"8","","8","",""
"252160040","MI£KOWO","2012","11","04",6.0,"","W",0,"9",0,"8","","8","",""
"252160040","MI£KOWO","2012","11","05",.0,"","W",0,"9",0,"8","","8","",""
"252160040","MI£KOWO","2012","11","06",3.5,"","W",0,"9",0,"8","","8","",""
"252160040","MI£KOWO","2012","11","07",.0,"","W",0,"9",0,"8","","8","",""
"252160040","MI£KOWO","2012","11","08",.0,"","W",0,"9",0,"8","","8","",""
"252160040","MI£KOWO","2012","11","11",6.0,"","W",0,"9",0,"8","","8","",""
"252160040","MI£KOWO","2012","11","21",.0,"","W",0,"9",0,"8","","8","",""
"252160040","MI£KOWO","2012","11","23",2.0,"","W",0,"9",0,"8","","8","",""
"252160040","MI£KOWO","2012","11","24",2.5,"","W",0,"9",0,"8","","8","",""
"252160040","MI£KOWO","2012","11","25",.0,"","W",0,"9",0,"8","","8","",""
"252160040","MI£KOWO","2012","11","26",.0,"","W",0,"9",0,"8","","8","",""
"252160040","MI£KOWO","2012","11","27",.0,"","W",0,"9",0,"8","","8","",""
"252160040","MI£KOWO","2012","11","28",7.0,"","W",0,"9",0,"8","","8","",""
"252160040","MI£KOWO","2012","11","29",36.0,"","W",0,"9",0,"8","","8","",""
"252160050","RYCZYW”£","2012","11","01",3.3,"","W",0,"9",0,"8","","8","",""
"252160050","RYCZYW”£","2012","11","02",.7,"","W",0,"9",0,"8","","8","",""
"252160050","RYCZYW”£","2012","11","03",1.1,"","W",0,"9",0,"8","","8","",""
"252160050","RYCZYW”£","2012","11","04",7.1,"","W",0,"9",0,"8","","8","",""
"252160050","RYCZYW”£","2012","11","05",.4,"","W",0,"9",0,"8","","8","",""
"252160050","RYCZYW”£","2012","11","06",2.5,"","W",0,"9",0,"8","","8","",""
"252160050","RYCZYW”£","2012","11","07",.9,"","W",0,"9",0,"8","","8","",""
"252160050","RYCZYW”£","2012","11","08",.8,"","W",0,"9",0,"8","","8","",""
"252160050","RYCZYW”£","2012","11","11",6.6,"","W",0,"9",0,"8","","8","",""
"252160050","RYCZYW”£","2012","11","13",.1,"","W",0,"9",0,"8","","8","",""
"252160050","RYCZYW”£","2012","11","18",.8,"","W",0,"9",0,"8","","8","",""
"252160050","RYCZYW”£","2012","11","21",.3,"","W",0,"9",0,"8","","8","",""
"252160050","RYCZYW”£","2012","11","22",.1,"","W",0,"9",0,"8","","8","",""
"252160050","RYCZYW”£","2012","11","23",1.0,"","W",0,"9",0,"8","","8","",""
"252160050","RYCZYW”£","2012","11","24",1.5,"","W",0,"9",0,"8","","8","",""
"252160050","RYCZYW”£","2012","11","25",.2,"","W",0,"9",0,"8","","8","",""
"252160050","RYCZYW”£","2012","11","26",.2,"","W",0,"9",0,"8","","8","",""
"252160050","RYCZYW”£","2012","11","27",.8,"","W",0,"9",0,"8","","8","",""
"252160050","RYCZYW”£","2012","11","28",9.6,"","W",0,"9",0,"8","","8","",""
"252160050","RYCZYW”£","2012","11","29",28.0,"","W",0,"9",0,"8","","8","",""
"252160050","RYCZYW”£","2012","11","30",.2,"","W",0,"9",0,"8","","8","",""
"252160060","ROGOèNO","2012","11","01",3.0,"","W",0,"9",0,"8","","8","",""
"252160060","ROGOèNO","2012","11","02",.6,"","W",0,"9",0,"8","","8","",""
"252160060","ROGOèNO","2012","11","03",1.4,"","W",0,"9",0,"8","","8","",""
"252160060","ROGOèNO","2012","11","04",5.7,"","W",0,"9",0,"8","","8","",""
"252160060","ROGOèNO","2012","11","05",1.6,"","W",0,"9",0,"8","","8","",""
"252160060","ROGOèNO","2012","11","06",1.0,"","W",0,"9",0,"8","","8","",""
"252160060","ROGOèNO","2012","11","07",.9,"","W",0,"9",0,"8","","8","",""
"252160060","ROGOèNO","2012","11","08",1.0,"","W",0,"9",0,"8","","8","",""
"252160060","ROGOèNO","2012","11","11",5.6,"","W",0,"9",0,"8","","8","",""
"252160060","ROGOèNO","2012","11","13",.2,"","W",0,"9",0,"8","","8","",""
"252160060","ROGOèNO","2012","11","18",.3,"","W",0,"9",0,"8","","8","",""
"252160060","ROGOèNO","2012","11","21",.3,"","W",0,"9",0,"8","","8","",""
"252160060","ROGOèNO","2012","11","22",.1,"","W",0,"9",0,"8","","8","",""
"252160060","ROGOèNO","2012","11","24",1.8,"","W",0,"9",0,"8","","8","",""
"252160060","ROGOèNO","2012","11","26",.1,"","W",0,"9",0,"8","","8","",""
"252160060","ROGOèNO","2012","11","27",.6,"","W",0,"9",0,"8","","8","",""
"252160060","ROGOèNO","2012","11","28",8.1,"","W",0,"9",0,"8","","8","",""
"252160060","ROGOèNO","2012","11","29",23.1,"","W",0,"9",0,"8","","8","",""
"252160060","ROGOèNO","2012","11","30",.2,"","W",0,"9",0,"8","","8","",""
"252160070","WRONKI","2012","11","01",4.8,"","W",0,"9",0,"8","","8","",""
"252160070","WRONKI","2012","11","03",1.1,"","W",0,"9",0,"8","","8","",""
"252160070","WRONKI","2012","11","04",3.8,"","W",0,"9",0,"8","","8","",""
"252160070","WRONKI","2012","11","05",1.1,"","W",0,"9",0,"8","","8","",""
"252160070","WRONKI","2012","11","06",1.2,"","W",0,"9",0,"8","","8","",""
"252160070","WRONKI","2012","11","07",1.0,"","W",0,"9",0,"8","","8","",""
"252160070","WRONKI","2012","11","08",1.8,"","W",0,"9",0,"8","","8","",""
"252160070","WRONKI","2012","11","11",3.7,"","W",0,"9",0,"8","","8","",""
"252160070","WRONKI","2012","11","12",.1,"","W",0,"9",0,"8","","8","",""
"252160070","WRONKI","2012","11","13",.3,"","W",0,"9",0,"8","","8","",""
"252160070","WRONKI","2012","11","15",.1,"","W",0,"9",0,"8","","8","",""
"252160070","WRONKI","2012","11","17",.1,"","W",0,"9",0,"8","","8","",""
"252160070","WRONKI","2012","11","19",.1,"","W",0,"9",0,"8","","8","",""
"252160070","WRONKI","2012","11","24",2.5,"","W",0,"9",0,"8","","8","",""
"252160070","WRONKI","2012","11","27",1.8,"","W",0,"9",0,"8","","8","",""
"252160070","WRONKI","2012","11","28",13.5,"","W",0,"9",0,"8","","8","",""
"252160070","WRONKI","2012","11","29",24.0,"","W",0,"9",0,"8","","8","",""
"252160080","OBORNIKI WIELKOPOLSKIE","2012","11","01",3.4,"","W",0,"9",0,"8","","8","",""
"252160080","OBORNIKI WIELKOPOLSKIE","2012","11","02",.6,"","W",0,"9",0,"8","","8","",""
"252160080","OBORNIKI WIELKOPOLSKIE","2012","11","03",3.0,"","W",0,"9",0,"8","","8","",""
"252160080","OBORNIKI WIELKOPOLSKIE","2012","11","04",3.8,"","W",0,"9",0,"8","","8","",""
"252160080","OBORNIKI WIELKOPOLSKIE","2012","11","06",1.7,"","W",0,"9",0,"8","","8","",""
"252160080","OBORNIKI WIELKOPOLSKIE","2012","11","07",.4,"","W",0,"9",0,"8","","8","",""
"252160080","OBORNIKI WIELKOPOLSKIE","2012","11","08",1.5,"","W",0,"9",0,"8","","8","",""
"252160080","OBORNIKI WIELKOPOLSKIE","2012","11","11",5.6,"","W",0,"9",0,"8","","8","",""
"252160080","OBORNIKI WIELKOPOLSKIE","2012","11","18",.4,"","W",0,"9",0,"8","","8","",""
"252160080","OBORNIKI WIELKOPOLSKIE","2012","11","23",1.7,"","W",0,"9",0,"8","","8","",""
"252160080","OBORNIKI WIELKOPOLSKIE","2012","11","24",.1,"","W",0,"9",0,"8","","8","",""
"252160080","OBORNIKI WIELKOPOLSKIE","2012","11","27",1.0,"","W",0,"9",0,"8","","8","",""
"252160080","OBORNIKI WIELKOPOLSKIE","2012","11","28",9.7,"","W",0,"9",0,"8","","8","",""
"252160080","OBORNIKI WIELKOPOLSKIE","2012","11","29",13.0,"","W",0,"9",0,"8","","8","",""
"252160090","NOJEWO","2012","11","01",4.6,"","W",0,"9",0,"8","","8","",""
"252160090","NOJEWO","2012","11","02",1.2,"","W",0,"9",0,"8","","8","",""
"252160090","NOJEWO","2012","11","03",1.7,"","W",0,"9",0,"8","","8","",""
"252160090","NOJEWO","2012","11","04",3.3,"","W",0,"9",0,"8","","8","",""
"252160090","NOJEWO","2012","11","05",.4,"","W",0,"9",0,"8","","8","",""
"252160090","NOJEWO","2012","11","06",2.0,"","W",0,"9",0,"8","","8","",""
"252160090","NOJEWO","2012","11","07",1.1,"","W",0,"9",0,"8","","8","",""
"252160090","NOJEWO","2012","11","08",1.0,"","W",0,"9",0,"8","","8","",""
"252160090","NOJEWO","2012","11","09",.3,"","W",0,"9",0,"8","","8","",""
"252160090","NOJEWO","2012","11","11",5.6,"","W",0,"9",0,"8","","8","",""
"252160090","NOJEWO","2012","11","12",.1,"","W",0,"9",0,"8","","8","",""
"252160090","NOJEWO","2012","11","13",.1,"","W",0,"9",0,"8","","8","",""
"252160090","NOJEWO","2012","11","14",.2,"","W",0,"9",0,"8","","8","",""
"252160090","NOJEWO","2012","11","16",.1,"","W",0,"9",0,"8","","8","",""
"252160090","NOJEWO","2012","11","17",.2,"","W",0,"9",0,"8","","8","",""
"252160090","NOJEWO","2012","11","18",.3,"","W",0,"9",0,"8","","8","",""
"252160090","NOJEWO","2012","11","19",.1,"","W",0,"9",0,"8","","8","",""
"252160090","NOJEWO","2012","11","20",.1,"","W",0,"9",0,"8","","8","",""
"252160090","NOJEWO","2012","11","21",.1,"","W",0,"9",0,"8","","8","",""
"252160090","NOJEWO","2012","11","22",.2,"","W",0,"9",0,"8","","8","",""
"252160090","NOJEWO","2012","11","23",1.2,"","W",0,"9",0,"8","","8","",""
"252160090","NOJEWO","2012","11","24",.9,"","W",0,"9",0,"8","","8","",""
"252160090","NOJEWO","2012","11","25",.0,"","W",0,"9",0,"8","","8","",""
"252160090","NOJEWO","2012","11","26",.6,"","W",0,"9",0,"8","","8","",""
"252160090","NOJEWO","2012","11","27",.8,"","W",0,"9",0,"8","","8","",""
"252160090","NOJEWO","2012","11","28",10.8,"","W",0,"9",0,"8","","8","",""
"252160090","NOJEWO","2012","11","29",31.2,"","S",0,"9",0,"8","","8","",""
"252160120","Z£OTNIKI","2012","11","01",5.0,"","W",0,"9",0,"8","","8","",""
"252160120","Z£OTNIKI","2012","11","02",1.0,"","W",0,"9",0,"8","","8","",""
"252160120","Z£OTNIKI","2012","11","03",.5,"","W",0,"9",0,"8","","8","",""
"252160120","Z£OTNIKI","2012","11","04",6.5,"","W",0,"9",0,"8","","8","",""
"252160120","Z£OTNIKI","2012","11","05",.5,"","W",0,"9",0,"8","","8","",""
"252160120","Z£OTNIKI","2012","11","06",1.0,"","W",0,"9",0,"8","","8","",""
"252160120","Z£OTNIKI","2012","11","07",.2,"","W",0,"9",0,"8","","8","",""
"252160120","Z£OTNIKI","2012","11","08",.5,"","W",0,"9",0,"8","","8","",""
"252160120","Z£OTNIKI","2012","11","11",6.0,"","W",0,"9",0,"8","","8","",""
"252160120","Z£OTNIKI","2012","11","23",.5,"","W",0,"9",0,"8","","8","",""
"252160120","Z£OTNIKI","2012","11","24",1.0,"","W",0,"9",0,"8","","8","",""
"252160120","Z£OTNIKI","2012","11","28",10.0,"","W",0,"9",0,"8","","8","",""
"252160120","Z£OTNIKI","2012","11","29",17.5,"","W",0,"9",0,"8","","8","",""
"252160130","Z BOWO","2012","11","01",4.2,"","W",0,"9",0,"9","","9","",""
"252160130","Z BOWO","2012","11","02",.4,"","W",0,"9",0,"9","","9","",""
"252160130","Z BOWO","2012","11","03",1.5,"","W",0,"9",0,"9","","9","",""
"252160130","Z BOWO","2012","11","04",1.4,"","W",0,"9",0,"9","","9","",""
"252160130","Z BOWO","2012","11","05",2.1,"","W",0,"9",0,"9","","9","",""
"252160130","Z BOWO","2012","11","06",3.0,"","W",0,"9",0,"9","","9","",""
"252160130","Z BOWO","2012","11","07",1.6,"","W",0,"9",0,"9","","9","",""
"252160130","Z BOWO","2012","11","08",.9,"","W",0,"9",0,"9","","9","",""
"252160130","Z BOWO","2012","11","09",.7,"","W",0,"9",0,"9","","9","",""
"252160130","Z BOWO","2012","11","11",5.8,"","W",0,"9",0,"9","","9","",""
"252160130","Z BOWO","2012","11","22",2.0,"","W",0,"9",0,"9","","9","",""
"252160130","Z BOWO","2012","11","23",.2,"","W",0,"9",0,"9","","9","",""
"252160130","Z BOWO","2012","11","24",.3,"","W",0,"9",0,"9","","9","",""
"252160130","Z BOWO","2012","11","27",1.7,"","W",0,"9",0,"9","","9","",""
"252160130","Z BOWO","2012","11","28",16.5,"","W",0,"9",0,"9","","9","",""
"252160130","Z BOWO","2012","11","29",17.2,"","S",0,"9",0,"9","","9","",""
"252160130","Z BOWO","2012","11","30",.0,"9","",0,"",0,"","","9","SL",""
"252160140","GRZEBIENISKO","2012","11","01",5.1,"","W",0,"9",0,"8","","8","",""
"252160140","GRZEBIENISKO","2012","11","02",.0,"","W",0,"9",0,"8","","8","",""
"252160140","GRZEBIENISKO","2012","11","03",3.4,"","W",0,"9",0,"8","","8","",""
"252160140","GRZEBIENISKO","2012","11","04",4.5,"","W",0,"9",0,"8","","8","",""
"252160140","GRZEBIENISKO","2012","11","05",.0,"","W",0,"9",0,"8","","8","",""
"252160140","GRZEBIENISKO","2012","11","06",.7,"","W",0,"9",0,"8","","8","",""
"252160140","GRZEBIENISKO","2012","11","07",3.0,"","W",0,"9",0,"8","","8","",""
"252160140","GRZEBIENISKO","2012","11","08",.8,"","W",0,"9",0,"8","","8","",""
"252160140","GRZEBIENISKO","2012","11","09",.2,"","W",0,"9",0,"8","","8","",""
"252160140","GRZEBIENISKO","2012","11","11",5.0,"","W",0,"9",0,"8","","8","",""
"252160140","GRZEBIENISKO","2012","11","12",1.1,"","W",0,"9",0,"8","","8","",""
"252160140","GRZEBIENISKO","2012","11","14",.4,"","W",0,"9",0,"8","","8","",""
"252160140","GRZEBIENISKO","2012","11","18",.5,"","W",0,"9",0,"8","","8","",""
"252160140","GRZEBIENISKO","2012","11","19",.1,"","W",0,"9",0,"8","","8","",""
"252160140","GRZEBIENISKO","2012","11","21",.2,"","W",0,"9",0,"8","","8","",""
"252160140","GRZEBIENISKO","2012","11","23",.1,"","W",0,"9",0,"8","","8","",""
"252160140","GRZEBIENISKO","2012","11","24",1.3,"","W",0,"9",0,"8","","8","",""
"252160140","GRZEBIENISKO","2012","11","27",1.0,"","W",0,"9",0,"8","","8","",""
"252160140","GRZEBIENISKO","2012","11","28",1.5,"","W",0,"9",0,"8","","8","",""
"252160140","GRZEBIENISKO","2012","11","29",23.9,"","W",0,"9",0,"8","","8","",""
"252160140","GRZEBIENISKO","2012","11","30",1.7,"","W",0,"9",0,"8","","8","",""
"252160150","MICHORZEWO","2012","11","01",5.5,"","W",0,"9",0,"8","","8","",""
"252160150","MICHORZEWO","2012","11","02",2.2,"","W",0,"9",0,"8","","8","",""
"252160150","MICHORZEWO","2012","11","03",2.7,"","W",0,"9",0,"8","","8","",""
"252160150","MICHORZEWO","2012","11","04",3.7,"","W",0,"9",0,"8","","8","",""
"252160150","MICHORZEWO","2012","11","05",.8,"","W",0,"9",0,"8","","8","",""
"252160150","MICHORZEWO","2012","11","06",3.1,"","W",0,"9",0,"8","","8","",""
"252160150","MICHORZEWO","2012","11","07",2.1,"","W",0,"9",0,"8","","8","",""
"252160150","MICHORZEWO","2012","11","08",1.0,"","W",0,"9",0,"8","","8","",""
"252160150","MICHORZEWO","2012","11","11",6.3,"","W",0,"9",0,"8","","8","",""
"252160150","MICHORZEWO","2012","11","23",1.9,"","W",0,"9",0,"8","","8","",""
"252160150","MICHORZEWO","2012","11","24",.8,"","W",0,"9",0,"8","","8","",""
"252160150","MICHORZEWO","2012","11","26",.1,"","W",0,"9",0,"8","","8","",""
"252160150","MICHORZEWO","2012","11","27",1.3,"","W",0,"9",0,"8","","8","",""
"252160150","MICHORZEWO","2012","11","28",10.2,"","W",0,"9",0,"8","","8","",""
"252160150","MICHORZEWO","2012","11","29",20.9,"","S",0,"9",0,"8","","8","",""
"252160170","ST SZEW","2012","11","01",5.5,"","W",0,"9",0,"8","","8","",""
"252160170","ST SZEW","2012","11","02",1.3,"","W",0,"9",0,"8","","8","",""
"252160170","ST SZEW","2012","11","03",1.7,"","W",0,"9",0,"8","","8","",""
"252160170","ST SZEW","2012","11","04",5.4,"","W",0,"9",0,"8","","8","",""
"252160170","ST SZEW","2012","11","05",.5,"","W",0,"9",0,"8","","8","",""
"252160170","ST SZEW","2012","11","06",1.0,"","W",0,"9",0,"8","","8","",""
"252160170","ST SZEW","2012","11","07",2.3,"","W",0,"9",0,"8","","8","",""
"252160170","ST SZEW","2012","11","08",.5,"","W",0,"9",0,"8","","8","",""
"252160170","ST SZEW","2012","11","11",5.8,"","W",0,"9",0,"8","","8","",""
"252160170","ST SZEW","2012","11","12",.1,"","W",0,"9",0,"8","","8","",""
"252160170","ST SZEW","2012","11","14",.1,"","W",0,"9",0,"8","","8","",""
"252160170","ST SZEW","2012","11","17",.1,"","W",0,"9",0,"8","","8","",""
"252160170","ST SZEW","2012","11","18",.4,"","W",0,"9",0,"8","","8","",""
"252160170","ST SZEW","2012","11","22",.1,"","W",0,"9",0,"8","","8","",""
"252160170","ST SZEW","2012","11","24",.6,"","W",0,"9",0,"8","","8","",""
"252160170","ST SZEW","2012","11","27",.6,"","W",0,"9",0,"8","","8","",""
"252160170","ST SZEW","2012","11","28",9.4,"","W",0,"9",0,"8","","8","",""
"252160170","ST SZEW","2012","11","29",14.3,"","W",0,"9",0,"8","","8","",""
"252160170","ST SZEW","2012","11","30",.1,"","W",0,"9",0,"8","","8","",""
"252160180","MOSINA","2012","11","01",6.2,"","W",0,"9",0,"8","","8","",""
"252160180","MOSINA","2012","11","02",1.1,"","W",0,"9",0,"8","","8","",""
"252160180","MOSINA","2012","11","03",2.4,"","W",0,"9",0,"8","","8","",""
"252160180","MOSINA","2012","11","04",5.8,"","W",0,"9",0,"8","","8","",""
"252160180","MOSINA","2012","11","05",.5,"","W",0,"9",0,"8","","8","",""
"252160180","MOSINA","2012","11","06",1.2,"","W",0,"9",0,"8","","8","",""
"252160180","MOSINA","2012","11","07",1.2,"","W",0,"9",0,"8","","8","",""
"252160180","MOSINA","2012","11","08",.8,"","W",0,"9",0,"8","","8","",""
"252160180","MOSINA","2012","11","11",5.7,"","W",0,"9",0,"8","","8","",""
"252160180","MOSINA","2012","11","18",.9,"","W",0,"9",0,"8","","8","",""
"252160180","MOSINA","2012","11","23",.6,"","W",0,"9",0,"8","","8","",""
"252160180","MOSINA","2012","11","24",.1,"","W",0,"9",0,"8","","8","",""
"252160180","MOSINA","2012","11","27",1.1,"","W",0,"9",0,"8","","8","",""
"252160180","MOSINA","2012","11","28",12.5,"","W",0,"9",0,"8","","8","",""
"252160180","MOSINA","2012","11","29",14.6,"","W",0,"9",0,"8","","8","",""
"252160180","MOSINA","2012","11","30",.0,"","W",0,"9",0,"8","","8","",""
"252160190","JAB£ONNA","2012","11","01",5.4,"","W",0,"9",0,"8","","8","",""
"252160190","JAB£ONNA","2012","11","02",2.3,"","W",0,"9",0,"8","","8","",""
"252160190","JAB£ONNA","2012","11","03",2.4,"","W",0,"9",0,"8","","8","",""
"252160190","JAB£ONNA","2012","11","04",4.2,"","W",0,"9",0,"8","","8","",""
"252160190","JAB£ONNA","2012","11","05",.5,"","W",0,"9",0,"8","","8","",""
"252160190","JAB£ONNA","2012","11","06",2.0,"","W",0,"9",0,"8","","8","",""
"252160190","JAB£ONNA","2012","11","07",2.6,"","W",0,"9",0,"8","","8","",""
"252160190","JAB£ONNA","2012","11","08",.7,"","W",0,"9",0,"8","","8","",""
"252160190","JAB£ONNA","2012","11","11",6.1,"","W",0,"9",0,"8","","8","",""
"252160190","JAB£ONNA","2012","11","14",.1,"","W",0,"9",0,"8","","8","",""
"252160190","JAB£ONNA","2012","11","16",.2,"","W",0,"9",0,"8","","8","",""
"252160190","JAB£ONNA","2012","11","18",.3,"","W",0,"9",0,"8","","8","",""
"252160190","JAB£ONNA","2012","11","20",.1,"","W",0,"9",0,"8","","8","",""
"252160190","JAB£ONNA","2012","11","22",.5,"","W",0,"9",0,"8","","8","",""
"252160190","JAB£ONNA","2012","11","23",.6,"","W",0,"9",0,"8","","8","",""
"252160190","JAB£ONNA","2012","11","24",.4,"","W",0,"9",0,"8","","8","",""
"252160190","JAB£ONNA","2012","11","27",.9,"","W",0,"9",0,"8","","8","",""
"252160190","JAB£ONNA","2012","11","28",8.5,"","W",0,"9",0,"8","","8","",""
"252160190","JAB£ONNA","2012","11","29",16.7,"","W",0,"9",0,"8","","8","",""
"252160210","KONOJAD","2012","11","01",4.6,"","W",0,"9",0,"8","","8","",""
"252160210","KONOJAD","2012","11","02",1.8,"","W",0,"9",0,"8","","8","",""
"252160210","KONOJAD","2012","11","03",2.0,"","W",0,"9",0,"8","","8","",""
"252160210","KONOJAD","2012","11","04",4.8,"","W",0,"9",0,"8","","8","",""
"252160210","KONOJAD","2012","11","05",.2,"","W",0,"9",0,"8","","8","",""
"252160210","KONOJAD","2012","11","06",1.2,"","W",0,"9",0,"8","","8","",""
"252160210","KONOJAD","2012","11","07",1.8,"","W",0,"9",0,"8","","8","",""
"252160210","KONOJAD","2012","11","08",.0,"","W",0,"9",0,"8","","8","",""
"252160210","KONOJAD","2012","11","11",6.1,"","W",0,"9",0,"8","","8","",""
"252160210","KONOJAD","2012","11","16",.2,"","W",0,"9",0,"8","","8","",""
"252160210","KONOJAD","2012","11","17",.1,"","W",0,"9",0,"8","","8","",""
"252160210","KONOJAD","2012","11","18",.2,"","W",0,"9",0,"8","","8","",""
"252160210","KONOJAD","2012","11","19",.2,"","W",0,"9",0,"8","","8","",""
"252160210","KONOJAD","2012","11","24",.5,"","W",0,"9",0,"8","","8","",""
"252160210","KONOJAD","2012","11","27",.4,"","W",0,"9",0,"8","","8","",""
"252160210","KONOJAD","2012","11","28",9.3,"","W",0,"9",0,"8","","8","",""
"252160210","KONOJAD","2012","11","29",16.1,"","W",0,"9",0,"8","","8","",""
"252160220","BRODNICA","2012","11","01",5.3,"","W",0,"9",0,"8","","8","",""
"252160220","BRODNICA","2012","11","02",1.0,"","W",0,"9",0,"8","","8","",""
"252160220","BRODNICA","2012","11","03",1.8,"","W",0,"9",0,"8","","8","",""
"252160220","BRODNICA","2012","11","04",5.6,"","W",0,"9",0,"8","","8","",""
"252160220","BRODNICA","2012","11","05",.1,"","W",0,"9",0,"8","","8","",""
"252160220","BRODNICA","2012","11","06",1.5,"","W",0,"9",0,"8","","8","",""
"252160220","BRODNICA","2012","11","07",1.2,"","W",0,"9",0,"8","","8","",""
"252160220","BRODNICA","2012","11","08",.2,"","W",0,"9",0,"8","","8","",""
"252160220","BRODNICA","2012","11","11",5.4,"","W",0,"9",0,"8","","8","",""
"252160220","BRODNICA","2012","11","12",.1,"","W",0,"9",0,"8","","8","",""
"252160220","BRODNICA","2012","11","14",.1,"","W",0,"9",0,"8","","8","",""
"252160220","BRODNICA","2012","11","16",.2,"","W",0,"9",0,"8","","8","",""
"252160220","BRODNICA","2012","11","17",.2,"","W",0,"9",0,"8","","8","",""
"252160220","BRODNICA","2012","11","18",.1,"","W",0,"9",0,"8","","8","",""
"252160220","BRODNICA","2012","11","19",.1,"","W",0,"9",0,"8","","8","",""
"252160220","BRODNICA","2012","11","24",.2,"","W",0,"9",0,"8","","8","",""
"252160220","BRODNICA","2012","11","27",.6,"","W",0,"9",0,"8","","8","",""
"252160220","BRODNICA","2012","11","28",8.7,"","W",0,"9",0,"8","","8","",""
"252160220","BRODNICA","2012","11","29",11.6,"","W",0,"9",0,"8","","8","",""
"252160240","KOåCIAN","2012","11","01",5.4,"","W",0,"9",0,"8","","8","",""
"252160240","KOåCIAN","2012","11","03",3.0,"","W",0,"9",0,"8","","8","",""
"252160240","KOåCIAN","2012","11","04",5.0,"","W",0,"9",0,"8","","8","",""
"252160240","KOåCIAN","2012","11","05",.6,"","W",0,"9",0,"8","","8","",""
"252160240","KOåCIAN","2012","11","06",1.0,"","W",0,"9",0,"8","","8","",""
"252160240","KOåCIAN","2012","11","07",.8,"","W",0,"9",0,"8","","8","",""
"252160240","KOåCIAN","2012","11","11",5.6,"","W",0,"9",0,"8","","8","",""
"252160240","KOåCIAN","2012","11","21",.2,"","W",0,"9",0,"8","","8","",""
"252160240","KOåCIAN","2012","11","28",.6,"","W",0,"9",0,"8","","8","",""
"252160240","KOåCIAN","2012","11","29",23.4,"","W",0,"9",0,"8","","8","",""
"252160250","TUREW","2012","11","01",5.0,"","W",0,"9",0,"8","","8","",""
"252160250","TUREW","2012","11","02",1.2,"","W",0,"9",0,"8","","8","",""
"252160250","TUREW","2012","11","03",1.2,"","W",0,"9",0,"8","","8","",""
"252160250","TUREW","2012","11","04",6.0,"","W",0,"9",0,"8","","8","",""
"252160250","TUREW","2012","11","06",.8,"","W",0,"9",0,"8","","8","",""
"252160250","TUREW","2012","11","07",.1,"","W",0,"9",0,"8","","8","",""
"252160250","TUREW","2012","11","08",.1,"","W",0,"9",0,"8","","8","",""
"252160250","TUREW","2012","11","11",5.0,"","W",0,"9",0,"8","","8","",""
"252160250","TUREW","2012","11","14",.2,"","W",0,"9",0,"8","","8","",""
"252160250","TUREW","2012","11","15",.2,"","W",0,"9",0,"8","","8","",""
"252160250","TUREW","2012","11","16",.4,"","W",0,"9",0,"8","","8","",""
"252160250","TUREW","2012","11","17",.3,"","W",0,"9",0,"8","","8","",""
"252160250","TUREW","2012","11","18",.1,"","W",0,"9",0,"8","","8","",""
"252160250","TUREW","2012","11","19",.1,"","W",0,"9",0,"8","","8","",""
"252160250","TUREW","2012","11","20",.1,"","W",0,"9",0,"8","","8","",""
"252160250","TUREW","2012","11","21",.2,"","W",0,"9",0,"8","","8","",""
"252160250","TUREW","2012","11","22",.2,"","W",0,"9",0,"8","","8","",""
"252160250","TUREW","2012","11","23",.2,"","W",0,"9",0,"8","","8","",""
"252160250","TUREW","2012","11","24",.8,"","W",0,"9",0,"8","","8","",""
"252160250","TUREW","2012","11","26",.1,"","W",0,"9",0,"8","","8","",""
"252160250","TUREW","2012","11","27",.2,"","W",0,"9",0,"8","","8","",""
"252160250","TUREW","2012","11","28",8.5,"","W",0,"9",0,"8","","8","",""
"252160250","TUREW","2012","11","29",10.2,"","W",0,"9",0,"8","","8","",""
"252160260","åWI TNO","2012","11","01",7.6,"","W",0,"9",0,"8","","8","",""
"252160260","åWI TNO","2012","11","02",1.2,"","W",0,"9",0,"8","","8","",""
"252160260","åWI TNO","2012","11","03",2.4,"","W",0,"9",0,"8","","8","",""
"252160260","åWI TNO","2012","11","04",4.5,"","W",0,"9",0,"8","","8","",""
"252160260","åWI TNO","2012","11","05",.3,"","W",0,"9",0,"8","","8","",""
"252160260","åWI TNO","2012","11","06",1.1,"","W",0,"9",0,"8","","8","",""
"252160260","åWI TNO","2012","11","07",.8,"","W",0,"9",0,"8","","8","",""
"252160260","åWI TNO","2012","11","08",.2,"","W",0,"9",0,"8","","8","",""
"252160260","åWI TNO","2012","11","11",5.4,"","W",0,"9",0,"8","","8","",""
"252160260","åWI TNO","2012","11","18",.1,"","W",0,"9",0,"8","","8","",""
"252160260","åWI TNO","2012","11","26",.3,"","W",0,"9",0,"8","","8","",""
"252160260","åWI TNO","2012","11","27",1.7,"","W",0,"9",0,"8","","8","",""
"252160260","åWI TNO","2012","11","28",13.8,"","W",0,"9",0,"8","","8","",""
"252160260","åWI TNO","2012","11","29",14.1,"","W",0,"9",0,"8","","8","",""
"252170010","ZALESIE","2012","11","01",5.1,"","W",0,"9",0,"8","","8","",""
"252170010","ZALESIE","2012","11","02",.6,"","W",0,"9",0,"8","","8","",""
"252170010","ZALESIE","2012","11","03",1.6,"","W",0,"9",0,"8","","8","",""
"252170010","ZALESIE","2012","11","04",6.3,"","W",0,"9",0,"8","","8","",""
"252170010","ZALESIE","2012","11","05",4.3,"","W",0,"9",0,"8","","8","",""
"252170010","ZALESIE","2012","11","06",4.3,"","W",0,"9",0,"8","","8","",""
"252170010","ZALESIE","2012","11","11",4.7,"","W",0,"9",0,"8","","8","",""
"252170010","ZALESIE","2012","11","15",.2,"","W",0,"9",0,"8","","8","",""
"252170010","ZALESIE","2012","11","16",.2,"","W",0,"9",0,"8","","8","",""
"252170010","ZALESIE","2012","11","21",.4,"","W",0,"9",0,"8","","8","",""
"252170010","ZALESIE","2012","11","23",.1,"","W",0,"9",0,"8","","8","",""
"252170010","ZALESIE","2012","11","24",2.3,"","W",0,"9",0,"8","","8","",""
"252170010","ZALESIE","2012","11","25",.2,"","W",0,"9",0,"8","","8","",""
"252170010","ZALESIE","2012","11","27",3.1,"","W",0,"9",0,"8","","8","",""
"252170010","ZALESIE","2012","11","28",8.7,"","W",0,"9",0,"8","","8","",""
"252170010","ZALESIE","2012","11","29",13.1,"","W",0,"9",0,"8","","8","",""
"252170020","GO£A—CZ","2012","11","01",2.8,"","W",0,"9",0,"8","","8","",""
"252170020","GO£A—CZ","2012","11","02",.2,"","W",0,"9",0,"8","","8","",""
"252170020","GO£A—CZ","2012","11","03",1.5,"","W",0,"9",0,"8","","8","",""
"252170020","GO£A—CZ","2012","11","04",6.1,"","W",0,"9",0,"8","","8","",""
"252170020","GO£A—CZ","2012","11","05",2.0,"","W",0,"9",0,"8","","8","",""
"252170020","GO£A—CZ","2012","11","06",6.8,"","W",0,"9",0,"8","","8","",""
"252170020","GO£A—CZ","2012","11","07",.9,"","W",0,"9",0,"8","","8","",""
"252170020","GO£A—CZ","2012","11","08",.8,"","W",0,"9",0,"8","","8","",""
"252170020","GO£A—CZ","2012","11","11",5.7,"","W",0,"9",0,"8","","8","",""
"252170020","GO£A—CZ","2012","11","13",.2,"","W",0,"9",0,"8","","8","",""
"252170020","GO£A—CZ","2012","11","15",.1,"","W",0,"9",0,"8","","8","",""
"252170020","GO£A—CZ","2012","11","18",.6,"","W",0,"9",0,"8","","8","",""
"252170020","GO£A—CZ","2012","11","21",.5,"","W",0,"9",0,"8","","8","",""
"252170020","GO£A—CZ","2012","11","22",.2,"","W",0,"9",0,"8","","8","",""
"252170020","GO£A—CZ","2012","11","23",1.2,"","W",0,"9",0,"8","","8","",""
"252170020","GO£A—CZ","2012","11","24",1.0,"","W",0,"9",0,"8","","8","",""
"252170020","GO£A—CZ","2012","11","26",.2,"","W",0,"9",0,"8","","8","",""
"252170020","GO£A—CZ","2012","11","27",1.3,"","W",0,"9",0,"8","","8","",""
"252170020","GO£A—CZ","2012","11","28",13.0,"","W",0,"9",0,"8","","8","",""
"252170020","GO£A—CZ","2012","11","29",24.3,"","W",0,"9",0,"8","","8","",""
"252170020","GO£A—CZ","2012","11","30",.4,"","W",0,"9",0,"8","","8","",""
"252170030","S£ BOWO","2012","11","01",6.7,"","W",0,"9",0,"8","","8","",""
"252170030","S£ BOWO","2012","11","03",3.2,"","W",0,"9",0,"8","","8","",""
"252170030","S£ BOWO","2012","11","04",7.0,"","W",0,"9",0,"8","","8","",""
"252170030","S£ BOWO","2012","11","05",4.3,"","W",0,"9",0,"8","","8","",""
"252170030","S£ BOWO","2012","11","06",8.4,"","W",0,"9",0,"8","","8","",""
"252170030","S£ BOWO","2012","11","07",3.4,"","W",0,"9",0,"8","","8","",""
"252170030","S£ BOWO","2012","11","08",.2,"","W",0,"9",0,"8","","8","",""
"252170030","S£ BOWO","2012","11","11",4.4,"","W",0,"9",0,"8","","8","",""
"252170030","S£ BOWO","2012","11","12",.1,"","W",0,"9",0,"8","","8","",""
"252170030","S£ BOWO","2012","11","13",1.2,"","W",0,"9",0,"8","","8","",""
"252170030","S£ BOWO","2012","11","15",.1,"","W",0,"9",0,"8","","8","",""
"252170030","S£ BOWO","2012","11","16",.1,"","W",0,"9",0,"8","","8","",""
"252170030","S£ BOWO","2012","11","18",1.2,"","W",0,"9",0,"8","","8","",""
"252170030","S£ BOWO","2012","11","20",.0,"","W",0,"9",0,"8","","8","",""
"252170030","S£ BOWO","2012","11","21",1.2,"","W",0,"9",0,"8","","8","",""
"252170030","S£ BOWO","2012","11","23",1.2,"","W",0,"9",0,"8","","8","",""
"252170030","S£ BOWO","2012","11","24",1.3,"","W",0,"9",0,"8","","8","",""
"252170030","S£ BOWO","2012","11","25",.3,"","W",0,"9",0,"8","","8","",""
"252170030","S£ BOWO","2012","11","26",.2,"","W",0,"9",0,"8","","8","",""
"252170030","S£ BOWO","2012","11","27",2.1,"","W",0,"9",0,"8","","8","",""
"252170030","S£ BOWO","2012","11","28",5.1,"","W",0,"9",0,"8","","8","",""
"252170030","S£ BOWO","2012","11","29",15.1,"","W",0,"9",0,"8","","8","",""
"252170030","S£ BOWO","2012","11","30",1.5,"","W",0,"9",0,"8","","8","",""
"252170040","ØNIN","2012","11","01",3.0,"","W",0,"9",0,"8","","8","",""
"252170040","ØNIN","2012","11","02",.2,"","W",0,"9",0,"8","","8","",""
"252170040","ØNIN","2012","11","03",1.2,"","W",0,"9",0,"8","","8","",""
"252170040","ØNIN","2012","11","04",4.6,"","W",0,"9",0,"8","","8","",""
"252170040","ØNIN","2012","11","05",1.5,"","W",0,"9",0,"8","","8","",""
"252170040","ØNIN","2012","11","06",6.9,"","W",0,"9",0,"8","","8","",""
"252170040","ØNIN","2012","11","07",.9,"","W",0,"9",0,"8","","8","",""
"252170040","ØNIN","2012","11","08",.8,"","W",0,"9",0,"8","","8","",""
"252170040","ØNIN","2012","11","11",4.1,"","W",0,"9",0,"8","","8","",""
"252170040","ØNIN","2012","11","13",.2,"","W",0,"9",0,"8","","8","",""
"252170040","ØNIN","2012","11","15",.1,"","W",0,"9",0,"8","","8","",""
"252170040","ØNIN","2012","11","18",.4,"","W",0,"9",0,"8","","8","",""
"252170040","ØNIN","2012","11","21",.2,"","W",0,"9",0,"8","","8","",""
"252170040","ØNIN","2012","11","22",.1,"","W",0,"9",0,"8","","8","",""
"252170040","ØNIN","2012","11","23",.3,"","W",0,"9",0,"8","","8","",""
"252170040","ØNIN","2012","11","24",1.3,"","W",0,"9",0,"8","","8","",""
"252170040","ØNIN","2012","11","27",1.6,"","W",0,"9",0,"8","","8","",""
"252170040","ØNIN","2012","11","28",7.0,"","W",0,"9",0,"8","","8","",""
"252170040","ØNIN","2012","11","29",16.4,"","W",0,"9",0,"8","","8","",""
"252170050","BOBROWNIKI","2012","11","01",2.3,"","W",0,"9",0,"8","","8","",""
"252170050","BOBROWNIKI","2012","11","02",.4,"","W",0,"9",0,"8","","8","",""
"252170050","BOBROWNIKI","2012","11","03",1.2,"","W",0,"9",0,"8","","8","",""
"252170050","BOBROWNIKI","2012","11","04",5.0,"","W",0,"9",0,"8","","8","",""
"252170050","BOBROWNIKI","2012","11","05",2.0,"","W",0,"9",0,"8","","8","",""
"252170050","BOBROWNIKI","2012","11","06",3.7,"","W",0,"9",0,"8","","8","",""
"252170050","BOBROWNIKI","2012","11","07",1.0,"","W",0,"9",0,"8","","8","",""
"252170050","BOBROWNIKI","2012","11","08",1.0,"","W",0,"9",0,"8","","8","",""
"252170050","BOBROWNIKI","2012","11","11",5.5,"","W",0,"9",0,"8","","8","",""
"252170050","BOBROWNIKI","2012","11","18",.6,"","W",0,"9",0,"8","","8","",""
"252170050","BOBROWNIKI","2012","11","21",.1,"","W",0,"9",0,"8","","8","",""
"252170050","BOBROWNIKI","2012","11","22",.0,"","W",0,"9",0,"8","","8","",""
"252170050","BOBROWNIKI","2012","11","23",1.0,"","W",0,"9",0,"8","","8","",""
"252170050","BOBROWNIKI","2012","11","24",1.4,"","W",0,"9",0,"8","","8","",""
"252170050","BOBROWNIKI","2012","11","27",.8,"","W",0,"9",0,"8","","8","",""
"252170050","BOBROWNIKI","2012","11","28",9.0,"","W",0,"9",0,"8","","8","",""
"252170050","BOBROWNIKI","2012","11","29",21.1,"","W",0,"9",0,"8","","8","",""
"252170060","JANOWIEC WIELKOPOLSKI","2012","11","01",3.1,"","W",0,"9",0,"9","","9","",""
"252170060","JANOWIEC WIELKOPOLSKI","2012","11","02",.5,"","W",0,"9",0,"9","","9","",""
"252170060","JANOWIEC WIELKOPOLSKI","2012","11","03",1.5,"","W",0,"9",0,"9","","9","",""
"252170060","JANOWIEC WIELKOPOLSKI","2012","11","04",5.1,"","W",0,"9",0,"9","","9","",""
"252170060","JANOWIEC WIELKOPOLSKI","2012","11","05",.6,"","W",0,"9",0,"9","","9","",""
"252170060","JANOWIEC WIELKOPOLSKI","2012","11","06",4.9,"","W",0,"9",0,"9","","9","",""
"252170060","JANOWIEC WIELKOPOLSKI","2012","11","07",.7,"","W",0,"9",0,"9","","9","",""
"252170060","JANOWIEC WIELKOPOLSKI","2012","11","08",1.1,"","W",0,"9",0,"9","","9","",""
"252170060","JANOWIEC WIELKOPOLSKI","2012","11","11",4.4,"","W",0,"9",0,"9","","9","",""
"252170060","JANOWIEC WIELKOPOLSKI","2012","11","13",.1,"","W",0,"9",0,"9","","9","",""
"252170060","JANOWIEC WIELKOPOLSKI","2012","11","21",.2,"","W",0,"9",0,"9","","9","",""
"252170060","JANOWIEC WIELKOPOLSKI","2012","11","23",.2,"","W",0,"9",0,"9","","9","",""
"252170060","JANOWIEC WIELKOPOLSKI","2012","11","24",.8,"","W",0,"9",0,"9","","9","",""
"252170060","JANOWIEC WIELKOPOLSKI","2012","11","26",.1,"","W",0,"9",0,"9","","9","",""
"252170060","JANOWIEC WIELKOPOLSKI","2012","11","27",1.0,"","W",0,"9",0,"9","","9","",""
"252170060","JANOWIEC WIELKOPOLSKI","2012","11","28",9.9,"","W",0,"9",0,"9","","9","",""
"252170060","JANOWIEC WIELKOPOLSKI","2012","11","29",16.9,"","S",0,"9",0,"9","","9","",""
"252170060","JANOWIEC WIELKOPOLSKI","2012","11","30",.1,"","W",0,"",0,"","","9","SL",""
"252170070","SZELEJEWO","2012","11","01",3.5,"","W",0,"9",0,"8","","8","",""
"252170070","SZELEJEWO","2012","11","03",1.3,"","W",0,"9",0,"8","","8","",""
"252170070","SZELEJEWO","2012","11","05",4.5,"","W",0,"9",0,"8","","8","",""
"252170070","SZELEJEWO","2012","11","06",3.6,"","W",0,"9",0,"8","","8","",""
"252170070","SZELEJEWO","2012","11","07",1.2,"","W",0,"9",0,"8","","8","",""
"252170070","SZELEJEWO","2012","11","08",.2,"","W",0,"9",0,"8","","8","",""
"252170070","SZELEJEWO","2012","11","09",.1,"","W",0,"9",0,"8","","8","",""
"252170070","SZELEJEWO","2012","11","11",.0,"","W",0,"9",0,"8","","8","",""
"252170070","SZELEJEWO","2012","11","18",.2,"","W",0,"9",0,"8","","8","",""
"252170070","SZELEJEWO","2012","11","21",.3,"","W",0,"9",0,"8","","8","",""
"252170070","SZELEJEWO","2012","11","22",.1,"","W",0,"9",0,"8","","8","",""
"252170070","SZELEJEWO","2012","11","23",.1,"","W",0,"9",0,"8","","8","",""
"252170070","SZELEJEWO","2012","11","24",.2,"","W",0,"9",0,"8","","8","",""
"252170070","SZELEJEWO","2012","11","25",.1,"","W",0,"9",0,"8","","8","",""
"252170070","SZELEJEWO","2012","11","27",.3,"","W",0,"9",0,"8","","8","",""
"252170070","SZELEJEWO","2012","11","28",9.2,"","W",0,"9",0,"8","","8","",""
"252170070","SZELEJEWO","2012","11","29",16.3,"","W",0,"9",0,"8","","8","",""
"252170070","SZELEJEWO","2012","11","30",4.6,"","W",0,"9",0,"8","","8","",""
"252170080","PRZEB DOWO","2012","11","01",5.3,"","W",0,"9",0,"8","","8","",""
"252170080","PRZEB DOWO","2012","11","03",2.6,"","W",0,"9",0,"8","","8","",""
"252170080","PRZEB DOWO","2012","11","04",6.5,"","W",0,"9",0,"8","","8","",""
"252170080","PRZEB DOWO","2012","11","05",.8,"","W",0,"9",0,"8","","8","",""
"252170080","PRZEB DOWO","2012","11","06",2.8,"","W",0,"9",0,"8","","8","",""
"252170080","PRZEB DOWO","2012","11","07",.5,"","W",0,"9",0,"8","","8","",""
"252170080","PRZEB DOWO","2012","11","08",3.1,"","W",0,"9",0,"8","","8","",""
"252170080","PRZEB DOWO","2012","11","09",.4,"","W",0,"9",0,"8","","8","",""
"252170080","PRZEB DOWO","2012","11","10",.2,"","W",0,"9",0,"8","","8","",""
"252170080","PRZEB DOWO","2012","11","11",7.0,"","W",0,"9",0,"8","","8","",""
"252170080","PRZEB DOWO","2012","11","12",.2,"","W",0,"9",0,"8","","8","",""
"252170080","PRZEB DOWO","2012","11","23",2.4,"","W",0,"9",0,"8","","8","",""
"252170080","PRZEB DOWO","2012","11","24",.8,"","W",0,"9",0,"8","","8","",""
"252170080","PRZEB DOWO","2012","11","28",10.5,"","W",0,"9",0,"8","","8","",""
"252170080","PRZEB DOWO","2012","11","29",20.1,"","W",0,"9",0,"8","","8","",""
"252170090","TRZEMESZNO","2012","11","01",5.6,"","W",0,"9",0,"8","","8","",""
"252170090","TRZEMESZNO","2012","11","03",2.3,"","W",0,"9",0,"8","","8","",""
"252170090","TRZEMESZNO","2012","11","04",6.2,"","W",0,"9",0,"8","","8","",""
"252170090","TRZEMESZNO","2012","11","05",.2,"","W",0,"9",0,"8","","8","",""
"252170090","TRZEMESZNO","2012","11","06",2.3,"","W",0,"9",0,"8","","8","",""
"252170090","TRZEMESZNO","2012","11","07",.3,"","W",0,"9",0,"8","","8","",""
"252170090","TRZEMESZNO","2012","11","08",3.4,"","W",0,"9",0,"8","","8","",""
"252170090","TRZEMESZNO","2012","11","09",5.4,"","W",0,"9",0,"8","","8","",""
"252170090","TRZEMESZNO","2012","11","11",.8,"","W",0,"9",0,"8","","8","",""
"252170090","TRZEMESZNO","2012","11","20",.3,"","W",0,"9",0,"8","","8","",""
"252170090","TRZEMESZNO","2012","11","23",1.1,"","W",0,"9",0,"8","","8","",""
"252170090","TRZEMESZNO","2012","11","24",.3,"","W",0,"9",0,"8","","8","",""
"252170090","TRZEMESZNO","2012","11","25",.1,"","W",0,"9",0,"8","","8","",""
"252170090","TRZEMESZNO","2012","11","26",1.1,"","W",0,"9",0,"8","","8","",""
"252170090","TRZEMESZNO","2012","11","27",1.8,"","W",0,"9",0,"8","","8","",""
"252170090","TRZEMESZNO","2012","11","28",6.7,"","W",0,"9",0,"8","","8","",""
"252170090","TRZEMESZNO","2012","11","29",13.6,"","W",0,"9",0,"8","","8","",""
"252170090","TRZEMESZNO","2012","11","30",.1,"","W",0,"9",0,"8","","8","",""
"252170120","POBIEDZISKA","2012","11","01",5.5,"","W",0,"9",0,"8","","8","",""
"252170120","POBIEDZISKA","2012","11","03",2.4,"","W",0,"9",0,"8","","8","",""
"252170120","POBIEDZISKA","2012","11","04",4.1,"","W",0,"9",0,"8","","8","",""
"252170120","POBIEDZISKA","2012","11","06",3.3,"","W",0,"9",0,"8","","8","",""
"252170120","POBIEDZISKA","2012","11","07",.6,"","W",0,"9",0,"8","","8","",""
"252170120","POBIEDZISKA","2012","11","08",1.8,"","W",0,"9",0,"8","","8","",""
"252170120","POBIEDZISKA","2012","11","09",3.1,"","W",0,"9",0,"8","","8","",""
"252170120","POBIEDZISKA","2012","11","11",2.9,"","W",0,"9",0,"8","","8","",""
"252170120","POBIEDZISKA","2012","11","24",2.3,"","W",0,"9",0,"8","","8","",""
"252170120","POBIEDZISKA","2012","11","28",11.7,"","W",0,"9",0,"8","","8","",""
"252170120","POBIEDZISKA","2012","11","29",12.3,"","W",0,"9",0,"8","","8","",""
"252170130","GRUSZCZYN","2012","11","01",5.7,"","W",0,"9",0,"8","","8","",""
"252170130","GRUSZCZYN","2012","11","02",.3,"","W",0,"9",0,"8","","8","",""
"252170130","GRUSZCZYN","2012","11","03",1.4,"","W",0,"9",0,"8","","8","",""
"252170130","GRUSZCZYN","2012","11","07",4.3,"","W",0,"9",0,"8","","8","",""
"252170130","GRUSZCZYN","2012","11","08",1.4,"","W",0,"9",0,"8","","8","",""
"252170130","GRUSZCZYN","2012","11","09",.4,"","W",0,"9",0,"8","","8","",""
"252170130","GRUSZCZYN","2012","11","11",5.4,"","W",0,"9",0,"8","","8","",""
"252170130","GRUSZCZYN","2012","11","23",1.3,"","W",0,"9",0,"8","","8","",""
"252170130","GRUSZCZYN","2012","11","24",.3,"","W",0,"9",0,"8","","8","",""
"252170130","GRUSZCZYN","2012","11","27",1.2,"","W",0,"9",0,"8","","8","",""
"252170130","GRUSZCZYN","2012","11","28",10.9,"","W",0,"9",0,"8","","8","",""
"252170130","GRUSZCZYN","2012","11","29",14.4,"","W",0,"9",0,"8","","8","",""
"252170140","CZERNIEJEWO","2012","11","01",5.1,"","W",0,"9",0,"8","","8","",""
"252170140","CZERNIEJEWO","2012","11","02",.2,"","W",0,"9",0,"8","","8","",""
"252170140","CZERNIEJEWO","2012","11","03",1.8,"","W",0,"9",0,"8","","8","",""
"252170140","CZERNIEJEWO","2012","11","04",4.4,"","W",0,"9",0,"8","","8","",""
"252170140","CZERNIEJEWO","2012","11","05",.6,"","W",0,"9",0,"8","","8","",""
"252170140","CZERNIEJEWO","2012","11","06",2.8,"","W",0,"9",0,"8","","8","",""
"252170140","CZERNIEJEWO","2012","11","07",.3,"","W",0,"9",0,"8","","8","",""
"252170140","CZERNIEJEWO","2012","11","08",.9,"","W",0,"9",0,"8","","8","",""
"252170140","CZERNIEJEWO","2012","11","09",.0,"","W",0,"9",0,"8","","8","",""
"252170140","CZERNIEJEWO","2012","11","11",4.6,"","W",0,"9",0,"8","","8","",""
"252170140","CZERNIEJEWO","2012","11","18",.5,"","W",0,"9",0,"8","","8","",""
"252170140","CZERNIEJEWO","2012","11","19",.0,"","W",0,"9",0,"8","","8","",""
"252170140","CZERNIEJEWO","2012","11","24",.7,"","W",0,"9",0,"8","","8","",""
"252170140","CZERNIEJEWO","2012","11","27",1.4,"","W",0,"9",0,"8","","8","",""
"252170140","CZERNIEJEWO","2012","11","28",6.2,"","W",0,"9",0,"8","","8","",""
"252170140","CZERNIEJEWO","2012","11","29",15.6,"","W",0,"9",0,"8","","8","",""
"252170140","CZERNIEJEWO","2012","11","30",.2,"","W",0,"9",0,"8","","8","",""
"252170150","POWIDZ","2012","11","01",4.7,"","W",0,"9",0,"8","","8","",""
"252170150","POWIDZ","2012","11","03",1.7,"","W",0,"9",0,"8","","8","",""
"252170150","POWIDZ","2012","11","04",4.0,"","W",0,"9",0,"8","","8","",""
"252170150","POWIDZ","2012","11","05",.5,"","W",0,"9",0,"8","","8","",""
"252170150","POWIDZ","2012","11","06",2.2,"","W",0,"9",0,"8","","8","",""
"252170150","POWIDZ","2012","11","07",1.0,"","W",0,"9",0,"8","","8","",""
"252170150","POWIDZ","2012","11","08",.7,"","W",0,"9",0,"8","","8","",""
"252170150","POWIDZ","2012","11","09",.2,"","W",0,"9",0,"8","","8","",""
"252170150","POWIDZ","2012","11","11",3.7,"","W",0,"9",0,"8","","8","",""
"252170150","POWIDZ","2012","11","18",.2,"","W",0,"9",0,"8","","8","",""
"252170150","POWIDZ","2012","11","19",.7,"","W",0,"9",0,"8","","8","",""
"252170150","POWIDZ","2012","11","21",.3,"","W",0,"9",0,"8","","8","",""
"252170150","POWIDZ","2012","11","23",.5,"","W",0,"9",0,"8","","8","",""
"252170150","POWIDZ","2012","11","24",.8,"","W",0,"9",0,"8","","8","",""
"252170150","POWIDZ","2012","11","27",3.0,"","W",0,"9",0,"8","","8","",""
"252170150","POWIDZ","2012","11","28",5.0,"","W",0,"9",0,"8","","8","",""
"252170150","POWIDZ","2012","11","29",10.1,"","W",0,"9",0,"8","","8","",""
"252170160","KOSTRZYN","2012","11","01",5.0,"","W",0,"9",0,"8","","8","",""
"252170160","KOSTRZYN","2012","11","02",.5,"","W",0,"9",0,"8","","8","",""
"252170160","KOSTRZYN","2012","11","03",1.3,"","W",0,"9",0,"8","","8","",""
"252170160","KOSTRZYN","2012","11","04",4.3,"","W",0,"9",0,"8","","8","",""
"252170160","KOSTRZYN","2012","11","05",.5,"","W",0,"9",0,"8","","8","",""
"252170160","KOSTRZYN","2012","11","06",2.0,"","W",0,"9",0,"8","","8","",""
"252170160","KOSTRZYN","2012","11","07",2.5,"","W",0,"9",0,"8","","8","",""
"252170160","KOSTRZYN","2012","11","08",.7,"","W",0,"9",0,"8","","8","",""
"252170160","KOSTRZYN","2012","11","09",.1,"","W",0,"9",0,"8","","8","",""
"252170160","KOSTRZYN","2012","11","11",5.3,"","W",0,"9",0,"8","","8","",""
"252170160","KOSTRZYN","2012","11","18",1.0,"","W",0,"9",0,"8","","8","",""
"252170160","KOSTRZYN","2012","11","23",.2,"","W",0,"9",0,"8","","8","",""
"252170160","KOSTRZYN","2012","11","24",.2,"","W",0,"9",0,"8","","8","",""
"252170160","KOSTRZYN","2012","11","27",1.0,"","W",0,"9",0,"8","","8","",""
"252170160","KOSTRZYN","2012","11","28",5.5,"","W",0,"9",0,"8","","8","",""
"252170160","KOSTRZYN","2012","11","29",13.3,"","W",0,"9",0,"8","","8","",""
"252170170","NAGRADOWICE","2012","11","01",4.8,"","W",0,"9",0,"8","","8","",""
"252170170","NAGRADOWICE","2012","11","03",2.5,"","W",0,"9",0,"8","","8","",""
"252170170","NAGRADOWICE","2012","11","04",4.7,"","W",0,"9",0,"8","","8","",""
"252170170","NAGRADOWICE","2012","11","05",.4,"","W",0,"9",0,"8","","8","",""
"252170170","NAGRADOWICE","2012","11","06",1.5,"","W",0,"9",0,"8","","8","",""
"252170170","NAGRADOWICE","2012","11","07",1.0,"","W",0,"9",0,"8","","8","",""
"252170170","NAGRADOWICE","2012","11","11",5.5,"","W",0,"9",0,"8","","8","",""
"252170170","NAGRADOWICE","2012","11","18",.0,"","W",0,"9",0,"8","","8","",""
"252170170","NAGRADOWICE","2012","11","19",3.0,"","W",0,"9",0,"8","","8","",""
"252170170","NAGRADOWICE","2012","11","24",.0,"","W",0,"9",0,"8","","8","",""
"252170170","NAGRADOWICE","2012","11","26",.6,"","W",0,"9",0,"8","","8","",""
"252170170","NAGRADOWICE","2012","11","27",1.0,"","W",0,"9",0,"8","","8","",""
"252170170","NAGRADOWICE","2012","11","28",4.5,"","W",0,"9",0,"8","","8","",""
"252170170","NAGRADOWICE","2012","11","29",12.2,"","W",0,"9",0,"8","","8","",""
"252170180","WRZEåNIA","2012","11","01",3.3,"","W",0,"9",0,"8","","8","",""
"252170180","WRZEåNIA","2012","11","03",1.9,"","W",0,"9",0,"8","","8","",""
"252170180","WRZEåNIA","2012","11","04",5.1,"","W",0,"9",0,"8","","8","",""
"252170180","WRZEåNIA","2012","11","05",.2,"","W",0,"9",0,"8","","8","",""
"252170180","WRZEåNIA","2012","11","06",1.4,"","W",0,"9",0,"8","","8","",""
"252170180","WRZEåNIA","2012","11","07",2.0,"","W",0,"9",0,"8","","8","",""
"252170180","WRZEåNIA","2012","11","08",.3,"","W",0,"9",0,"8","","8","",""
"252170180","WRZEåNIA","2012","11","11",3.5,"","W",0,"9",0,"8","","8","",""
"252170180","WRZEåNIA","2012","11","13",.1,"","W",0,"9",0,"8","","8","",""
"252170180","WRZEåNIA","2012","11","18",.5,"","W",0,"9",0,"8","","8","",""
"252170180","WRZEåNIA","2012","11","24",.8,"","W",0,"9",0,"8","","8","",""
"252170180","WRZEåNIA","2012","11","26",.1,"","W",0,"9",0,"8","","8","",""
"252170180","WRZEåNIA","2012","11","27",2.1,"","W",0,"9",0,"8","","8","",""
"252170180","WRZEåNIA","2012","11","28",8.1,"","W",0,"9",0,"8","","8","",""
"252170180","WRZEåNIA","2012","11","29",8.8,"","W",0,"9",0,"8","","8","",""
"252170220","PIOTROWO","2012","11","01",3.9,"","W",0,"9",0,"8","","8","",""
"252170220","PIOTROWO","2012","11","03",1.6,"","W",0,"9",0,"8","","8","",""
"252170220","PIOTROWO","2012","11","04",4.5,"","W",0,"9",0,"8","","8","",""
"252170220","PIOTROWO","2012","11","05",.5,"","W",0,"9",0,"8","","8","",""
"252170220","PIOTROWO","2012","11","06",1.6,"","W",0,"9",0,"8","","8","",""
"252170220","PIOTROWO","2012","11","07",3.5,"","W",0,"9",0,"8","","8","",""
"252170220","PIOTROWO","2012","11","23",.0,"","W",0,"9",0,"8","","8","",""
"252170220","PIOTROWO","2012","11","24",.7,"","W",0,"9",0,"8","","8","",""
"252170220","PIOTROWO","2012","11","27",2.4,"","W",0,"9",0,"8","","8","",""
"252170220","PIOTROWO","2012","11","28",5.7,"","W",0,"9",0,"8","","8","",""
"252170220","PIOTROWO","2012","11","29",4.2,"","W",0,"9",0,"8","","8","",""
"252170230","WINNA G”RA","2012","11","01",4.0,"","W",0,"9",0,"8","","8","",""
"252170230","WINNA G”RA","2012","11","02",.3,"","W",0,"9",0,"8","","8","",""
"252170230","WINNA G”RA","2012","11","03",1.5,"","W",0,"9",0,"8","","8","",""
"252170230","WINNA G”RA","2012","11","04",5.0,"","W",0,"9",0,"8","","8","",""
"252170230","WINNA G”RA","2012","11","05",.4,"","W",0,"9",0,"8","","8","",""
"252170230","WINNA G”RA","2012","11","06",.8,"","W",0,"9",0,"8","","8","",""
"252170230","WINNA G”RA","2012","11","07",2.0,"","W",0,"9",0,"8","","8","",""
"252170230","WINNA G”RA","2012","11","08",.5,"","W",0,"9",0,"8","","8","",""
"252170230","WINNA G”RA","2012","11","09",.0,"","W",0,"9",0,"8","","8","",""
"252170230","WINNA G”RA","2012","11","11",3.0,"","W",0,"9",0,"8","","8","",""
"252170230","WINNA G”RA","2012","11","18",.5,"","W",0,"9",0,"8","","8","",""
"252170230","WINNA G”RA","2012","11","19",.2,"","W",0,"9",0,"8","","8","",""
"252170230","WINNA G”RA","2012","11","23",.0,"","W",0,"9",0,"8","","8","",""
"252170230","WINNA G”RA","2012","11","24",.4,"","W",0,"9",0,"8","","8","",""
"252170230","WINNA G”RA","2012","11","26",.2,"","W",0,"9",0,"8","","8","",""
"252170230","WINNA G”RA","2012","11","27",1.8,"","W",0,"9",0,"8","","8","",""
"252170230","WINNA G”RA","2012","11","28",5.8,"","W",0,"9",0,"8","","8","",""
"252170230","WINNA G”RA","2012","11","29",14.0,"","W",0,"9",0,"8","","8","",""
"252170250","ZANIEMYåL","2012","11","01",5.4,"","W",0,"9",0,"8","","8","",""
"252170250","ZANIEMYåL","2012","11","02",.5,"","W",0,"9",0,"8","","8","",""
"252170250","ZANIEMYåL","2012","11","03",2.0,"","W",0,"9",0,"8","","8","",""
"252170250","ZANIEMYåL","2012","11","04",6.0,"","W",0,"9",0,"8","","8","",""
"252170250","ZANIEMYåL","2012","11","05",1.0,"","W",0,"9",0,"8","","8","",""
"252170250","ZANIEMYåL","2012","11","06",1.2,"","W",0,"9",0,"8","","8","",""
"252170250","ZANIEMYåL","2012","11","07",4.9,"","W",0,"9",0,"8","","8","",""
"252170250","ZANIEMYåL","2012","11","08",1.0,"","W",0,"9",0,"8","","8","",""
"252170250","ZANIEMYåL","2012","11","11",4.3,"","W",0,"9",0,"8","","8","",""
"252170250","ZANIEMYåL","2012","11","19",.6,"","W",0,"9",0,"8","","8","",""
"252170250","ZANIEMYåL","2012","11","24",.3,"","W",0,"9",0,"8","","8","",""
"252170250","ZANIEMYåL","2012","11","26",.3,"","W",0,"9",0,"8","","8","",""
"252170250","ZANIEMYåL","2012","11","27",.5,"","W",0,"9",0,"8","","8","",""
"252170250","ZANIEMYåL","2012","11","28",4.8,"","W",0,"9",0,"8","","8","",""
"252170250","ZANIEMYåL","2012","11","29",12.3,"","W",0,"9",0,"8","","8","",""
"252170260","NOWA WIEå PODG”RNA","2012","11","01",3.4,"","W",0,"9",0,"8","","8","",""
"252170260","NOWA WIEå PODG”RNA","2012","11","02",.1,"","W",0,"9",0,"8","","8","",""
"252170260","NOWA WIEå PODG”RNA","2012","11","03",2.5,"","W",0,"9",0,"8","","8","",""
"252170260","NOWA WIEå PODG”RNA","2012","11","04",5.1,"","W",0,"9",0,"8","","8","",""
"252170260","NOWA WIEå PODG”RNA","2012","11","05",.8,"","W",0,"9",0,"8","","8","",""
"252170260","NOWA WIEå PODG”RNA","2012","11","06",.8,"","W",0,"9",0,"8","","8","",""
"252170260","NOWA WIEå PODG”RNA","2012","11","07",1.3,"","W",0,"9",0,"8","","8","",""
"252170260","NOWA WIEå PODG”RNA","2012","11","08",.6,"","W",0,"9",0,"8","","8","",""
"252170260","NOWA WIEå PODG”RNA","2012","11","11",1.6,"","W",0,"9",0,"8","","8","",""
"252170260","NOWA WIEå PODG”RNA","2012","11","24",.6,"","W",0,"9",0,"8","","8","",""
"252170260","NOWA WIEå PODG”RNA","2012","11","27",2.0,"","W",0,"9",0,"8","","8","",""
"252170260","NOWA WIEå PODG”RNA","2012","11","28",3.2,"","W",0,"9",0,"8","","8","",""
"252170260","NOWA WIEå PODG”RNA","2012","11","29",9.0,"","W",0,"9",0,"8","","8","",""
"252170270","åREM","2012","11","01",4.5,"","W",0,"9",0,"8","","8","",""
"252170270","åREM","2012","11","02",.7,"","W",0,"9",0,"8","","8","",""
"252170270","åREM","2012","11","03",2.1,"","W",0,"9",0,"8","","8","",""
"252170270","åREM","2012","11","04",5.6,"","W",0,"9",0,"8","","8","",""
"252170270","åREM","2012","11","05",.0,"","W",0,"9",0,"8","","8","",""
"252170270","åREM","2012","11","06",1.1,"","W",0,"9",0,"8","","8","",""
"252170270","åREM","2012","11","07",1.0,"","W",0,"9",0,"8","","8","",""
"252170270","åREM","2012","11","08",.2,"","W",0,"9",0,"8","","8","",""
"252170270","åREM","2012","11","11",4.0,"","W",0,"9",0,"8","","8","",""
"252170270","åREM","2012","11","12",.1,"","W",0,"9",0,"8","","8","",""
"252170270","åREM","2012","11","14",.1,"","W",0,"9",0,"8","","8","",""
"252170270","åREM","2012","11","16",.2,"","W",0,"9",0,"8","","8","",""
"252170270","åREM","2012","11","17",.1,"","W",0,"9",0,"8","","8","",""
"252170270","åREM","2012","11","18",.2,"","W",0,"9",0,"8","","8","",""
"252170270","åREM","2012","11","19",.1,"","W",0,"9",0,"8","","8","",""
"252170270","åREM","2012","11","21",.1,"","W",0,"9",0,"8","","8","",""
"252170270","åREM","2012","11","22",.1,"","W",0,"9",0,"8","","8","",""
"252170270","åREM","2012","11","24",.1,"","W",0,"9",0,"8","","8","",""
"252170270","åREM","2012","11","27",.7,"","W",0,"9",0,"8","","8","",""
"252170270","åREM","2012","11","28",5.7,"","W",0,"9",0,"8","","8","",""
"252170270","åREM","2012","11","29",9.5,"","W",0,"9",0,"8","","8","",""
"252170280","KL KA","2012","11","01",4.2,"","W",0,"9",0,"8","","8","",""
"252170280","KL KA","2012","11","03",3.6,"","W",0,"9",0,"8","","8","",""
"252170280","KL KA","2012","11","04",6.5,"","W",0,"9",0,"8","","8","",""
"252170280","KL KA","2012","11","06",1.2,"","W",0,"9",0,"8","","8","",""
"252170280","KL KA","2012","11","07",2.1,"","W",0,"9",0,"8","","8","",""
"252170280","KL KA","2012","11","08",.8,"","W",0,"9",0,"8","","8","",""
"252170280","KL KA","2012","11","11",1.8,"","W",0,"9",0,"8","","8","",""
"252170280","KL KA","2012","11","18",.5,"","W",0,"9",0,"8","","8","",""
"252170280","KL KA","2012","11","27",2.1,"","W",0,"9",0,"8","","8","",""
"252170280","KL KA","2012","11","28",6.8,"","W",0,"9",0,"8","","8","",""
"252170280","KL KA","2012","11","29",8.6,"","W",0,"9",0,"8","","8","",""
"252170290","ØERK”W","2012","11","01",3.0,"","W",0,"9",0,"8","","8","",""
"252170290","ØERK”W","2012","11","02",.1,"","W",0,"9",0,"8","","8","",""
"252170290","ØERK”W","2012","11","03",3.8,"","W",0,"9",0,"8","","8","",""
"252170290","ØERK”W","2012","11","04",5.2,"","W",0,"9",0,"8","","8","",""
"252170290","ØERK”W","2012","11","05",.0,"","W",0,"9",0,"8","","8","",""
"252170290","ØERK”W","2012","11","06",.9,"","W",0,"9",0,"8","","8","",""
"252170290","ØERK”W","2012","11","07",1.6,"","W",0,"9",0,"8","","8","",""
"252170290","ØERK”W","2012","11","08",.2,"","W",0,"9",0,"8","","8","",""
"252170290","ØERK”W","2012","11","09",.0,"","W",0,"9",0,"8","","8","",""
"252170290","ØERK”W","2012","11","11",1.0,"","W",0,"9",0,"8","","8","",""
"252170290","ØERK”W","2012","11","18",.0,"","W",0,"9",0,"8","","8","",""
"252170290","ØERK”W","2012","11","19",.2,"","W",0,"9",0,"8","","8","",""
"252170290","ØERK”W","2012","11","24",.3,"","W",0,"9",0,"8","","8","",""
"252170290","ØERK”W","2012","11","27",2.5,"","W",0,"9",0,"8","","8","",""
"252170290","ØERK”W","2012","11","28",7.0,"","W",0,"9",0,"8","","8","",""
"252170290","ØERK”W","2012","11","29",5.5,"","W",0,"9",0,"8","","8","",""
"252180020","NOWA WIEå WIELKA","2012","11","01",4.2,"","W",0,"9",0,"8","","8","",""
"252180020","NOWA WIEå WIELKA","2012","11","05",8.2,"","W",0,"9",0,"8","","8","",""
"252180020","NOWA WIEå WIELKA","2012","11","07",3.7,"","W",0,"9",0,"8","","8","",""
"252180020","NOWA WIEå WIELKA","2012","11","11",3.4,"","W",0,"9",0,"8","","8","",""
"252180020","NOWA WIEå WIELKA","2012","11","21",.7,"","W",0,"9",0,"8","","8","",""
"252180020","NOWA WIEå WIELKA","2012","11","23",2.3,"","W",0,"9",0,"8","","8","",""
"252180020","NOWA WIEå WIELKA","2012","11","24",.8,"","W",0,"9",0,"8","","8","",""
"252180020","NOWA WIEå WIELKA","2012","11","28",8.8,"","W",0,"9",0,"8","","8","",""
"252180020","NOWA WIEå WIELKA","2012","11","29",13.2,"","W",0,"9",0,"8","","8","",""
"252180030","CZERNIKOWO","2012","11","01",1.7,"","W",0,"9",0,"8","","8",".",""
"252180030","CZERNIKOWO","2012","11","02",.5,"","W",0,"9",0,"8","","8",".",""
"252180030","CZERNIKOWO","2012","11","03",1.0,"","W",0,"9",0,"8","","8",".",""
"252180030","CZERNIKOWO","2012","11","04",2.9,"","W",0,"9",0,"8","","8",".",""
"252180030","CZERNIKOWO","2012","11","05",.5,"","W",0,"9",0,"8","","8",".",""
"252180030","CZERNIKOWO","2012","11","06",4.5,"","W",0,"9",0,"8","","8",".",""
"252180030","CZERNIKOWO","2012","11","07",.4,"","W",0,"9",0,"8","","8",".",""
"252180030","CZERNIKOWO","2012","11","08",1.1,"","W",0,"9",0,"8","","8",".",""
"252180030","CZERNIKOWO","2012","11","09",.6,"","W",0,"9",0,"8","","8",".",""
"252180030","CZERNIKOWO","2012","11","11",1.6,"","W",0,"9",0,"8","","8",".",""
"252180030","CZERNIKOWO","2012","11","18",.3,"","W",0,"9",0,"8","","8",".",""
"252180030","CZERNIKOWO","2012","11","22",.1,"","W",0,"9",0,"8","","8",".",""
"252180030","CZERNIKOWO","2012","11","24",2.9,"","W",0,"9",0,"8","","8",".",""
"252180030","CZERNIKOWO","2012","11","27",3.0,"","W",0,"9",0,"8","","8",".",""
"252180030","CZERNIKOWO","2012","11","28",9.1,"","W",0,"9",0,"8","","8",".",""
"252180030","CZERNIKOWO","2012","11","29",6.4,"","W",0,"9",0,"8","","8",".",""
"252180030","CZERNIKOWO","2012","11","30",.2,"","W",0,"9",0,"8","","8",".",""
"252180040","JAKSICE","2012","11","01",4.0,"","W",0,"9",0,"8","","8","",""
"252180040","JAKSICE","2012","11","03",.6,"","W",0,"9",0,"8","","8","",""
"252180040","JAKSICE","2012","11","04",5.1,"","W",0,"9",0,"8","","8","",""
"252180040","JAKSICE","2012","11","05",2.8,"","W",0,"9",0,"8","","8","",""
"252180040","JAKSICE","2012","11","06",.5,"","W",0,"9",0,"8","","8","",""
"252180040","JAKSICE","2012","11","08",.6,"","W",0,"9",0,"8","","8","",""
"252180040","JAKSICE","2012","11","09",.1,"","W",0,"9",0,"8","","8","",""
"252180040","JAKSICE","2012","11","11",2.5,"","W",0,"9",0,"8","","8","",""
"252180040","JAKSICE","2012","11","18",.5,"","W",0,"9",0,"8","","8","",""
"252180040","JAKSICE","2012","11","23",1.1,"","W",0,"9",0,"8","","8","",""
"252180040","JAKSICE","2012","11","24",.1,"","W",0,"9",0,"8","","8","",""
"252180040","JAKSICE","2012","11","27",2.4,"","W",0,"9",0,"8","","8","",""
"252180040","JAKSICE","2012","11","28",7.5,"","W",0,"9",0,"8","","8","",""
"252180040","JAKSICE","2012","11","29",11.1,"","W",0,"9",0,"8","","8","",""
"252180040","JAKSICE","2012","11","30",.8,"","W",0,"9",0,"8","","8","",""
"252180050","WI C£AWICE","2012","11","01",2.0,"","W",0,"9",0,"8","","8",".",""
"252180050","WI C£AWICE","2012","11","02",.3,"","W",0,"9",0,"8","","8",".",""
"252180050","WI C£AWICE","2012","11","03",.6,"","W",0,"9",0,"8","","8",".",""
"252180050","WI C£AWICE","2012","11","04",5.0,"","W",0,"9",0,"8","","8",".",""
"252180050","WI C£AWICE","2012","11","05",1.6,"","W",0,"9",0,"8","","8",".",""
"252180050","WI C£AWICE","2012","11","06",4.0,"","W",0,"9",0,"8","","8",".",""
"252180050","WI C£AWICE","2012","11","07",.1,"","W",0,"9",0,"8","","8",".",""
"252180050","WI C£AWICE","2012","11","08",.6,"","W",0,"9",0,"8","","8",".",""
"252180050","WI C£AWICE","2012","11","09",.0,"","W",0,"9",0,"8","","8",".",""
"252180050","WI C£AWICE","2012","11","11",1.8,"","W",0,"9",0,"8","","8",".",""
"252180050","WI C£AWICE","2012","11","18",.3,"","W",0,"9",0,"8","","8",".",""
"252180050","WI C£AWICE","2012","11","19",.1,"","W",0,"9",0,"8","","8",".",""
"252180050","WI C£AWICE","2012","11","21",.1,"","W",0,"9",0,"8","","8",".",""
"252180050","WI C£AWICE","2012","11","23",.5,"","W",0,"9",0,"8","","8",".",""
"252180050","WI C£AWICE","2012","11","24",1.8,"","W",0,"9",0,"8","","8",".",""
"252180050","WI C£AWICE","2012","11","26",.1,"","W",0,"9",0,"8","","8",".",""
"252180050","WI C£AWICE","2012","11","27",2.6,"","W",0,"9",0,"8","","8",".",""
"252180050","WI C£AWICE","2012","11","28",7.5,"","W",0,"9",0,"8","","8",".",""
"252180050","WI C£AWICE","2012","11","29",13.0,"","W",0,"9",0,"8","","8",".",""
"252180050","WI C£AWICE","2012","11","30",.0,"","W",0,"9",0,"8","","8",".",""
"252180060","PAKOå∆","2012","11","01",3.5,"","W",0,"9",0,"8","","8","",""
"252180060","PAKOå∆","2012","11","02",.3,"","W",0,"9",0,"8","","8","",""
"252180060","PAKOå∆","2012","11","03",1.0,"","W",0,"9",0,"8","","8","",""
"252180060","PAKOå∆","2012","11","04",4.8,"","W",0,"9",0,"8","","8","",""
"252180060","PAKOå∆","2012","11","05",1.5,"","W",0,"9",0,"8","","8","",""
"252180060","PAKOå∆","2012","11","06",6.1,"","W",0,"9",0,"8","","8","",""
"252180060","PAKOå∆","2012","11","07",.3,"","W",0,"9",0,"8","","8","",""
"252180060","PAKOå∆","2012","11","08",1.0,"","W",0,"9",0,"8","","8","",""
"252180060","PAKOå∆","2012","11","09",.1,"","W",0,"9",0,"8","","8","",""
"252180060","PAKOå∆","2012","11","11",2.6,"","W",0,"9",0,"8","","8","",""
"252180060","PAKOå∆","2012","11","18",.2,"","W",0,"9",0,"8","","8","",""
"252180060","PAKOå∆","2012","11","21",.2,"","W",0,"9",0,"8","","8","",""
"252180060","PAKOå∆","2012","11","23",.2,"","W",0,"9",0,"8","","8","",""
"252180060","PAKOå∆","2012","11","24",1.6,"","W",0,"9",0,"8","","8","",""
"252180060","PAKOå∆","2012","11","27",2.5,"","W",0,"9",0,"8","","8","",""
"252180060","PAKOå∆","2012","11","28",3.7,"","W",0,"9",0,"8","","8","",""
"252180060","PAKOå∆","2012","11","29",14.3,"","W",0,"9",0,"8","","8","",""
"252180060","PAKOå∆","2012","11","30",.5,"","W",0,"9",0,"8","","8","",""
"252180070","SOBIESIERNIE","2012","11","01",2.7,"","W",0,"9",0,"8","","8","",""
"252180070","SOBIESIERNIE","2012","11","02",.3,"","W",0,"9",0,"8","","8","",""
"252180070","SOBIESIERNIE","2012","11","03",1.4,"","W",0,"9",0,"8","","8","",""
"252180070","SOBIESIERNIE","2012","11","04",4.2,"","W",0,"9",0,"8","","8","",""
"252180070","SOBIESIERNIE","2012","11","05",.6,"","W",0,"9",0,"8","","8","",""
"252180070","SOBIESIERNIE","2012","11","06",5.5,"","W",0,"9",0,"8","","8","",""
"252180070","SOBIESIERNIE","2012","11","07",.3,"","W",0,"9",0,"8","","8","",""
"252180070","SOBIESIERNIE","2012","11","08",.8,"","W",0,"9",0,"8","","8","",""
"252180070","SOBIESIERNIE","2012","11","11",2.6,"","W",0,"9",0,"8","","8","",""
"252180070","SOBIESIERNIE","2012","11","18",.3,"","W",0,"9",0,"8","","8","",""
"252180070","SOBIESIERNIE","2012","11","19",.2,"","W",0,"9",0,"8","","8","",""
"252180070","SOBIESIERNIE","2012","11","22",.1,"","W",0,"9",0,"8","","8","",""
"252180070","SOBIESIERNIE","2012","11","23",1.2,"","W",0,"9",0,"8","","8","",""
"252180070","SOBIESIERNIE","2012","11","24",1.5,"","W",0,"9",0,"8","","8","",""
"252180070","SOBIESIERNIE","2012","11","27",2.9,"","W",0,"9",0,"8","","8","",""
"252180070","SOBIESIERNIE","2012","11","28",4.0,"","W",0,"9",0,"8","","8","",""
"252180070","SOBIESIERNIE","2012","11","29",12.0,"","W",0,"9",0,"8","","8","",""
"252180070","SOBIESIERNIE","2012","11","30",.2,"","W",0,"9",0,"8","","8","",""
"252180090","G£ BOKIE","2012","11","01",3.2,"","W",0,"9",0,"8","","8","",""
"252180090","G£ BOKIE","2012","11","02",.3,"","W",0,"9",0,"8","","8","",""
"252180090","G£ BOKIE","2012","11","03",1.3,"","W",0,"9",0,"8","","8","",""
"252180090","G£ BOKIE","2012","11","04",2.9,"","W",0,"9",0,"8","","8","",""
"252180090","G£ BOKIE","2012","11","05",.8,"","W",0,"9",0,"8","","8","",""
"252180090","G£ BOKIE","2012","11","06",4.6,"","W",0,"9",0,"8","","8","",""
"252180090","G£ BOKIE","2012","11","07",.5,"","W",0,"9",0,"8","","8","",""
"252180090","G£ BOKIE","2012","11","08",.5,"","W",0,"9",0,"8","","8","",""
"252180090","G£ BOKIE","2012","11","09",.0,"","W",0,"9",0,"8","","8","",""
"252180090","G£ BOKIE","2012","11","11",2.4,"","W",0,"9",0,"8","","8","",""
"252180090","G£ BOKIE","2012","11","15",.1,"","W",0,"9",0,"8","","8","",""
"252180090","G£ BOKIE","2012","11","18",.1,"","W",0,"9",0,"8","","8","",""
"252180090","G£ BOKIE","2012","11","19",.1,"","W",0,"9",0,"8","","8","",""
"252180090","G£ BOKIE","2012","11","23",.2,"","W",0,"9",0,"8","","8","",""
"252180090","G£ BOKIE","2012","11","24",1.5,"","W",0,"9",0,"8","","8","",""
"252180090","G£ BOKIE","2012","11","27",3.0,"","W",0,"9",0,"8","","8","",""
"252180090","G£ BOKIE","2012","11","28",4.5,"","W",0,"9",0,"8","","8","",""
"252180090","G£ BOKIE","2012","11","29",10.2,"","W",0,"9",0,"8","","8","",""
"252180090","G£ BOKIE","2012","11","30",.5,"","W",0,"9",0,"8","","8","",""
"252180110","STRZELNO","2012","11","01",4.0,"","W",0,"9",0,"8","","8","",""
"252180110","STRZELNO","2012","11","03",2.4,"","W",0,"9",0,"8","","8","",""
"252180110","STRZELNO","2012","11","04",4.0,"","W",0,"9",0,"8","","8","",""
"252180110","STRZELNO","2012","11","05",1.4,"","W",0,"9",0,"8","","8","",""
"252180110","STRZELNO","2012","11","06",4.6,"","W",0,"9",0,"8","","8","",""
"252180110","STRZELNO","2012","11","07",.7,"","W",0,"9",0,"8","","8","",""
"252180110","STRZELNO","2012","11","08",1.5,"","W",0,"9",0,"8","","8","",""
"252180110","STRZELNO","2012","11","11",3.0,"","W",0,"9",0,"8","","8","",""
"252180110","STRZELNO","2012","11","23",1.2,"","W",0,"9",0,"8","","8","",""
"252180110","STRZELNO","2012","11","24",1.0,"","W",0,"9",0,"8","","8","",""
"252180110","STRZELNO","2012","11","27",2.8,"","W",0,"9",0,"8","","8","",""
"252180110","STRZELNO","2012","11","28",8.0,"","W",0,"9",0,"8","","8","",""
"252180110","STRZELNO","2012","11","29",13.6,"","W",0,"9",0,"8","","8","",""
"252180120","STARY BRZEå∆","2012","11","01",2.5,"","W",0,"9",0,"8","","8",".",""
"252180120","STARY BRZEå∆","2012","11","02",.2,"","W",0,"9",0,"8","","8",".",""
"252180120","STARY BRZEå∆","2012","11","03",1.0,"","W",0,"9",0,"8","","8",".",""
"252180120","STARY BRZEå∆","2012","11","04",2.3,"","W",0,"9",0,"8","","8",".",""
"252180120","STARY BRZEå∆","2012","11","05",1.7,"","W",0,"9",0,"8","","8",".",""
"252180120","STARY BRZEå∆","2012","11","06",4.6,"","W",0,"9",0,"8","","8",".",""
"252180120","STARY BRZEå∆","2012","11","07",2.1,"","W",0,"9",0,"8","","8",".",""
"252180120","STARY BRZEå∆","2012","11","08",.1,"","W",0,"9",0,"8","","8",".",""
"252180120","STARY BRZEå∆","2012","11","09",.2,"","W",0,"9",0,"8","","8",".",""
"252180120","STARY BRZEå∆","2012","11","11",.5,"","W",0,"9",0,"8","","8",".",""
"252180120","STARY BRZEå∆","2012","11","18",.1,"","W",0,"9",0,"8","","8",".",""
"252180120","STARY BRZEå∆","2012","11","19",.0,"","W",0,"9",0,"8","","8",".",""
"252180120","STARY BRZEå∆","2012","11","23",.4,"","W",0,"9",0,"8","","8",".",""
"252180120","STARY BRZEå∆","2012","11","24",2.0,"","W",0,"9",0,"8","","8",".",""
"252180120","STARY BRZEå∆","2012","11","27",5.0,"","W",0,"9",0,"8","","8",".",""
"252180120","STARY BRZEå∆","2012","11","28",3.7,"","W",0,"9",0,"8","","8",".",""
"252180120","STARY BRZEå∆","2012","11","29",4.4,"","W",0,"9",0,"8","","8",".",""
"252180120","STARY BRZEå∆","2012","11","30",.1,"","W",0,"9",0,"8","","8",".",""
"252180130","G BICE","2012","11","01",3.9,"","W",0,"9",0,"8","","8","",""
"252180130","G BICE","2012","11","03",1.3,"","W",0,"9",0,"8","","8","",""
"252180130","G BICE","2012","11","04",4.3,"","W",0,"9",0,"8","","8","",""
"252180130","G BICE","2012","11","05",.1,"","W",0,"9",0,"8","","8","",""
"252180130","G BICE","2012","11","06",3.7,"","W",0,"9",0,"8","","8","",""
"252180130","G BICE","2012","11","07",.3,"","W",0,"9",0,"8","","8","",""
"252180130","G BICE","2012","11","08",1.0,"","W",0,"9",0,"8","","8","",""
"252180130","G BICE","2012","11","11",3.1,"","W",0,"9",0,"8","","8","",""
"252180130","G BICE","2012","11","15",.1,"","W",0,"9",0,"8","","8","",""
"252180130","G BICE","2012","11","18",.3,"","W",0,"9",0,"8","","8","",""
"252180130","G BICE","2012","11","21",.1,"","W",0,"9",0,"8","","8","",""
"252180130","G BICE","2012","11","22",.1,"","W",0,"9",0,"8","","8","",""
"252180130","G BICE","2012","11","23",.5,"","W",0,"9",0,"8","","8","",""
"252180130","G BICE","2012","11","24",1.0,"","W",0,"9",0,"8","","8","",""
"252180130","G BICE","2012","11","27",2.8,"","W",0,"9",0,"8","","8","",""
"252180130","G BICE","2012","11","28",10.2,"","W",0,"9",0,"8","","8","",""
"252180130","G BICE","2012","11","29",10.2,"","W",0,"9",0,"8","","8","",""
"252180130","G BICE","2012","11","30",.5,"","W",0,"9",0,"8","","8","",""
"252180150","WANDOWO","2012","11","01",4.5,"","W",0,"9",0,"8","","8","",""
"252180150","WANDOWO","2012","11","03",2.1,"","W",0,"9",0,"8","","8","",""
"252180150","WANDOWO","2012","11","04",3.6,"","W",0,"9",0,"8","","8","",""
"252180150","WANDOWO","2012","11","05",.6,"","W",0,"9",0,"8","","8","",""
"252180150","WANDOWO","2012","11","06",3.0,"","W",0,"9",0,"8","","8","",""
"252180150","WANDOWO","2012","11","07",1.2,"","W",0,"9",0,"8","","8","",""
"252180150","WANDOWO","2012","11","08",.5,"","W",0,"9",0,"8","","8","",""
"252180150","WANDOWO","2012","11","11",2.2,"","W",0,"9",0,"8","","8","",""
"252180150","WANDOWO","2012","11","19",.6,"","W",0,"9",0,"8","","8","",""
"252180150","WANDOWO","2012","11","23",.3,"","W",0,"9",0,"8","","8","",""
"252180150","WANDOWO","2012","11","24",.7,"","W",0,"9",0,"8","","8","",""
"252180150","WANDOWO","2012","11","27",2.9,"","W",0,"9",0,"8","","8","",""
"252180150","WANDOWO","2012","11","28",5.2,"","W",0,"9",0,"8","","8","",""
"252180150","WANDOWO","2012","11","29",5.2,"","W",0,"9",0,"8","","8","",""
"252180160","IZBICA KUJAWSKA","2012","11","01",5.0,"","W",0,"9",0,"8","","8","",""
"252180160","IZBICA KUJAWSKA","2012","11","03",3.0,"","W",0,"9",0,"8","","8","",""
"252180160","IZBICA KUJAWSKA","2012","11","04",3.8,"","W",0,"9",0,"8","","8","",""
"252180160","IZBICA KUJAWSKA","2012","11","05",1.0,"","W",0,"9",0,"8","","8","",""
"252180160","IZBICA KUJAWSKA","2012","11","06",2.4,"","W",0,"9",0,"8","","8","",""
"252180160","IZBICA KUJAWSKA","2012","11","07",1.4,"","W",0,"9",0,"8","","8","",""
"252180160","IZBICA KUJAWSKA","2012","11","11",3.5,"","W",0,"9",0,"8","","8","",""
"252180160","IZBICA KUJAWSKA","2012","11","18",.8,"","W",0,"9",0,"8","","8","",""
"252180160","IZBICA KUJAWSKA","2012","11","24",1.0,"","W",0,"9",0,"8","","8","",""
"252180160","IZBICA KUJAWSKA","2012","11","27",4.3,"","W",0,"9",0,"8","","8","",""
"252180160","IZBICA KUJAWSKA","2012","11","28",2.9,"","W",0,"9",0,"8","","8","",""
"252180160","IZBICA KUJAWSKA","2012","11","29",5.2,"","W",0,"9",0,"8","","8","",""
"252180160","IZBICA KUJAWSKA","2012","11","30",1.1,"","W",0,"9",0,"8","","8","",""
"252180170","SOMPOLNO","2012","11","01",4.7,"","W",0,"9",0,"8","","8","",""
"252180170","SOMPOLNO","2012","11","02",.2,"","W",0,"9",0,"8","","8","",""
"252180170","SOMPOLNO","2012","11","03",2.4,"","W",0,"9",0,"8","","8","",""
"252180170","SOMPOLNO","2012","11","04",3.6,"","W",0,"9",0,"8","","8","",""
"252180170","SOMPOLNO","2012","11","05",.8,"","W",0,"9",0,"8","","8","",""
"252180170","SOMPOLNO","2012","11","06",3.0,"","W",0,"9",0,"8","","8","",""
"252180170","SOMPOLNO","2012","11","07",1.3,"","W",0,"9",0,"8","","8","",""
"252180170","SOMPOLNO","2012","11","08",.3,"","W",0,"9",0,"8","","8","",""
"252180170","SOMPOLNO","2012","11","11",2.0,"","W",0,"9",0,"8","","8","",""
"252180170","SOMPOLNO","2012","11","18",.7,"","W",0,"9",0,"8","","8","",""
"252180170","SOMPOLNO","2012","11","23",.2,"","W",0,"9",0,"8","","8","",""
"252180170","SOMPOLNO","2012","11","24",1.0,"","W",0,"9",0,"8","","8","",""
"252180170","SOMPOLNO","2012","11","27",4.7,"","W",0,"9",0,"8","","8","",""
"252180170","SOMPOLNO","2012","11","28",4.2,"","W",0,"9",0,"8","","8","",""
"252180170","SOMPOLNO","2012","11","29",5.3,"","W",0,"9",0,"8","","8","",""
"252180170","SOMPOLNO","2012","11","30",.1,"","W",0,"9",0,"8","","8","",""
"252180180","JAB£ONKA","2012","11","01",5.1,"","W",0,"9",0,"8","","8","",""
"252180180","JAB£ONKA","2012","11","03",2.3,"","W",0,"9",0,"8","","8","",""
"252180180","JAB£ONKA","2012","11","04",3.6,"","W",0,"9",0,"8","","8","",""
"252180180","JAB£ONKA","2012","11","06",1.6,"","W",0,"9",0,"8","","8","",""
"252180180","JAB£ONKA","2012","11","07",.3,"","W",0,"9",0,"8","","8","",""
"252180180","JAB£ONKA","2012","11","08",.7,"","W",0,"9",0,"8","","8","",""
"252180180","JAB£ONKA","2012","11","11",2.3,"","W",0,"9",0,"8","","8","",""
"252180180","JAB£ONKA","2012","11","17",.0,"","W",0,"9",0,"8","","8","",""
"252180180","JAB£ONKA","2012","11","18",.0,"","W",0,"9",0,"8","","8","",""
"252180180","JAB£ONKA","2012","11","22",.0,"","W",0,"9",0,"8","","8","",""
"252180180","JAB£ONKA","2012","11","23",.0,"","W",0,"9",0,"8","","8","",""
"252180180","JAB£ONKA","2012","11","24",2.3,"","W",0,"9",0,"8","","8","",""
"252180180","JAB£ONKA","2012","11","27",3.1,"","W",0,"9",0,"8","","8","",""
"252180180","JAB£ONKA","2012","11","28",6.2,"","W",0,"9",0,"8","","8","",""
"252180180","JAB£ONKA","2012","11","29",4.6,"","W",0,"9",0,"8","","8","",""
"252180190","D BY SZLACHECKIE","2012","11","01",4.4,"","W",0,"9",0,"8","","8","",""
"252180190","D BY SZLACHECKIE","2012","11","02",.4,"","W",0,"9",0,"8","","8","",""
"252180190","D BY SZLACHECKIE","2012","11","03",3.4,"","W",0,"9",0,"8","","8","",""
"252180190","D BY SZLACHECKIE","2012","11","04",3.1,"","W",0,"9",0,"8","","8","",""
"252180190","D BY SZLACHECKIE","2012","11","05",1.2,"","W",0,"9",0,"8","","8","",""
"252180190","D BY SZLACHECKIE","2012","11","06",1.6,"","W",0,"9",0,"8","","8","",""
"252180190","D BY SZLACHECKIE","2012","11","07",.7,"","W",0,"9",0,"8","","8","",""
"252180190","D BY SZLACHECKIE","2012","11","08",.4,"","W",0,"9",0,"8","","8","",""
"252180190","D BY SZLACHECKIE","2012","11","11",1.2,"","W",0,"9",0,"8","","8","",""
"252180190","D BY SZLACHECKIE","2012","11","24",2.1,"","W",0,"9",0,"8","","8","",""
"252180190","D BY SZLACHECKIE","2012","11","27",6.5,"","W",0,"9",0,"8","","8","",""
"252180190","D BY SZLACHECKIE","2012","11","28",1.0,"","W",0,"9",0,"8","","8","",""
"252180190","D BY SZLACHECKIE","2012","11","29",6.2,"","W",0,"9",0,"8","","8","",""
"252180210","K£ODAWA","2012","11","01",2.8,"","W",0,"9",0,"8","","8","",""
"252180210","K£ODAWA","2012","11","03",2.1,"","W",0,"9",0,"8","","8","",""
"252180210","K£ODAWA","2012","11","04",3.9,"","W",0,"9",0,"8","","8","",""
"252180210","K£ODAWA","2012","11","05",2.2,"","W",0,"9",0,"8","","8","",""
"252180210","K£ODAWA","2012","11","06",2.0,"","W",0,"9",0,"8","","8","",""
"252180210","K£ODAWA","2012","11","07",1.6,"","W",0,"9",0,"8","","8","",""
"252180210","K£ODAWA","2012","11","08",.7,"","W",0,"9",0,"8","","8","",""
"252180210","K£ODAWA","2012","11","11",.6,"","W",0,"9",0,"8","","8","",""
"252180210","K£ODAWA","2012","11","18",.3,"","W",0,"9",0,"8","","8","",""
"252180210","K£ODAWA","2012","11","24",1.0,"","W",0,"9",0,"8","","8","",""
"252180210","K£ODAWA","2012","11","27",9.5,"","W",0,"9",0,"8","","8","",""
"252180210","K£ODAWA","2012","11","28",2.2,"","W",0,"9",0,"8","","8","",""
"252180210","K£ODAWA","2012","11","29",3.2,"","W",0,"9",0,"8","","8","",""
"252180220","KONIN","2012","11","01",3.9,"","W",0,"9",0,"8","","8","",""
"252180220","KONIN","2012","11","02",.1,"","W",0,"9",0,"8","","8","",""
"252180220","KONIN","2012","11","03",2.5,"","W",0,"9",0,"8","","8","",""
"252180220","KONIN","2012","11","04",3.2,"","W",0,"9",0,"8","","8","",""
"252180220","KONIN","2012","11","05",1.4,"","W",0,"9",0,"8","","8","",""
"252180220","KONIN","2012","11","06",2.2,"","W",0,"9",0,"8","","8","",""
"252180220","KONIN","2012","11","07",1.8,"","W",0,"9",0,"8","","8","",""
"252180220","KONIN","2012","11","08",.3,"","W",0,"9",0,"8","","8","",""
"252180220","KONIN","2012","11","09",.5,"","W",0,"9",0,"8","","8","",""
"252180220","KONIN","2012","11","11",1.5,"","W",0,"9",0,"8","","8","",""
"252180220","KONIN","2012","11","24",1.5,"","W",0,"9",0,"8","","8","",""
"252180220","KONIN","2012","11","27",4.8,"","W",0,"9",0,"8","","8","",""
"252180220","KONIN","2012","11","28",2.9,"","W",0,"9",0,"8","","8","",""
"252180220","KONIN","2012","11","29",6.8,"","W",0,"9",0,"8","","8","",""
"252180220","KONIN","2012","11","30",.2,"","W",0,"9",0,"8","","8","",""
"252180230","W£ADYS£AW”W","2012","11","01",4.8,"","W",0,"9",0,"8","","8","",""
"252180230","W£ADYS£AW”W","2012","11","02",.1,"","W",0,"9",0,"8","","8","",""
"252180230","W£ADYS£AW”W","2012","11","03",2.4,"","W",0,"9",0,"8","","8","",""
"252180230","W£ADYS£AW”W","2012","11","04",5.3,"","W",0,"9",0,"8","","8","",""
"252180230","W£ADYS£AW”W","2012","11","05",.6,"","W",0,"9",0,"8","","8","",""
"252180230","W£ADYS£AW”W","2012","11","06",2.5,"","W",0,"9",0,"8","","8","",""
"252180230","W£ADYS£AW”W","2012","11","07",2.6,"","W",0,"9",0,"8","","8","",""
"252180230","W£ADYS£AW”W","2012","11","08",.7,"","W",0,"9",0,"8","","8","",""
"252180230","W£ADYS£AW”W","2012","11","11",.3,"","W",0,"9",0,"8","","8","",""
"252180230","W£ADYS£AW”W","2012","11","21",.3,"","W",0,"9",0,"8","","8","",""
"252180230","W£ADYS£AW”W","2012","11","24",.4,"","W",0,"9",0,"8","","8","",""
"252180230","W£ADYS£AW”W","2012","11","27",7.1,"","W",0,"9",0,"8","","8","",""
"252180230","W£ADYS£AW”W","2012","11","28",1.8,"","W",0,"9",0,"8","","8","",""
"252180230","W£ADYS£AW”W","2012","11","29",3.6,"","W",0,"9",0,"8","","8","",""
"252180240","TULISZK”W","2012","11","01",4.3,"","W",0,"9",0,"8","","8","",""
"252180240","TULISZK”W","2012","11","03",3.4,"","W",0,"9",0,"8","","8","",""
"252180240","TULISZK”W","2012","11","04",5.1,"","W",0,"9",0,"8","","8","",""
"252180240","TULISZK”W","2012","11","05",.9,"","W",0,"9",0,"8","","8","",""
"252180240","TULISZK”W","2012","11","06",1.7,"","W",0,"9",0,"8","","8","",""
"252180240","TULISZK”W","2012","11","07",.4,"","W",0,"9",0,"8","","8","",""
"252180240","TULISZK”W","2012","11","08",.9,"","W",0,"9",0,"8","","8","",""
"252180240","TULISZK”W","2012","11","11",.4,"","W",0,"9",0,"8","","8","",""
"252180240","TULISZK”W","2012","11","24",.2,"","W",0,"9",0,"8","","8","",""
"252180240","TULISZK”W","2012","11","27",6.7,"","W",0,"9",0,"8","","8","",""
"252180240","TULISZK”W","2012","11","28",1.0,"","W",0,"9",0,"8","","8","",""
"252180240","TULISZK”W","2012","11","29",3.9,"","W",0,"9",0,"8","","8","",""
"252180250","D•BIE","2012","11","01",5.1,"","W",0,"9",0,"8","","8","",""
"252180250","D•BIE","2012","11","02",.3,"","W",0,"9",0,"8","","8","",""
"252180250","D•BIE","2012","11","03",1.6,"","W",0,"9",0,"8","","8","",""
"252180250","D•BIE","2012","11","04",4.0,"","W",0,"9",0,"8","","8","",""
"252180250","D•BIE","2012","11","05",2.5,"","W",0,"9",0,"8","","8","",""
"252180250","D•BIE","2012","11","06",.3,"","W",0,"9",0,"8","","8","",""
"252180250","D•BIE","2012","11","07",1.0,"","W",0,"9",0,"8","","8","",""
"252180250","D•BIE","2012","11","08",.7,"","W",0,"9",0,"8","","8","",""
"252180250","D•BIE","2012","11","11",.3,"","W",0,"9",0,"8","","8","",""
"252180250","D•BIE","2012","11","18",.3,"","W",0,"9",0,"8","","8","",""
"252180250","D•BIE","2012","11","21",.1,"","W",0,"9",0,"8","","8","",""
"252180250","D•BIE","2012","11","24",.1,"","W",0,"9",0,"8","","8","",""
"252180250","D•BIE","2012","11","26",.1,"","W",0,"9",0,"8","","8","",""
"252180250","D•BIE","2012","11","27",9.0,"","W",0,"9",0,"8","","8","",""
"252180250","D•BIE","2012","11","28",1.7,"","W",0,"9",0,"8","","8","",""
"252180250","D•BIE","2012","11","29",1.5,"","W",0,"9",0,"8","","8","",""
"252180260","TUREK","2012","11","01",5.5,"","W",0,"9",0,"8","","8","",""
"252180260","TUREK","2012","11","02",.3,"","W",0,"9",0,"8","","8","",""
"252180260","TUREK","2012","11","03",1.7,"","W",0,"9",0,"8","","8","",""
"252180260","TUREK","2012","11","04",4.4,"","W",0,"9",0,"8","","8","",""
"252180260","TUREK","2012","11","05",2.6,"","W",0,"9",0,"8","","8","",""
"252180260","TUREK","2012","11","06",2.0,"","W",0,"9",0,"8","","8","",""
"252180260","TUREK","2012","11","07",.9,"","W",0,"9",0,"8","","8","",""
"252180260","TUREK","2012","11","08",1.7,"","W",0,"9",0,"8","","8","",""
"252180260","TUREK","2012","11","11",.2,"","W",0,"9",0,"8","","8","",""
"252180260","TUREK","2012","11","21",.6,"","W",0,"9",0,"8","","8","",""
"252180260","TUREK","2012","11","24",.2,"","W",0,"9",0,"8","","8","",""
"252180260","TUREK","2012","11","27",5.7,"","W",0,"9",0,"8","","8","",""
"252180260","TUREK","2012","11","28",1.6,"","W",0,"9",0,"8","","8","",""
"252180260","TUREK","2012","11","29",3.6,"","W",0,"9",0,"8","","8","",""
"252190010","SK PE (WYMYåLIN)","2012","11","01",1.4,"","W",0,"9",0,"8","","8",".",""
"252190010","SK PE (WYMYåLIN)","2012","11","02",.0,"","W",0,"9",0,"8","","8",".",""
"252190010","SK PE (WYMYåLIN)","2012","11","03",1.3,"","W",0,"9",0,"8","","8",".",""
"252190010","SK PE (WYMYåLIN)","2012","11","04",2.3,"","W",0,"9",0,"8","","8",".",""
"252190010","SK PE (WYMYåLIN)","2012","11","05",1.6,"","W",0,"9",0,"8","","8",".",""
"252190010","SK PE (WYMYåLIN)","2012","11","06",3.8,"","W",0,"9",0,"8","","8",".",""
"252190010","SK PE (WYMYåLIN)","2012","11","07",.7,"","W",0,"9",0,"8","","8",".",""
"252190010","SK PE (WYMYåLIN)","2012","11","08",.7,"","W",0,"9",0,"8","","8",".",""
"252190010","SK PE (WYMYåLIN)","2012","11","09",.7,"","W",0,"9",0,"8","","8",".",""
"252190010","SK PE (WYMYåLIN)","2012","11","11",1.9,"","W",0,"9",0,"8","","8",".",""
"252190010","SK PE (WYMYåLIN)","2012","11","24",1.9,"","W",0,"9",0,"8","","8",".",""
"252190010","SK PE (WYMYåLIN)","2012","11","27",5.4,"","W",0,"9",0,"8","","8",".",""
"252190010","SK PE (WYMYåLIN)","2012","11","28",3.4,"","W",0,"9",0,"8","","8",".",""
"252190010","SK PE (WYMYåLIN)","2012","11","29",8.7,"","W",0,"9",0,"8","","8",".",""
"252190010","SK PE (WYMYåLIN)","2012","11","30",1.1,"","W",0,"9",0,"8","","8",".",""
"252190020","SIERPC","2012","11","01",2.2,"","W",0,"9",0,"8","","8",".",""
"252190020","SIERPC","2012","11","02",.2,"","W",0,"9",0,"8","","8",".",""
"252190020","SIERPC","2012","11","03",1.0,"","W",0,"9",0,"8","","8",".",""
"252190020","SIERPC","2012","11","04",3.3,"","W",0,"9",0,"8","","8",".",""
"252190020","SIERPC","2012","11","05",1.8,"","W",0,"9",0,"8","","8",".",""
"252190020","SIERPC","2012","11","06",2.9,"","W",0,"9",0,"8","","8",".",""
"252190020","SIERPC","2012","11","07",.4,"","W",0,"9",0,"8","","8",".",""
"252190020","SIERPC","2012","11","08",.6,"","W",0,"9",0,"8","","8",".",""
"252190020","SIERPC","2012","11","09",.5,"","W",0,"9",0,"8","","8",".",""
"252190020","SIERPC","2012","11","11",1.0,"","W",0,"9",0,"8","","8",".",""
"252190020","SIERPC","2012","11","22",.0,"","W",0,"9",0,"8","","8",".",""
"252190020","SIERPC","2012","11","24",2.0,"","W",0,"9",0,"8","","8",".",""
"252190020","SIERPC","2012","11","27",8.2,"","W",0,"9",0,"8","","8",".",""
"252190020","SIERPC","2012","11","28",2.9,"","W",0,"9",0,"8","","8",".",""
"252190020","SIERPC","2012","11","29",4.7,"","W",0,"9",0,"8","","8",".",""
"252190020","SIERPC","2012","11","30",.4,"","W",0,"9",0,"8","","8",".",""
"252190040","ØABOWO","2012","11","01",1.6,"","W",0,"9",0,"8","","8",".",""
"252190040","ØABOWO","2012","11","02",.4,"","W",0,"9",0,"8","","8",".",""
"252190040","ØABOWO","2012","11","03",.7,"","W",0,"9",0,"8","","8",".",""
"252190040","ØABOWO","2012","11","04",4.5,"","W",0,"9",0,"8","","8",".",""
"252190040","ØABOWO","2012","11","05",2.1,"","W",0,"9",0,"8","","8",".",""
"252190040","ØABOWO","2012","11","06",2.1,"","W",0,"9",0,"8","","8",".",""
"252190040","ØABOWO","2012","11","07",1.0,"","W",0,"9",0,"8","","8",".",""
"252190040","ØABOWO","2012","11","08",.9,"","W",0,"9",0,"8","","8",".",""
"252190040","ØABOWO","2012","11","09",.4,"","W",0,"9",0,"8","","8",".",""
"252190040","ØABOWO","2012","11","11",.3,"","W",0,"9",0,"8","","8",".",""
"252190040","ØABOWO","2012","11","24",1.6,"","W",0,"9",0,"8","","8",".",""
"252190040","ØABOWO","2012","11","27",10.2,"","W",0,"9",0,"8","","8",".",""
"252190040","ØABOWO","2012","11","28",1.8,"","W",0,"9",0,"8","","8",".",""
"252190040","ØABOWO","2012","11","29",1.9,"","W",0,"9",0,"8","","8",".",""
"252190040","ØABOWO","2012","11","30",.4,"","W",0,"9",0,"8","","8",".",""
"252190050","MOCHOWO","2012","11","01",1.9,"","W",0,"9",0,"8","","8",".",""
"252190050","MOCHOWO","2012","11","02",.6,"","W",0,"9",0,"8","","8",".",""
"252190050","MOCHOWO","2012","11","03",.7,"","W",0,"9",0,"8","","8",".",""
"252190050","MOCHOWO","2012","11","04",3.1,"","W",0,"9",0,"8","","8",".",""
"252190050","MOCHOWO","2012","11","05",2.4,"","W",0,"9",0,"8","","8",".",""
"252190050","MOCHOWO","2012","11","06",2.7,"","W",0,"9",0,"8","","8",".",""
"252190050","MOCHOWO","2012","11","07",2.1,"","W",0,"9",0,"8","","8",".",""
"252190050","MOCHOWO","2012","11","08",.8,"","W",0,"9",0,"8","","8",".",""
"252190050","MOCHOWO","2012","11","09",1.2,"","W",0,"9",0,"8","","8",".",""
"252190050","MOCHOWO","2012","11","11",.9,"","W",0,"9",0,"8","","8",".",""
"252190050","MOCHOWO","2012","11","12",.0,"","W",0,"9",0,"8","","8",".",""
"252190050","MOCHOWO","2012","11","18",.3,"","W",0,"9",0,"8","","8",".",""
"252190050","MOCHOWO","2012","11","19",.6,"","W",0,"9",0,"8","","8",".",""
"252190050","MOCHOWO","2012","11","21",.2,"","W",0,"9",0,"8","","8",".",""
"252190050","MOCHOWO","2012","11","22",.1,"","W",0,"9",0,"8","","8",".",""
"252190050","MOCHOWO","2012","11","23",.3,"","W",0,"9",0,"8","","8",".",""
"252190050","MOCHOWO","2012","11","24",1.5,"","W",0,"9",0,"8","","8",".",""
"252190050","MOCHOWO","2012","11","25",.0,"","W",0,"9",0,"8","","8",".",""
"252190050","MOCHOWO","2012","11","26",.5,"","W",0,"9",0,"8","","8",".",""
"252190050","MOCHOWO","2012","11","27",8.6,"","W",0,"9",0,"8","","8",".",""
"252190050","MOCHOWO","2012","11","28",2.7,"","W",0,"9",0,"8","","8",".",""
"252190050","MOCHOWO","2012","11","29",4.1,"","W",0,"9",0,"8","","8",".",""
"252190050","MOCHOWO","2012","11","30",1.2,"","W",0,"9",0,"8","","8",".",""
"252190060","MIKO£AJEWO","2012","11","01",2.9,"","W",0,"9",0,"8","","8",".",""
"252190060","MIKO£AJEWO","2012","11","02",.1,"","W",0,"9",0,"8","","8",".",""
"252190060","MIKO£AJEWO","2012","11","03",.8,"","W",0,"9",0,"8","","8",".",""
"252190060","MIKO£AJEWO","2012","11","04",5.1,"","W",0,"9",0,"8","","8",".",""
"252190060","MIKO£AJEWO","2012","11","05",1.5,"","W",0,"9",0,"8","","8",".",""
"252190060","MIKO£AJEWO","2012","11","06",2.5,"","W",0,"9",0,"8","","8",".",""
"252190060","MIKO£AJEWO","2012","11","07",.6,"","W",0,"9",0,"8","","8",".",""
"252190060","MIKO£AJEWO","2012","11","08",.3,"","W",0,"9",0,"8","","8",".",""
"252190060","MIKO£AJEWO","2012","11","09",.5,"","W",0,"9",0,"8","","8",".",""
"252190060","MIKO£AJEWO","2012","11","11",.0,"","W",0,"9",0,"8","","8",".",""
"252190060","MIKO£AJEWO","2012","11","24",1.5,"","W",0,"9",0,"8","","8",".",""
"252190060","MIKO£AJEWO","2012","11","26",.1,"","W",0,"9",0,"8","","8",".",""
"252190060","MIKO£AJEWO","2012","11","27",10.1,"","W",0,"9",0,"8","","8",".",""
"252190060","MIKO£AJEWO","2012","11","28",1.6,"","W",0,"9",0,"8","","8",".",""
"252190060","MIKO£AJEWO","2012","11","29",1.5,"","W",0,"9",0,"8","","8",".",""
"252190060","MIKO£AJEWO","2012","11","30",.8,"","W",0,"9",0,"8","","8",".",""
"252190070","DUNIN”W","2012","11","01",2.3,"","W",0,"9",0,"8","","8",".",""
"252190070","DUNIN”W","2012","11","03",1.9,"","W",0,"9",0,"8","","8",".",""
"252190070","DUNIN”W","2012","11","04",4.2,"","W",0,"9",0,"8","","8",".",""
"252190070","DUNIN”W","2012","11","05",1.8,"","W",0,"9",0,"8","","8",".",""
"252190070","DUNIN”W","2012","11","06",6.1,"","W",0,"9",0,"8","","8",".",""
"252190070","DUNIN”W","2012","11","07",.9,"","W",0,"9",0,"8","","8",".",""
"252190070","DUNIN”W","2012","11","08",1.4,"","W",0,"9",0,"8","","8",".",""
"252190070","DUNIN”W","2012","11","09",.1,"","W",0,"9",0,"8","","8",".",""
"252190070","DUNIN”W","2012","11","11",.6,"","W",0,"9",0,"8","","8",".",""
"252190070","DUNIN”W","2012","11","18",.1,"","W",0,"9",0,"8","","8",".",""
"252190070","DUNIN”W","2012","11","19",.1,"","W",0,"9",0,"8","","8",".",""
"252190070","DUNIN”W","2012","11","24",1.2,"","W",0,"9",0,"8","","8",".",""
"252190070","DUNIN”W","2012","11","27",10.2,"","W",0,"9",0,"8","","8",".",""
"252190070","DUNIN”W","2012","11","28",1.6,"","W",0,"9",0,"8","","8",".",""
"252190070","DUNIN”W","2012","11","29",2.7,"","W",0,"9",0,"8","","8",".",""
"252190070","DUNIN”W","2012","11","30",.4,"","W",0,"9",0,"8","","8",".",""
"252190080","BARUCHOWO","2012","11","01",1.9,"","W",0,"9",0,"8","","8",".",""
"252190080","BARUCHOWO","2012","11","03",2.2,"","W",0,"9",0,"8","","8",".",""
"252190080","BARUCHOWO","2012","11","04",5.7,"","W",0,"9",0,"8","","8",".",""
"252190080","BARUCHOWO","2012","11","05",2.9,"","W",0,"9",0,"8","","8",".",""
"252190080","BARUCHOWO","2012","11","06",4.8,"","W",0,"9",0,"8","","8",".",""
"252190080","BARUCHOWO","2012","11","07",3.1,"","W",0,"9",0,"8","","8",".",""
"252190080","BARUCHOWO","2012","11","08",.3,"","W",0,"9",0,"8","","8",".",""
"252190080","BARUCHOWO","2012","11","09",.1,"","W",0,"9",0,"8","","8",".",""
"252190080","BARUCHOWO","2012","11","11",1.0,"","W",0,"9",0,"8","","8",".",""
"252190080","BARUCHOWO","2012","11","24",2.1,"","W",0,"9",0,"8","","8",".",""
"252190080","BARUCHOWO","2012","11","27",4.8,"","W",0,"9",0,"8","","8",".",""
"252190080","BARUCHOWO","2012","11","28",5.4,"","W",0,"9",0,"8","","8",".",""
"252190080","BARUCHOWO","2012","11","29",5.3,"","W",0,"9",0,"8","","8",".",""
"252190080","BARUCHOWO","2012","11","30",.3,"","W",0,"9",0,"8","","8",".",""
"252190110","CHODECZ","2012","11","01",3.4,"","W",0,"9",0,"8","","8",".",""
"252190110","CHODECZ","2012","11","03",1.1,"","W",0,"9",0,"8","","8",".",""
"252190110","CHODECZ","2012","11","04",3.6,"","W",0,"9",0,"8","","8",".",""
"252190110","CHODECZ","2012","11","05",2.0,"","W",0,"9",0,"8","","8",".",""
"252190110","CHODECZ","2012","11","06",4.7,"","W",0,"9",0,"8","","8",".",""
"252190110","CHODECZ","2012","11","07",2.5,"","W",0,"9",0,"8","","8",".",""
"252190110","CHODECZ","2012","11","08",.2,"","W",0,"9",0,"8","","8",".",""
"252190110","CHODECZ","2012","11","09",.1,"","W",0,"9",0,"8","","8",".",""
"252190110","CHODECZ","2012","11","11",.8,"","W",0,"9",0,"8","","8",".",""
"252190110","CHODECZ","2012","11","19",.8,"","W",0,"9",0,"8","","8",".",""
"252190110","CHODECZ","2012","11","24",1.9,"","W",0,"9",0,"8","","8",".",""
"252190110","CHODECZ","2012","11","27",9.7,"","W",0,"9",0,"8","","8",".",""
"252190110","CHODECZ","2012","11","28",3.0,"","W",0,"9",0,"8","","8",".",""
"252190110","CHODECZ","2012","11","29",4.8,"","W",0,"9",0,"8","","8",".",""
"252190110","CHODECZ","2012","11","30",1.2,"","W",0,"9",0,"8","","8",".",""
"252190120","ØYCHLIN","2012","11","01",3.2,"","W",0,"9",0,"8","","8",".",""
"252190120","ØYCHLIN","2012","11","03",.8,"","W",0,"9",0,"8","","8",".",""
"252190120","ØYCHLIN","2012","11","04",6.1,"","W",0,"9",0,"8","","8",".",""
"252190120","ØYCHLIN","2012","11","05",2.0,"","W",0,"9",0,"8","","8",".",""
"252190120","ØYCHLIN","2012","11","06",3.0,"","W",0,"9",0,"8","","8",".",""
"252190120","ØYCHLIN","2012","11","07",.7,"","W",0,"9",0,"8","","8",".",""
"252190120","ØYCHLIN","2012","11","08",.9,"","W",0,"9",0,"8","","8",".",""
"252190120","ØYCHLIN","2012","11","09",.2,"","W",0,"9",0,"8","","8",".",""
"252190120","ØYCHLIN","2012","11","24",.2,"","W",0,"9",0,"8","","8",".",""
"252190120","ØYCHLIN","2012","11","27",5.0,"","W",0,"9",0,"8","","8",".",""
"252190120","ØYCHLIN","2012","11","28",1.5,"","W",0,"9",0,"8","","8",".",""
"252190120","ØYCHLIN","2012","11","29",1.0,"","W",0,"9",0,"8","","8",".",""
"252190120","ØYCHLIN","2012","11","30",1.1,"","S",0,"9",0,"8","","8",".",""
"252190130","WA£Y","2012","11","01",.0,"8","",0,"9",0,"8","","8","",""
"252190130","WA£Y","2012","11","02",.0,"8","",0,"9",0,"8","","8","",""
"252190130","WA£Y","2012","11","03",.0,"8","",0,"9",0,"8","","8","",""
"252190130","WA£Y","2012","11","04",.0,"8","",0,"9",0,"8","","8","",""
"252190130","WA£Y","2012","11","05",.0,"8","",0,"9",0,"8","","8","",""
"252190130","WA£Y","2012","11","06",.0,"8","",0,"9",0,"8","","8","",""
"252190130","WA£Y","2012","11","07",.0,"8","",0,"9",0,"8","","8","",""
"252190130","WA£Y","2012","11","08",.0,"8","",0,"9",0,"8","","8","",""
"252190130","WA£Y","2012","11","09",.0,"8","",0,"9",0,"8","","8","",""
"252190130","WA£Y","2012","11","10",.0,"8","",0,"9",0,"8","","8","",""
"252190130","WA£Y","2012","11","11",.0,"8","",0,"9",0,"8","","8","",""
"252190130","WA£Y","2012","11","12",.0,"8","",0,"9",0,"8","","8","",""
"252190130","WA£Y","2012","11","13",.0,"8","",0,"9",0,"8","","8","",""
"252190130","WA£Y","2012","11","14",.0,"8","",0,"9",0,"8","","8","",""
"252190130","WA£Y","2012","11","15",.0,"8","",0,"9",0,"8","","8","",""
"252190130","WA£Y","2012","11","16",.0,"8","",0,"9",0,"8","","8","",""
"252190130","WA£Y","2012","11","17",.0,"8","",0,"9",0,"8","","8","",""
"252190130","WA£Y","2012","11","18",.0,"8","",0,"9",0,"8","","8","",""
"252190130","WA£Y","2012","11","19",.0,"8","",0,"9",0,"8","","8","",""
"252190130","WA£Y","2012","11","20",.0,"8","",0,"9",0,"8","","8","",""
"252190130","WA£Y","2012","11","21",.0,"8","",0,"9",0,"8","","8","",""
"252190130","WA£Y","2012","11","22",.0,"8","",0,"9",0,"8","","8","",""
"252190130","WA£Y","2012","11","23",.0,"8","",0,"9",0,"8","","8","",""
"252190130","WA£Y","2012","11","24",.0,"8","",0,"9",0,"8","","8","",""
"252190130","WA£Y","2012","11","25",.0,"8","",0,"9",0,"8","","8","",""
"252190130","WA£Y","2012","11","26",.0,"8","",0,"9",0,"8","","8","",""
"252190130","WA£Y","2012","11","27",.0,"8","",0,"9",0,"8","","8","",""
"252190130","WA£Y","2012","11","28",.0,"8","",0,"9",0,"8","","8","",""
"252190130","WA£Y","2012","11","29",.0,"8","",0,"9",0,"8","","8","",""
"252190130","WA£Y","2012","11","30",.0,"8","",0,"9",0,"8","","8","",""
"252190140","OPIESIN","2012","11","01",4.6,"","W",0,"9",0,"8","","8",".",""
"252190140","OPIESIN","2012","11","03",.8,"","W",0,"9",0,"8","","8",".",""
"252190140","OPIESIN","2012","11","04",5.3,"","W",0,"9",0,"8","","8",".",""
"252190140","OPIESIN","2012","11","05",2.3,"","W",0,"9",0,"8","","8",".",""
"252190140","OPIESIN","2012","11","06",1.6,"","W",0,"9",0,"8","","8",".",""
"252190140","OPIESIN","2012","11","07",.8,"","W",0,"9",0,"8","","8",".",""
"252190140","OPIESIN","2012","11","27",12.2,"","W",0,"9",0,"8","","8",".",""
"252190140","OPIESIN","2012","11","28",2.4,"","W",0,"9",0,"8","","8",".",""
"252190140","OPIESIN","2012","11","29",2.1,"","W",0,"9",0,"8","","8",".",""
"252190140","OPIESIN","2012","11","30",.5,"","W",0,"9",0,"8","","8",".",""
"252190150","£OWICZ","2012","11","01",.0,"8","",0,"9",0,"8","","8","",""
"252190150","£OWICZ","2012","11","02",.0,"8","",0,"9",0,"8","","8","",""
"252190150","£OWICZ","2012","11","03",.0,"8","",0,"9",0,"8","","8","",""
"252190150","£OWICZ","2012","11","04",.0,"8","",0,"9",0,"8","","8","",""
"252190150","£OWICZ","2012","11","05",.0,"8","",0,"9",0,"8","","8","",""
"252190150","£OWICZ","2012","11","06",.0,"8","",0,"9",0,"8","","8","",""
"252190150","£OWICZ","2012","11","07",.0,"8","",0,"9",0,"8","","8","",""
"252190150","£OWICZ","2012","11","08",.0,"8","",0,"9",0,"8","","8","",""
"252190150","£OWICZ","2012","11","09",.0,"8","",0,"9",0,"8","","8","",""
"252190150","£OWICZ","2012","11","10",.0,"8","",0,"9",0,"8","","8","",""
"252190150","£OWICZ","2012","11","11",.0,"8","",0,"9",0,"8","","8","",""
"252190150","£OWICZ","2012","11","12",.0,"8","",0,"9",0,"8","","8","",""
"252190150","£OWICZ","2012","11","13",.0,"8","",0,"9",0,"8","","8","",""
"252190150","£OWICZ","2012","11","14",.0,"8","",0,"9",0,"8","","8","",""
"252190150","£OWICZ","2012","11","15",.0,"8","",0,"9",0,"8","","8","",""
"252190150","£OWICZ","2012","11","16",.0,"8","",0,"9",0,"8","","8","",""
"252190150","£OWICZ","2012","11","17",.0,"8","",0,"9",0,"8","","8","",""
"252190150","£OWICZ","2012","11","18",.0,"8","",0,"9",0,"8","","8","",""
"252190150","£OWICZ","2012","11","19",.0,"8","",0,"9",0,"8","","8","",""
"252190150","£OWICZ","2012","11","20",.0,"8","",0,"9",0,"8","","8","",""
"252190150","£OWICZ","2012","11","21",.0,"8","",0,"9",0,"8","","8","",""
"252190150","£OWICZ","2012","11","22",.0,"8","",0,"9",0,"8","","8","",""
"252190150","£OWICZ","2012","11","23",.0,"8","",0,"9",0,"8","","8","",""
"252190150","£OWICZ","2012","11","24",.0,"8","",0,"9",0,"8","","8","",""
"252190150","£OWICZ","2012","11","25",.0,"8","",0,"9",0,"8","","8","",""
"252190150","£OWICZ","2012","11","26",.0,"8","",0,"9",0,"8","","8","",""
"252190150","£OWICZ","2012","11","27",.0,"8","",0,"9",0,"8","","8","",""
"252190150","£OWICZ","2012","11","28",.0,"8","",0,"9",0,"8","","8","",""
"252190150","£OWICZ","2012","11","29",.0,"8","",0,"9",0,"8","","8","",""
"252190150","£OWICZ","2012","11","30",.0,"8","",0,"9",0,"8","","8","",""
"252190160","WALEWICE","2012","11","01",2.2,"","W",0,"9",0,"8","","8",".",""
"252190160","WALEWICE","2012","11","04",6.5,"","W",0,"9",0,"8","","8",".",""
"252190160","WALEWICE","2012","11","05",4.5,"","W",0,"9",0,"8","","8",".",""
"252190160","WALEWICE","2012","11","06",1.4,"","W",0,"9",0,"8","","8",".",""
"252190160","WALEWICE","2012","11","07",1.0,"","W",0,"9",0,"8","","8",".",""
"252190160","WALEWICE","2012","11","27",4.2,"","W",0,"9",0,"8","","8",".",""
"252190160","WALEWICE","2012","11","28",2.3,"","W",0,"9",0,"8","","8",".",""
"252190160","WALEWICE","2012","11","29",.9,"","W",0,"9",0,"8","","8",".",""
"252190160","WALEWICE","2012","11","30",1.3,"","W",0,"9",0,"8","","8",".",""
"252190170","KRZEPOCINEK","2012","11","01",3.4,"","W",0,"9",0,"8","","8","",""
"252190170","KRZEPOCINEK","2012","11","04",5.0,"","W",0,"9",0,"8","","8","",""
"252190170","KRZEPOCINEK","2012","11","05",2.8,"","W",0,"9",0,"8","","8","",""
"252190170","KRZEPOCINEK","2012","11","06",.9,"","W",0,"9",0,"8","","8","",""
"252190170","KRZEPOCINEK","2012","11","07",3.0,"","W",0,"9",0,"8","","8","",""
"252190170","KRZEPOCINEK","2012","11","08",1.5,"","W",0,"9",0,"8","","8","",""
"252190170","KRZEPOCINEK","2012","11","09",.1,"","W",0,"9",0,"8","","8","",""
"252190170","KRZEPOCINEK","2012","11","14",.1,"","W",0,"9",0,"8","","8","",""
"252190170","KRZEPOCINEK","2012","11","24",.2,"","W",0,"9",0,"8","","8","",""
"252190170","KRZEPOCINEK","2012","11","27",6.0,"","W",0,"9",0,"8","","8","",""
"252190170","KRZEPOCINEK","2012","11","28",2.0,"","W",0,"9",0,"8","","8","",""
"252190170","KRZEPOCINEK","2012","11","29",2.9,"","W",0,"9",0,"8","","8","",""
"252190180","ZAMBRZYCA","2012","11","01",.4,"","W",0,"9",0,"8","","8",".",""
"252190180","ZAMBRZYCA","2012","11","03",1.3,"","W",0,"9",0,"8","","8",".",""
"252190180","ZAMBRZYCA","2012","11","04",4.0,"","W",0,"9",0,"8","","8",".",""
"252190180","ZAMBRZYCA","2012","11","05",1.7,"","W",0,"9",0,"8","","8",".",""
"252190180","ZAMBRZYCA","2012","11","06",3.2,"","W",0,"9",0,"8","","8",".",""
"252190180","ZAMBRZYCA","2012","11","07",.3,"","W",0,"9",0,"8","","8",".",""
"252190180","ZAMBRZYCA","2012","11","08",1.8,"","W",0,"9",0,"8","","8",".",""
"252190180","ZAMBRZYCA","2012","11","09",.3,"","W",0,"9",0,"8","","8",".",""
"252190180","ZAMBRZYCA","2012","11","11",.9,"","W",0,"9",0,"8","","8",".",""
"252190180","ZAMBRZYCA","2012","11","12",.0,"","W",0,"9",0,"8","","8",".",""
"252190180","ZAMBRZYCA","2012","11","22",.1,"","W",0,"9",0,"8","","8",".",""
"252190180","ZAMBRZYCA","2012","11","23",.8,"","W",0,"9",0,"8","","8",".",""
"252190180","ZAMBRZYCA","2012","11","24",2.0,"","W",0,"9",0,"8","","8",".",""
"252190180","ZAMBRZYCA","2012","11","27",7.5,"","W",0,"9",0,"8","","8",".",""
"252190180","ZAMBRZYCA","2012","11","28",4.7,"","W",0,"9",0,"8","","8",".",""
"252190180","ZAMBRZYCA","2012","11","29",8.6,"","W",0,"9",0,"8","","8",".",""
"252190180","ZAMBRZYCA","2012","11","30",.2,"","W",0,"9",0,"8","","8",".",""
"252200010","PRZEDWOJEWO","2012","11","01",3.0,"","W",0,"9",0,"8","","8",".",""
"252200010","PRZEDWOJEWO","2012","11","02",.4,"","W",0,"9",0,"8","","8",".",""
"252200010","PRZEDWOJEWO","2012","11","03",1.2,"","W",0,"9",0,"8","","8",".",""
"252200010","PRZEDWOJEWO","2012","11","04",4.9,"","W",0,"9",0,"8","","8",".",""
"252200010","PRZEDWOJEWO","2012","11","05",4.4,"","W",0,"9",0,"8","","8",".",""
"252200010","PRZEDWOJEWO","2012","11","06",1.3,"","W",0,"9",0,"8","","8",".",""
"252200010","PRZEDWOJEWO","2012","11","07",2.1,"","W",0,"9",0,"8","","8",".",""
"252200010","PRZEDWOJEWO","2012","11","08",1.0,"","W",0,"9",0,"8","","8",".",""
"252200010","PRZEDWOJEWO","2012","11","24",2.6,"","W",0,"9",0,"8","","8",".",""
"252200010","PRZEDWOJEWO","2012","11","27",9.6,"","W",0,"9",0,"8","","8",".",""
"252200010","PRZEDWOJEWO","2012","11","28",.5,"","W",0,"9",0,"8","","8",".",""
"252200010","PRZEDWOJEWO","2012","11","29",1.9,"","W",0,"9",0,"8","","8",".",""
"252200010","PRZEDWOJEWO","2012","11","30",.4,"","W",0,"9",0,"8","","8",".",""
"252200020","STRZEGOWO","2012","11","01",2.7,"","W",0,"9",0,"8","","8",".",""
"252200020","STRZEGOWO","2012","11","02",.1,"","W",0,"9",0,"8","","8",".",""
"252200020","STRZEGOWO","2012","11","03",1.0,"","W",0,"9",0,"8","","8",".",""
"252200020","STRZEGOWO","2012","11","04",3.5,"","W",0,"9",0,"8","","8",".",""
"252200020","STRZEGOWO","2012","11","05",3.5,"","W",0,"9",0,"8","","8",".",""
"252200020","STRZEGOWO","2012","11","06",.9,"","W",0,"9",0,"8","","8",".",""
"252200020","STRZEGOWO","2012","11","07",.8,"","W",0,"9",0,"8","","8",".",""
"252200020","STRZEGOWO","2012","11","08",1.1,"","W",0,"9",0,"8","","8",".",""
"252200020","STRZEGOWO","2012","11","09",.2,"","W",0,"9",0,"8","","8",".",""
"252200020","STRZEGOWO","2012","11","11",.3,"","W",0,"9",0,"8","","8",".",""
"252200020","STRZEGOWO","2012","11","24",2.0,"","W",0,"9",0,"8","","8",".",""
"252200020","STRZEGOWO","2012","11","27",8.7,"","W",0,"9",0,"8","","8",".",""
"252200020","STRZEGOWO","2012","11","28",.9,"","W",0,"9",0,"8","","8",".",""
"252200020","STRZEGOWO","2012","11","29",1.0,"","W",0,"9",0,"8","","8",".",""
"252200020","STRZEGOWO","2012","11","30",.8,"","W",0,"9",0,"8","","8",".",""
"252200040","GO£OTCZYZNA","2012","11","01",4.0,"","W",0,"9",0,"8","","8",".",""
"252200040","GO£OTCZYZNA","2012","11","02",.7,"","W",0,"9",0,"8","","8",".",""
"252200040","GO£OTCZYZNA","2012","11","03",1.2,"","W",0,"9",0,"8","","8",".",""
"252200040","GO£OTCZYZNA","2012","11","04",8.9,"","W",0,"9",0,"8","","8",".",""
"252200040","GO£OTCZYZNA","2012","11","05",1.0,"","W",0,"9",0,"8","","8",".",""
"252200040","GO£OTCZYZNA","2012","11","06",.2,"","W",0,"9",0,"8","","8",".",""
"252200040","GO£OTCZYZNA","2012","11","07",.6,"","W",0,"9",0,"8","","8",".",""
"252200040","GO£OTCZYZNA","2012","11","08",1.0,"","W",0,"9",0,"8","","8",".",""
"252200040","GO£OTCZYZNA","2012","11","24",2.1,"","W",0,"9",0,"8","","8",".",""
"252200040","GO£OTCZYZNA","2012","11","27",9.5,"","W",0,"9",0,"8","","8",".",""
"252200040","GO£OTCZYZNA","2012","11","28",1.9,"","W",0,"9",0,"8","","8",".",""
"252200040","GO£OTCZYZNA","2012","11","29",2.0,"","W",0,"9",0,"8","","8",".",""
"252200040","GO£OTCZYZNA","2012","11","30",.8,"","W",0,"9",0,"8","","8",".",""
"252200050","WINNICA","2012","11","01",4.1,"","W",0,"9",0,"8","","8",".",""
"252200050","WINNICA","2012","11","02",1.1,"","W",0,"9",0,"8","","8",".",""
"252200050","WINNICA","2012","11","03",.6,"","W",0,"9",0,"8","","8",".",""
"252200050","WINNICA","2012","11","04",8.5,"","W",0,"9",0,"8","","8",".",""
"252200050","WINNICA","2012","11","05",6.5,"","W",0,"9",0,"8","","8",".",""
"252200050","WINNICA","2012","11","06",1.0,"","W",0,"9",0,"8","","8",".",""
"252200050","WINNICA","2012","11","07",.9,"","W",0,"9",0,"8","","8",".",""
"252200050","WINNICA","2012","11","08",.8,"","W",0,"9",0,"8","","8",".",""
"252200050","WINNICA","2012","11","24",1.0,"","W",0,"9",0,"8","","8",".",""
"252200050","WINNICA","2012","11","27",8.7,"","W",0,"9",0,"8","","8",".",""
"252200050","WINNICA","2012","11","28",.2,"","W",0,"9",0,"8","","8",".",""
"252200050","WINNICA","2012","11","29",2.0,"","W",0,"9",0,"8","","8",".",""
"252200050","WINNICA","2012","11","30",.7,"","W",0,"9",0,"8","","8",".",""
"252200080","BORKOWO","2012","11","01",3.6,"","W",0,"9",0,"8","","8","PL",""
"252200080","BORKOWO","2012","11","02",1.0,"","W",0,"9",0,"8","","8",".",""
"252200080","BORKOWO","2012","11","03",.3,"","W",0,"9",0,"8","","8",".",""
"252200080","BORKOWO","2012","11","04",6.0,"","W",0,"9",0,"8","","8",".",""
"252200080","BORKOWO","2012","11","05",6.5,"","W",0,"9",0,"8","","8",".",""
"252200080","BORKOWO","2012","11","06",1.0,"","W",0,"9",0,"8","","8",".",""
"252200080","BORKOWO","2012","11","07",.7,"","W",0,"9",0,"8","","8",".",""
"252200080","BORKOWO","2012","11","08",1.2,"","W",0,"9",0,"8","","8",".",""
"252200080","BORKOWO","2012","11","09",.3,"","W",0,"9",0,"8","","8",".",""
"252200080","BORKOWO","2012","11","24",1.0,"","W",0,"9",0,"8","","8",".",""
"252200080","BORKOWO","2012","11","27",8.5,"","W",0,"9",0,"8","","8",".",""
"252200080","BORKOWO","2012","11","28",.5,"","W",0,"9",0,"8","","8",".",""
"252200080","BORKOWO","2012","11","29",2.0,"","W",0,"9",0,"8","","8",".",""
"252200080","BORKOWO","2012","11","30",.5,"","W",0,"9",0,"8","","8",".",""
"252200090","GR”DKOWO","2012","11","01",4.1,"","W",0,"9",0,"8","","8",".",""
"252200090","GR”DKOWO","2012","11","02",1.0,"","W",0,"9",0,"8","","8",".",""
"252200090","GR”DKOWO","2012","11","03",.7,"","W",0,"9",0,"8","","8",".",""
"252200090","GR”DKOWO","2012","11","04",8.3,"","W",0,"9",0,"8","","8",".",""
"252200090","GR”DKOWO","2012","11","05",1.9,"","W",0,"9",0,"8","","8",".",""
"252200090","GR”DKOWO","2012","11","06",3.7,"","W",0,"9",0,"8","","8",".",""
"252200090","GR”DKOWO","2012","11","07",2.3,"","W",0,"9",0,"8","","8",".",""
"252200090","GR”DKOWO","2012","11","08",.8,"","W",0,"9",0,"8","","8",".",""
"252200090","GR”DKOWO","2012","11","09",.0,"","W",0,"9",0,"8","","8",".",""
"252200090","GR”DKOWO","2012","11","24",1.0,"","W",0,"9",0,"8","","8",".",""
"252200090","GR”DKOWO","2012","11","25",.2,"","W",0,"9",0,"8","","8",".",""
"252200090","GR”DKOWO","2012","11","27",5.2,"","W",0,"9",0,"8","","8",".",""
"252200090","GR”DKOWO","2012","11","28",.7,"","W",0,"9",0,"8","","8",".",""
"252200090","GR”DKOWO","2012","11","29",1.0,"","W",0,"9",0,"8","","8",".",""
"252200090","GR”DKOWO","2012","11","30",.6,"","W",0,"9",0,"8","","8",".",""
"252200110","ZAKROCZYM","2012","11","01",3.3,"","W",0,"9",0,"8","","8",".",""
"252200110","ZAKROCZYM","2012","11","02",1.2,"","W",0,"9",0,"8","","8",".",""
"252200110","ZAKROCZYM","2012","11","03",.3,"","W",0,"9",0,"8","","8",".",""
"252200110","ZAKROCZYM","2012","11","04",7.7,"","W",0,"9",0,"8","","8",".",""
"252200110","ZAKROCZYM","2012","11","05",6.0,"","W",0,"9",0,"8","","8",".",""
"252200110","ZAKROCZYM","2012","11","06",2.4,"","W",0,"9",0,"8","","8",".",""
"252200110","ZAKROCZYM","2012","11","07",3.1,"","W",0,"9",0,"8","","8",".",""
"252200110","ZAKROCZYM","2012","11","08",1.2,"","W",0,"9",0,"8","","8",".",""
"252200110","ZAKROCZYM","2012","11","09",.0,"","W",0,"9",0,"8","","8",".",""
"252200110","ZAKROCZYM","2012","11","24",.6,"","W",0,"9",0,"8","","8",".",""
"252200110","ZAKROCZYM","2012","11","27",6.3,"","W",0,"9",0,"8","","8",".",""
"252200110","ZAKROCZYM","2012","11","28",.7,"","W",0,"9",0,"8","","8",".",""
"252200110","ZAKROCZYM","2012","11","29",1.3,"","W",0,"9",0,"8","","8",".",""
"252200110","ZAKROCZYM","2012","11","30",.8,"","W",0,"9",0,"8","","8",".",""
"252200130","I£”W","2012","11","01",4.8,"","W",0,"9",0,"8","","8",".",""
"252200130","I£”W","2012","11","02",.4,"","W",0,"9",0,"8","","8",".",""
"252200130","I£”W","2012","11","03",1.6,"","W",0,"9",0,"8","","8",".",""
"252200130","I£”W","2012","11","04",2.2,"","W",0,"9",0,"8","","8",".",""
"252200130","I£”W","2012","11","05",.2,"","W",0,"9",0,"8","","8",".",""
"252200130","I£”W","2012","11","06",1.1,"","W",0,"9",0,"8","","8",".",""
"252200130","I£”W","2012","11","07",.7,"","W",0,"9",0,"8","","8",".",""
"252200130","I£”W","2012","11","08",.6,"","W",0,"9",0,"8","","8",".",""
"252200130","I£”W","2012","11","09",.4,"","W",0,"9",0,"8","","8",".",""
"252200130","I£”W","2012","11","11",.1,"","W",0,"9",0,"8","","8",".",""
"252200130","I£”W","2012","11","24",.2,"","W",0,"9",0,"8","","8",".",""
"252200130","I£”W","2012","11","27",4.9,"","W",0,"9",0,"8","","8",".",""
"252200130","I£”W","2012","11","28",.3,"","W",0,"9",0,"8","","8",".",""
"252200130","I£”W","2012","11","29",1.4,"","W",0,"9",0,"8","","8",".",""
"252200130","I£”W","2012","11","30",.1,"","W",0,"9",0,"8","","8",".",""
"252200140","FAMU£KI BROCHOWSKIE","2012","11","01",5.7,"","W",0,"9",0,"8","","8",".",""
"252200140","FAMU£KI BROCHOWSKIE","2012","11","02",.9,"","W",0,"9",0,"8","","8",".",""
"252200140","FAMU£KI BROCHOWSKIE","2012","11","03",.3,"","W",0,"9",0,"8","","8",".",""
"252200140","FAMU£KI BROCHOWSKIE","2012","11","04",4.5,"","W",0,"9",0,"8","","8",".",""
"252200140","FAMU£KI BROCHOWSKIE","2012","11","05",3.7,"","W",0,"9",0,"8","","8",".",""
"252200140","FAMU£KI BROCHOWSKIE","2012","11","06",1.7,"","W",0,"9",0,"8","","8",".",""
"252200140","FAMU£KI BROCHOWSKIE","2012","11","07",1.0,"","W",0,"9",0,"8","","8",".",""
"252200140","FAMU£KI BROCHOWSKIE","2012","11","08",1.3,"","W",0,"9",0,"8","","8",".",""
"252200140","FAMU£KI BROCHOWSKIE","2012","11","09",.0,"","W",0,"9",0,"8","","8",".",""
"252200140","FAMU£KI BROCHOWSKIE","2012","11","24",.2,"","W",0,"9",0,"8","","8",".",""
"252200140","FAMU£KI BROCHOWSKIE","2012","11","27",6.3,"","W",0,"9",0,"8","","8",".",""
"252200140","FAMU£KI BROCHOWSKIE","2012","11","28",1.2,"","W",0,"9",0,"8","","8",".",""
"252200140","FAMU£KI BROCHOWSKIE","2012","11","29",.8,"","W",0,"9",0,"8","","8",".",""
"252200140","FAMU£KI BROCHOWSKIE","2012","11","30",1.2,"","W",0,"9",0,"8","","8",".",""
"252200160","ZIELONKI","2012","11","01",3.9,"","W",0,"9",0,"8","","8",".",""
"252200160","ZIELONKI","2012","11","02",1.2,"","W",0,"9",0,"8","","8",".",""
"252200160","ZIELONKI","2012","11","03",.1,"","W",0,"9",0,"8","","8",".",""
"252200160","ZIELONKI","2012","11","04",7.1,"","W",0,"9",0,"8","","8",".",""
"252200160","ZIELONKI","2012","11","05",7.7,"","W",0,"9",0,"8","","8",".",""
"252200160","ZIELONKI","2012","11","06",1.0,"","W",0,"9",0,"8","","8",".",""
"252200160","ZIELONKI","2012","11","07",2.3,"","W",0,"9",0,"8","","8",".",""
"252200160","ZIELONKI","2012","11","08",.9,"","W",0,"9",0,"8","","8",".",""
"252200160","ZIELONKI","2012","11","09",.2,"","W",0,"9",0,"8","","8",".",""
"252200160","ZIELONKI","2012","11","20",.0,"","W",0,"9",0,"8","","8",".",""
"252200160","ZIELONKI","2012","11","24",.5,"","W",0,"9",0,"8","","8",".",""
"252200160","ZIELONKI","2012","11","27",5.2,"","W",0,"9",0,"8","","8",".",""
"252200160","ZIELONKI","2012","11","28",.4,"","W",0,"9",0,"8","","8",".",""
"252200160","ZIELONKI","2012","11","29",2.4,"","W",0,"9",0,"8","","8",".",""
"252200160","ZIELONKI","2012","11","30",2.6,"","W",0,"9",0,"8","","8",".",""
"252200170","SOCHACZEW","2012","11","01",.0,"8","",0,"9",0,"8","","8","",""
"252200170","SOCHACZEW","2012","11","02",.0,"8","",0,"9",0,"8","","8","",""
"252200170","SOCHACZEW","2012","11","03",.0,"8","",0,"9",0,"8","","8","",""
"252200170","SOCHACZEW","2012","11","04",.0,"8","",0,"9",0,"8","","8","",""
"252200170","SOCHACZEW","2012","11","05",.0,"8","",0,"9",0,"8","","8","",""
"252200170","SOCHACZEW","2012","11","06",.0,"8","",0,"9",0,"8","","8","",""
"252200170","SOCHACZEW","2012","11","07",.0,"8","",0,"9",0,"8","","8","",""
"252200170","SOCHACZEW","2012","11","08",.0,"8","",0,"9",0,"8","","8","",""
"252200170","SOCHACZEW","2012","11","09",.0,"8","",0,"9",0,"8","","8","",""
"252200170","SOCHACZEW","2012","11","10",.0,"8","",0,"9",0,"8","","8","",""
"252200170","SOCHACZEW","2012","11","11",.0,"8","",0,"9",0,"8","","8","",""
"252200170","SOCHACZEW","2012","11","12",.0,"8","",0,"9",0,"8","","8","",""
"252200170","SOCHACZEW","2012","11","13",.0,"8","",0,"9",0,"8","","8","",""
"252200170","SOCHACZEW","2012","11","14",.0,"8","",0,"9",0,"8","","8","",""
"252200170","SOCHACZEW","2012","11","15",.0,"8","",0,"9",0,"8","","8","",""
"252200170","SOCHACZEW","2012","11","16",.0,"8","",0,"9",0,"8","","8","",""
"252200170","SOCHACZEW","2012","11","17",.0,"8","",0,"9",0,"8","","8","",""
"252200170","SOCHACZEW","2012","11","18",.0,"8","",0,"9",0,"8","","8","",""
"252200170","SOCHACZEW","2012","11","19",.0,"8","",0,"9",0,"8","","8","",""
"252200170","SOCHACZEW","2012","11","20",.0,"8","",0,"9",0,"8","","8","",""
"252200170","SOCHACZEW","2012","11","21",.0,"8","",0,"9",0,"8","","8","",""
"252200170","SOCHACZEW","2012","11","22",.0,"8","",0,"9",0,"8","","8","",""
"252200170","SOCHACZEW","2012","11","23",.0,"8","",0,"9",0,"8","","8","",""
"252200170","SOCHACZEW","2012","11","24",.0,"8","",0,"9",0,"8","","8","",""
"252200170","SOCHACZEW","2012","11","25",.0,"8","",0,"9",0,"8","","8","",""
"252200170","SOCHACZEW","2012","11","26",.0,"8","",0,"9",0,"8","","8","",""
"252200170","SOCHACZEW","2012","11","27",.0,"8","",0,"9",0,"8","","8","",""
"252200170","SOCHACZEW","2012","11","28",.0,"8","",0,"9",0,"8","","8","",""
"252200170","SOCHACZEW","2012","11","29",.0,"8","",0,"9",0,"8","","8","",""
"252200170","SOCHACZEW","2012","11","30",.0,"8","",0,"9",0,"8","","8","",""
"252200180","KAW CZYN","2012","11","01",3.2,"","W",0,"9",0,"8","","8",".",""
"252200180","KAW CZYN","2012","11","02",.7,"","W",0,"9",0,"8","","8",".",""
"252200180","KAW CZYN","2012","11","04",7.4,"","W",0,"9",0,"8","","8",".",""
"252200180","KAW CZYN","2012","11","05",6.0,"","W",0,"9",0,"8","","8",".",""
"252200180","KAW CZYN","2012","11","06",1.6,"","W",0,"9",0,"8","","8",".",""
"252200180","KAW CZYN","2012","11","07",1.2,"","W",0,"9",0,"8","","8",".",""
"252200180","KAW CZYN","2012","11","08",1.4,"","W",0,"9",0,"8","","8",".",""
"252200180","KAW CZYN","2012","11","24",.1,"","W",0,"9",0,"8","","8",".",""
"252200180","KAW CZYN","2012","11","27",6.3,"","W",0,"9",0,"8","","8",".",""
"252200180","KAW CZYN","2012","11","28",.3,"","W",0,"9",0,"8","","8",".",""
"252200180","KAW CZYN","2012","11","29",.9,"","W",0,"9",0,"8","","8",".",""
"252200180","KAW CZYN","2012","11","30",2.2,"","W",0,"9",0,"8","","8",".",""
"252200210","PRUSZK”W","2012","11","01",2.5,"","W",0,"",0,"","","","",""
"252200210","PRUSZK”W","2012","11","02",1.0,"","W",0,"",0,"","","","",""
"252200210","PRUSZK”W","2012","11","04",6.6,"","W",0,"",0,"","","","",""
"252200210","PRUSZK”W","2012","11","05",8.0,"","W",0,"",0,"","","","",""
"252200210","PRUSZK”W","2012","11","06",2.5,"","W",0,"",0,"","","","",""
"252200210","PRUSZK”W","2012","11","07",.8,"","W",0,"",0,"","","","",""
"252200210","PRUSZK”W","2012","11","08",.1,"","W",0,"",0,"","","","",""
"252200210","PRUSZK”W","2012","11","09",.5,"","W",0,"",0,"","","","",""
"252200210","PRUSZK”W","2012","11","24",.1,"","W",0,"",0,"","","","",""
"252200210","PRUSZK”W","2012","11","25",.2,"","W",0,"",0,"","","","",""
"252200210","PRUSZK”W","2012","11","27",3.6,"","W",0,"",0,"","","","",""
"252200210","PRUSZK”W","2012","11","28",.1,"","W",0,"",0,"","","","",""
"252200210","PRUSZK”W","2012","11","29",.3,"","W",0,"",0,"","","","",""
"252200210","PRUSZK”W","2012","11","30",2.3,"","W",0,"",0,"","","","",""
"252200220","WARSZAWA-CZAJKA","2012","11","01",3.1,"","W",0,"9",0,"8","","8",".",""
"252200220","WARSZAWA-CZAJKA","2012","11","02",2.2,"","W",0,"9",0,"8","","8",".",""
"252200220","WARSZAWA-CZAJKA","2012","11","03",.1,"","W",0,"9",0,"8","","8",".",""
"252200220","WARSZAWA-CZAJKA","2012","11","04",9.0,"","W",0,"9",0,"8","","8",".",""
"252200220","WARSZAWA-CZAJKA","2012","11","05",7.9,"","W",0,"9",0,"8","","8",".",""
"252200220","WARSZAWA-CZAJKA","2012","11","06",2.4,"","W",0,"9",0,"8","","8",".",""
"252200220","WARSZAWA-CZAJKA","2012","11","07",2.3,"","W",0,"9",0,"8","","8",".",""
"252200220","WARSZAWA-CZAJKA","2012","11","08",.4,"","W",0,"9",0,"8","","8",".",""
"252200220","WARSZAWA-CZAJKA","2012","11","09",.1,"","W",0,"9",0,"8","","8",".",""
"252200220","WARSZAWA-CZAJKA","2012","11","24",.5,"","W",0,"9",0,"8","","8",".",""
"252200220","WARSZAWA-CZAJKA","2012","11","27",5.5,"","W",0,"9",0,"8","","8",".",""
"252200220","WARSZAWA-CZAJKA","2012","11","28",.3,"","W",0,"9",0,"8","","8",".",""
"252200220","WARSZAWA-CZAJKA","2012","11","29",2.1,"","W",0,"9",0,"8","","8",".",""
"252200220","WARSZAWA-CZAJKA","2012","11","30",1.5,"","W",0,"9",0,"8","","8",".",""
"252200250","CZARN”W-TOWARZYSTWO","2012","11","01",2.1,"","W",0,"9",0,"8","","8",".",""
"252200250","CZARN”W-TOWARZYSTWO","2012","11","02",.6,"","W",0,"9",0,"8","","8",".",""
"252200250","CZARN”W-TOWARZYSTWO","2012","11","04",9.0,"","W",0,"9",0,"8","","8",".",""
"252200250","CZARN”W-TOWARZYSTWO","2012","11","05",6.9,"","W",0,"9",0,"8","","8",".",""
"252200250","CZARN”W-TOWARZYSTWO","2012","11","06",1.6,"","W",0,"9",0,"8","","8",".",""
"252200250","CZARN”W-TOWARZYSTWO","2012","11","07",1.1,"","W",0,"9",0,"8","","8",".",""
"252200250","CZARN”W-TOWARZYSTWO","2012","11","08",1.3,"","W",0,"9",0,"8","","8",".",""
"252200250","CZARN”W-TOWARZYSTWO","2012","11","22",.0,"","W",0,"9",0,"8","","8",".",""
"252200250","CZARN”W-TOWARZYSTWO","2012","11","24",.6,"","W",0,"9",0,"8","","8",".",""
"252200250","CZARN”W-TOWARZYSTWO","2012","11","27",5.6,"","W",0,"9",0,"8","","8",".",""
"252200250","CZARN”W-TOWARZYSTWO","2012","11","28",1.3,"","W",0,"9",0,"8","","8",".",""
"252200250","CZARN”W-TOWARZYSTWO","2012","11","29",1.2,"","W",0,"9",0,"8","","8",".",""
"252200250","CZARN”W-TOWARZYSTWO","2012","11","30",2.1,"","W",0,"9",0,"8","","8",".",""
"252210010","GUTY DUØE","2012","11","01",5.5,"","W",2,"",0,"9","6","","*",""
"252210010","GUTY DUØE","2012","11","02",1.6,"","W",0,"9",0,"9","","9",".",""
"252210010","GUTY DUØE","2012","11","04",8.4,"","W",0,"9",0,"9","","9",".",""
"252210010","GUTY DUØE","2012","11","05",9.0,"","W",0,"9",0,"9","","9",".",""
"252210010","GUTY DUØE","2012","11","06",.3,"","W",0,"9",0,"9","","9",".",""
"252210010","GUTY DUØE","2012","11","07",.5,"","W",0,"9",0,"9","","9",".",""
"252210010","GUTY DUØE","2012","11","08",2.0,"","W",0,"9",0,"9","","9",".",""
"252210010","GUTY DUØE","2012","11","24",2.5,"","W",0,"9",0,"9","","9",".",""
"252210010","GUTY DUØE","2012","11","25",.4,"","W",0,"9",0,"9","","9",".",""
"252210010","GUTY DUØE","2012","11","27",9.5,"","W",0,"9",0,"9","","9",".",""
"252210010","GUTY DUØE","2012","11","28",.7,"","W",0,"9",0,"9","","9",".",""
"252210010","GUTY DUØE","2012","11","29",1.7,"","W",0,"9",0,"9","","9",".",""
"252210010","GUTY DUØE","2012","11","30",.6,"","W",0,"9",0,"9","","9",".",""
"252210030","W•SEWO","2012","11","01",3.0,"","W",0,"",0,"9","5","","SL",""
"252210030","W•SEWO","2012","11","02",1.2,"","W",0,"9",0,"9","","9",".",""
"252210030","W•SEWO","2012","11","03",.7,"","W",0,"9",0,"9","","9",".",""
"252210030","W•SEWO","2012","11","04",8.0,"","W",0,"9",0,"9","","9",".",""
"252210030","W•SEWO","2012","11","05",11.2,"","W",0,"9",0,"9","","9",".",""
"252210030","W•SEWO","2012","11","06",.9,"","W",0,"9",0,"9","","9",".",""
"252210030","W•SEWO","2012","11","07",1.0,"","W",0,"9",0,"9","","9",".",""
"252210030","W•SEWO","2012","11","08",1.7,"","W",0,"9",0,"9","","9",".",""
"252210030","W•SEWO","2012","11","09",.2,"","W",0,"9",0,"9","","9",".",""
"252210030","W•SEWO","2012","11","20",.2,"","W",0,"9",0,"9","","9",".",""
"252210030","W•SEWO","2012","11","24",3.5,"","W",0,"9",0,"9","","9",".",""
"252210030","W•SEWO","2012","11","25",.5,"","W",0,"9",0,"9","","9",".",""
"252210030","W•SEWO","2012","11","27",7.5,"","W",0,"9",0,"9","","9",".",""
"252210030","W•SEWO","2012","11","28",1.8,"","W",0,"9",0,"9","","9",".",""
"252210030","W•SEWO","2012","11","29",2.7,"","W",0,"9",0,"9","","9",".",""
"252210060","SADOWNE","2012","11","01",.3,"","W",0,"9",0,"8","","8","PL",""
"252210060","SADOWNE","2012","11","02",.5,"","W",0,"9",0,"8","","8",".",""
"252210060","SADOWNE","2012","11","04",7.0,"","W",0,"9",0,"8","","8",".",""
"252210060","SADOWNE","2012","11","05",11.6,"","W",0,"9",0,"8","","8",".",""
"252210060","SADOWNE","2012","11","06",.4,"","W",0,"9",0,"8","","8",".",""
"252210060","SADOWNE","2012","11","07",3.6,"","W",0,"9",0,"8","","8",".",""
"252210060","SADOWNE","2012","11","11",.5,"","W",0,"9",0,"8","","8",".",""
"252210060","SADOWNE","2012","11","24",2.1,"","W",0,"9",0,"8","","8",".",""
"252210060","SADOWNE","2012","11","25",.2,"","W",0,"9",0,"8","","8",".",""
"252210060","SADOWNE","2012","11","27",3.0,"","W",0,"9",0,"8","","8",".",""
"252210060","SADOWNE","2012","11","29",1.0,"","W",0,"9",0,"8","","8",".",""
"252210060","SADOWNE","2012","11","30",.1,"","W",0,"9",0,"8","","8",".",""
"252210070","ZATORY","2012","11","01",3.8,"","W",0,"9",0,"8","","8",".",""
"252210070","ZATORY","2012","11","02",1.3,"","W",0,"9",0,"8","","8",".",""
"252210070","ZATORY","2012","11","04",6.2,"","W",0,"9",0,"8","","8",".",""
"252210070","ZATORY","2012","11","05",10.0,"","W",0,"9",0,"8","","8",".",""
"252210070","ZATORY","2012","11","06",.4,"","W",0,"9",0,"8","","8",".",""
"252210070","ZATORY","2012","11","07",.9,"","W",0,"9",0,"8","","8",".",""
"252210070","ZATORY","2012","11","08",.3,"","W",0,"9",0,"8","","8",".",""
"252210070","ZATORY","2012","11","24",1.6,"","W",0,"9",0,"8","","8",".",""
"252210070","ZATORY","2012","11","27",9.5,"","W",0,"9",0,"8","","8",".",""
"252210070","ZATORY","2012","11","28",.4,"","W",0,"9",0,"8","","8",".",""
"252210070","ZATORY","2012","11","29",1.4,"","W",0,"9",0,"8","","8",".",""
"252210070","ZATORY","2012","11","30",.6,"","W",0,"9",0,"8","","8",".",""
"252210080","WYSZK”W","2012","11","01",1.6,"","W",0,"9",0,"8","","8","PL",""
"252210080","WYSZK”W","2012","11","02",1.4,"","W",0,"9",0,"8","","8",".",""
"252210080","WYSZK”W","2012","11","04",8.5,"","W",0,"9",0,"8","","8",".",""
"252210080","WYSZK”W","2012","11","05",9.6,"","W",0,"9",0,"8","","8",".",""
"252210080","WYSZK”W","2012","11","06",.1,"","W",0,"9",0,"8","","8",".",""
"252210080","WYSZK”W","2012","11","07",1.2,"","W",0,"9",0,"8","","8",".",""
"252210080","WYSZK”W","2012","11","08",.5,"","W",0,"9",0,"8","","8",".",""
"252210080","WYSZK”W","2012","11","24",1.3,"","W",0,"9",0,"8","","8",".",""
"252210080","WYSZK”W","2012","11","27",7.0,"","W",0,"9",0,"8","","8",".",""
"252210080","WYSZK”W","2012","11","29",1.9,"","W",0,"9",0,"8","","8",".",""
"252210080","WYSZK”W","2012","11","30",.2,"","W",0,"9",0,"8","","8",".",""
"252210090","NIEG”W","2012","11","01",2.1,"","W",0,"9",0,"8","","8",".",""
"252210090","NIEG”W","2012","11","02",1.4,"","W",0,"9",0,"8","","8",".",""
"252210090","NIEG”W","2012","11","03",.0,"","W",0,"9",0,"8","","8",".",""
"252210090","NIEG”W","2012","11","04",9.2,"","W",0,"9",0,"8","","8",".",""
"252210090","NIEG”W","2012","11","05",7.4,"","W",0,"9",0,"8","","8",".",""
"252210090","NIEG”W","2012","11","06",1.0,"","W",0,"9",0,"8","","8",".",""
"252210090","NIEG”W","2012","11","07",1.2,"","W",0,"9",0,"8","","8",".",""
"252210090","NIEG”W","2012","11","08",.5,"","W",0,"9",0,"8","","8",".",""
"252210090","NIEG”W","2012","11","24",.8,"","W",0,"9",0,"8","","8",".",""
"252210090","NIEG”W","2012","11","27",6.0,"","W",0,"9",0,"8","","8",".",""
"252210090","NIEG”W","2012","11","28",.1,"","W",0,"9",0,"8","","8",".",""
"252210090","NIEG”W","2012","11","29",2.5,"","W",0,"9",0,"8","","8",".",""
"252210090","NIEG”W","2012","11","30",.6,"","W",0,"9",0,"8","","8",".",""
"252210110","LASKI","2012","11","01",.4,"","W",0,"9",0,"8","","8",".",""
"252210110","LASKI","2012","11","02",1.2,"","W",0,"9",0,"8","","8",".",""
"252210110","LASKI","2012","11","04",6.6,"","W",0,"9",0,"8","","8",".",""
"252210110","LASKI","2012","11","05",10.3,"","W",0,"9",0,"8","","8",".",""
"252210110","LASKI","2012","11","06",.8,"","W",0,"9",0,"8","","8",".",""
"252210110","LASKI","2012","11","07",.8,"","W",0,"9",0,"8","","8",".",""
"252210110","LASKI","2012","11","08",.6,"","W",0,"9",0,"8","","8",".",""
"252210110","LASKI","2012","11","09",.2,"","W",0,"9",0,"8","","8",".",""
"252210110","LASKI","2012","11","24",1.2,"","W",0,"9",0,"8","","8",".",""
"252210110","LASKI","2012","11","27",5.8,"","W",0,"9",0,"8","","8",".",""
"252210110","LASKI","2012","11","29",1.8,"","W",0,"9",0,"8","","8",".",""
"252210110","LASKI","2012","11","30",.2,"","W",0,"9",0,"8","","8",".",""
"252210120","WO£OMIN","2012","11","01",2.1,"","W",0,"9",0,"8","","8",".",""
"252210120","WO£OMIN","2012","11","02",1.5,"","W",0,"9",0,"8","","8",".",""
"252210120","WO£OMIN","2012","11","04",7.4,"","W",0,"9",0,"8","","8",".",""
"252210120","WO£OMIN","2012","11","05",9.8,"","W",0,"9",0,"8","","8",".",""
"252210120","WO£OMIN","2012","11","06",2.8,"","W",0,"9",0,"8","","8",".",""
"252210120","WO£OMIN","2012","11","07",2.2,"","W",0,"9",0,"8","","8",".",""
"252210120","WO£OMIN","2012","11","08",2.1,"","W",0,"9",0,"8","","8",".",""
"252210120","WO£OMIN","2012","11","19",.0,"","W",0,"9",0,"8","","8",".",""
"252210120","WO£OMIN","2012","11","21",.1,"","W",0,"9",0,"8","","8",".",""
"252210120","WO£OMIN","2012","11","22",.1,"","W",0,"9",0,"8","","8",".",""
"252210120","WO£OMIN","2012","11","24",1.0,"","W",0,"9",0,"8","","8",".",""
"252210120","WO£OMIN","2012","11","27",5.3,"","W",0,"9",0,"8","","8",".",""
"252210120","WO£OMIN","2012","11","28",.6,"","W",0,"9",0,"8","","8",".",""
"252210120","WO£OMIN","2012","11","29",2.9,"","W",0,"9",0,"8","","8",".",""
"252210120","WO£OMIN","2012","11","30",2.2,"","W",0,"9",0,"8","","8",".",""
"252210130","SO£KI","2012","11","01",.9,"","W",0,"9",0,"8","","8",".",""
"252210130","SO£KI","2012","11","02",1.1,"","W",0,"9",0,"8","","8",".",""
"252210130","SO£KI","2012","11","04",4.7,"","W",0,"9",0,"8","","8",".",""
"252210130","SO£KI","2012","11","05",8.6,"","W",0,"9",0,"8","","8",".",""
"252210130","SO£KI","2012","11","06",1.1,"","W",0,"9",0,"8","","8",".",""
"252210130","SO£KI","2012","11","07",.5,"","W",0,"9",0,"8","","8",".",""
"252210130","SO£KI","2012","11","08",.5,"","W",0,"9",0,"8","","8",".",""
"252210130","SO£KI","2012","11","09",.3,"","W",0,"9",0,"8","","8",".",""
"252210130","SO£KI","2012","11","24",.7,"","W",0,"9",0,"8","","8",".",""
"252210130","SO£KI","2012","11","27",2.9,"","W",0,"9",0,"8","","8",".",""
"252210130","SO£KI","2012","11","28",.6,"","W",0,"9",0,"8","","8",".",""
"252210130","SO£KI","2012","11","29",.5,"","W",0,"9",0,"8","","8",".",""
"252210130","SO£KI","2012","11","30",1.6,"","W",0,"9",0,"8","","8",".",""
"252210140","STANIS£AW”W","2012","11","01",1.4,"","W",0,"9",0,"8","","8","PL",""
"252210140","STANIS£AW”W","2012","11","02",1.5,"","W",0,"9",0,"8","","8",".",""
"252210140","STANIS£AW”W","2012","11","04",5.5,"","W",0,"9",0,"8","","8",".",""
"252210140","STANIS£AW”W","2012","11","05",8.6,"","W",0,"9",0,"8","","8",".",""
"252210140","STANIS£AW”W","2012","11","06",1.1,"","W",0,"9",0,"8","","8",".",""
"252210140","STANIS£AW”W","2012","11","07",1.3,"","W",0,"9",0,"8","","8",".",""
"252210140","STANIS£AW”W","2012","11","08",.7,"","W",0,"9",0,"8","","8",".",""
"252210140","STANIS£AW”W","2012","11","09",.1,"","W",0,"9",0,"8","","8",".",""
"252210140","STANIS£AW”W","2012","11","24",.6,"","W",0,"9",0,"8","","8",".",""
"252210140","STANIS£AW”W","2012","11","25",.8,"","W",0,"9",0,"8","","8",".",""
"252210140","STANIS£AW”W","2012","11","27",3.4,"","W",0,"9",0,"8","","8",".",""
"252210140","STANIS£AW”W","2012","11","28",.0,"","W",0,"9",0,"8","","8",".",""
"252210140","STANIS£AW”W","2012","11","29",1.5,"","W",0,"9",0,"8","","8",".",""
"252210140","STANIS£AW”W","2012","11","30",3.3,"","W",0,"9",0,"8","","8",".",""
"252210180","SINO£ KA","2012","11","01",1.5,"","W",0,"9",0,"8","","8","PL",""
"252210180","SINO£ KA","2012","11","02",2.0,"","W",0,"9",0,"8","","8",".",""
"252210180","SINO£ KA","2012","11","04",5.3,"","W",0,"9",0,"8","","8",".",""
"252210180","SINO£ KA","2012","11","05",8.5,"","W",0,"9",0,"8","","8",".",""
"252210180","SINO£ KA","2012","11","06",1.4,"","W",0,"9",0,"8","","8",".",""
"252210180","SINO£ KA","2012","11","07",1.4,"","W",0,"9",0,"8","","8",".",""
"252210180","SINO£ KA","2012","11","08",.5,"","W",0,"9",0,"8","","8",".",""
"252210180","SINO£ KA","2012","11","09",.4,"","W",0,"9",0,"8","","8",".",""
"252210180","SINO£ KA","2012","11","23",.6,"","W",0,"9",0,"8","","8",".",""
"252210180","SINO£ KA","2012","11","24",.0,"","W",0,"9",0,"8","","8",".",""
"252210180","SINO£ KA","2012","11","25",.4,"","W",0,"9",0,"8","","8",".",""
"252210180","SINO£ KA","2012","11","27",1.9,"","W",0,"9",0,"8","","8",".",""
"252210180","SINO£ KA","2012","11","29",2.5,"","W",0,"9",0,"8","","8",".",""
"252210180","SINO£ KA","2012","11","30",1.4,"","W",0,"9",0,"8","","8",".",""
"252210190","D BE WIELKIE","2012","11","01",4.7,"","W",0,"9",0,"8","","8",".",""
"252210190","D BE WIELKIE","2012","11","02",2.4,"","W",0,"9",0,"8","","8",".",""
"252210190","D BE WIELKIE","2012","11","04",6.7,"","W",0,"9",0,"8","","8",".",""
"252210190","D BE WIELKIE","2012","11","05",10.3,"","W",0,"9",0,"8","","8",".",""
"252210190","D BE WIELKIE","2012","11","06",2.2,"","W",0,"9",0,"8","","8",".",""
"252210190","D BE WIELKIE","2012","11","07",2.9,"","W",0,"9",0,"8","","8",".",""
"252210190","D BE WIELKIE","2012","11","08",.7,"","W",0,"9",0,"8","","8",".",""
"252210190","D BE WIELKIE","2012","11","09",.2,"","W",0,"9",0,"8","","8",".",""
"252210190","D BE WIELKIE","2012","11","24",.5,"","W",0,"9",0,"8","","8",".",""
"252210190","D BE WIELKIE","2012","11","25",.2,"","W",0,"9",0,"8","","8",".",""
"252210190","D BE WIELKIE","2012","11","26",.1,"","W",0,"9",0,"8","","8",".",""
"252210190","D BE WIELKIE","2012","11","27",2.2,"","W",0,"9",0,"8","","8",".",""
"252210190","D BE WIELKIE","2012","11","28",.1,"","W",0,"9",0,"8","","8",".",""
"252210190","D BE WIELKIE","2012","11","29",1.7,"","W",0,"9",0,"8","","8",".",""
"252210190","D BE WIELKIE","2012","11","30",3.2,"","W",0,"9",0,"8","","8",".",""
"252210210","åWIDER","2012","11","01",3.0,"","W",3,"",0,"9","5","","*PRZ",""
"252210210","åWIDER","2012","11","02",1.8,"","W",0,"9",0,"9","","9",".",""
"252210210","åWIDER","2012","11","03",.0,"","W",0,"9",0,"9","","9",".",""
"252210210","åWIDER","2012","11","04",8.2,"","W",0,"9",0,"9","","9",".",""
"252210210","åWIDER","2012","11","05",6.9,"","W",0,"9",0,"9","","9",".",""
"252210210","åWIDER","2012","11","06",1.0,"","W",0,"9",0,"9","","9",".",""
"252210210","åWIDER","2012","11","07",1.0,"","W",0,"9",0,"9","","9",".",""
"252210210","åWIDER","2012","11","08",1.0,"","W",0,"9",0,"9","","9",".",""
"252210210","åWIDER","2012","11","09",.1,"","W",0,"9",0,"9","","9",".",""
"252210210","åWIDER","2012","11","12",.1,"","W",0,"9",0,"9","","9",".",""
"252210210","åWIDER","2012","11","13",.1,"","W",0,"9",0,"9","","9",".",""
"252210210","åWIDER","2012","11","24",.2,"","W",0,"9",0,"9","","9",".",""
"252210210","åWIDER","2012","11","25",.1,"","W",0,"9",0,"9","","9",".",""
"252210210","åWIDER","2012","11","27",1.4,"","W",0,"9",0,"9","","9",".",""
"252210210","åWIDER","2012","11","28",.1,"","W",0,"9",0,"9","","9",".",""
"252210210","åWIDER","2012","11","29",1.1,"","W",0,"9",0,"9","","9",".",""
"252210210","åWIDER","2012","11","30",2.0,"","W",0,"9",0,"9","","9",".",""
"252210220","SIENNICA","2012","11","01",2.4,"","W",0,"9",0,"8","","8",".",""
"252210220","SIENNICA","2012","11","02",1.0,"","W",0,"9",0,"8","","8",".",""
"252210220","SIENNICA","2012","11","04",4.1,"","W",0,"9",0,"8","","8",".",""
"252210220","SIENNICA","2012","11","05",10.2,"","W",0,"9",0,"8","","8",".",""
"252210220","SIENNICA","2012","11","06",2.1,"","W",0,"9",0,"8","","8",".",""
"252210220","SIENNICA","2012","11","07",2.5,"","W",0,"9",0,"8","","8",".",""
"252210220","SIENNICA","2012","11","08",.8,"","W",0,"9",0,"8","","8",".",""
"252210220","SIENNICA","2012","11","24",.4,"","W",0,"9",0,"8","","8",".",""
"252210220","SIENNICA","2012","11","27",.6,"","W",0,"9",0,"8","","8",".",""
"252210220","SIENNICA","2012","11","28",.0,"","W",0,"9",0,"8","","8",".",""
"252210220","SIENNICA","2012","11","29",1.6,"","W",0,"9",0,"8","","8",".",""
"252210220","SIENNICA","2012","11","30",2.0,"","W",0,"9",0,"8","","8",".",""
"252210230","CELESTYN”W","2012","11","01",2.8,"","W",8,"",0,"8","","8","*PRZ",""
"252210230","CELESTYN”W","2012","11","02",1.5,"","W",0,"9",0,"8","","8","PL",""
"252210230","CELESTYN”W","2012","11","04",2.0,"","W",0,"9",0,"8","","8",".",""
"252210230","CELESTYN”W","2012","11","05",11.5,"","W",0,"9",0,"8","","8",".",""
"252210230","CELESTYN”W","2012","11","06",1.6,"","W",0,"9",0,"8","","8",".",""
"252210230","CELESTYN”W","2012","11","07",.7,"","W",0,"9",0,"8","","8",".",""
"252210230","CELESTYN”W","2012","11","08",1.0,"","W",0,"9",0,"8","","8",".",""
"252210230","CELESTYN”W","2012","11","24",1.4,"","W",0,"9",0,"8","","8",".",""
"252210230","CELESTYN”W","2012","11","27",.9,"","W",0,"9",0,"8","","8",".",""
"252210230","CELESTYN”W","2012","11","28",.1,"","W",0,"9",0,"8","","8",".",""
"252210230","CELESTYN”W","2012","11","29",1.6,"","W",0,"9",0,"8","","8",".",""
"252210230","CELESTYN”W","2012","11","30",2.8,"","W",0,"9",0,"8","","8",".",""
"252210240","WIELGOLAS","2012","11","01",2.2,"","W",0,"9",0,"8","","8",".",""
"252210240","WIELGOLAS","2012","11","02",1.2,"","W",0,"9",0,"8","","8",".",""
"252210240","WIELGOLAS","2012","11","04",4.6,"","W",0,"9",0,"8","","8",".",""
"252210240","WIELGOLAS","2012","11","05",9.1,"","W",0,"9",0,"8","","8",".",""
"252210240","WIELGOLAS","2012","11","06",1.4,"","W",0,"9",0,"8","","8",".",""
"252210240","WIELGOLAS","2012","11","07",1.2,"","W",0,"9",0,"8","","8",".",""
"252210240","WIELGOLAS","2012","11","08",.1,"","W",0,"9",0,"8","","8",".",""
"252210240","WIELGOLAS","2012","11","15",.1,"","W",0,"9",0,"8","","8",".",""
"252210240","WIELGOLAS","2012","11","16",.1,"","W",0,"9",0,"8","","8",".",""
"252210240","WIELGOLAS","2012","11","24",.1,"","W",0,"9",0,"8","","8",".",""
"252210240","WIELGOLAS","2012","11","25",.1,"","W",0,"9",0,"8","","8",".",""
"252210240","WIELGOLAS","2012","11","27",.7,"","W",0,"9",0,"8","","8",".",""
"252210240","WIELGOLAS","2012","11","28",.1,"","W",0,"9",0,"8","","8",".",""
"252210240","WIELGOLAS","2012","11","29",3.1,"","W",0,"9",0,"8","","8",".",""
"252210240","WIELGOLAS","2012","11","30",2.2,"","W",0,"9",0,"8","","8",".",""
"252210250","SEROCZYN","2012","11","01",2.3,"","W",0,"9",0,"8","","8",".",""
"252210250","SEROCZYN","2012","11","02",1.6,"","W",0,"9",0,"8","","8",".",""
"252210250","SEROCZYN","2012","11","04",6.7,"","W",0,"9",0,"8","","8",".",""
"252210250","SEROCZYN","2012","11","05",5.4,"","W",0,"9",0,"8","","8",".",""
"252210250","SEROCZYN","2012","11","06",3.8,"","W",0,"9",0,"8","","8",".",""
"252210250","SEROCZYN","2012","11","07",.1,"","W",0,"9",0,"8","","8",".",""
"252210250","SEROCZYN","2012","11","08",.1,"","W",0,"9",0,"8","","8",".",""
"252210250","SEROCZYN","2012","11","24",.5,"","W",0,"9",0,"8","","8",".",""
"252210250","SEROCZYN","2012","11","25",.2,"","W",0,"9",0,"8","","8",".",""
"252210250","SEROCZYN","2012","11","27",.1,"","W",0,"9",0,"8","","8",".",""
"252210250","SEROCZYN","2012","11","28",.0,"","W",0,"9",0,"8","","8",".",""
"252210250","SEROCZYN","2012","11","29",2.0,"","W",0,"9",0,"8","","8",".",""
"252210250","SEROCZYN","2012","11","30",1.8,"","W",0,"9",0,"8","","8",".",""
"252210270","WARSZAWA-CZERNIAKOWSKA","2012","11","01",3.4,"","W",0,"9",0,"8","","8",".",""
"252210270","WARSZAWA-CZERNIAKOWSKA","2012","11","02",1.3,"","W",0,"9",0,"8","","8",".",""
"252210270","WARSZAWA-CZERNIAKOWSKA","2012","11","03",.1,"","W",0,"9",0,"8","","8",".",""
"252210270","WARSZAWA-CZERNIAKOWSKA","2012","11","04",10.0,"","W",0,"9",0,"8","","8",".",""
"252210270","WARSZAWA-CZERNIAKOWSKA","2012","11","05",3.9,"","W",0,"9",0,"8","","8",".",""
"252210270","WARSZAWA-CZERNIAKOWSKA","2012","11","06",2.0,"","W",0,"9",0,"8","","8",".",""
"252210270","WARSZAWA-CZERNIAKOWSKA","2012","11","07",1.3,"","W",0,"9",0,"8","","8",".",""
"252210270","WARSZAWA-CZERNIAKOWSKA","2012","11","08",1.4,"","W",0,"9",0,"8","","8",".",""
"252210270","WARSZAWA-CZERNIAKOWSKA","2012","11","09",.1,"","W",0,"9",0,"8","","8",".",""
"252210270","WARSZAWA-CZERNIAKOWSKA","2012","11","25",.3,"","W",0,"9",0,"8","","8",".",""
"252210270","WARSZAWA-CZERNIAKOWSKA","2012","11","27",3.3,"","W",0,"9",0,"8","","8",".",""
"252210270","WARSZAWA-CZERNIAKOWSKA","2012","11","28",.2,"","W",0,"9",0,"8","","8",".",""
"252210270","WARSZAWA-CZERNIAKOWSKA","2012","11","29",2.7,"","W",0,"9",0,"8","","8",".",""
"252210270","WARSZAWA-CZERNIAKOWSKA","2012","11","30",2.1,"","W",0,"9",0,"8","","8",".",""
"252220010","WIERZBOWO","2012","11","01",2.3,"","W",0,"",0,"9","5","","SL",""
"252220010","WIERZBOWO","2012","11","02",2.1,"","W",0,"9",0,"9","","9",".",""
"252220010","WIERZBOWO","2012","11","03",.6,"","W",0,"9",0,"9","","9",".",""
"252220010","WIERZBOWO","2012","11","04",6.4,"","W",0,"9",0,"9","","9",".",""
"252220010","WIERZBOWO","2012","11","05",12.0,"","W",0,"9",0,"9","","9",".",""
"252220010","WIERZBOWO","2012","11","06",.3,"","W",0,"9",0,"9","","9",".",""
"252220010","WIERZBOWO","2012","11","07",2.1,"","W",0,"9",0,"9","","9",".",""
"252220010","WIERZBOWO","2012","11","08",.4,"","W",0,"9",0,"9","","9",".",""
"252220010","WIERZBOWO","2012","11","09",.2,"","W",0,"9",0,"9","","9",".",""
"252220010","WIERZBOWO","2012","11","14",.1,"","W",0,"9",0,"9","","9",".",""
"252220010","WIERZBOWO","2012","11","21",.1,"","W",0,"9",0,"9","","9",".",""
"252220010","WIERZBOWO","2012","11","24",2.7,"","W",0,"9",0,"9","","9",".",""
"252220010","WIERZBOWO","2012","11","25",.5,"","W",0,"9",0,"9","","9",".",""
"252220010","WIERZBOWO","2012","11","27",6.1,"","W",0,"9",0,"9","","9",".",""
"252220010","WIERZBOWO","2012","11","28",.6,"","W",0,"9",0,"9","","9",".",""
"252220020","SURAØ","2012","11","01",1.2,"","W",0,"",0,"9","5","","SL",""
"252220020","SURAØ","2012","11","02",2.0,"","W",0,"9",0,"9","","9",".",""
"252220020","SURAØ","2012","11","04",4.5,"","W",0,"9",0,"9","","9",".",""
"252220020","SURAØ","2012","11","05",17.0,"","W",0,"9",0,"9","","9",".",""
"252220020","SURAØ","2012","11","06",.2,"","W",0,"9",0,"9","","9",".",""
"252220020","SURAØ","2012","11","07",1.0,"","W",0,"9",0,"9","","9",".",""
"252220020","SURAØ","2012","11","08",.5,"","W",0,"9",0,"9","","9",".",""
"252220020","SURAØ","2012","11","24",2.2,"","W",0,"9",0,"9","","9",".",""
"252220020","SURAØ","2012","11","27",5.9,"","W",0,"9",0,"9","","9",".",""
"252220020","SURAØ","2012","11","28",.3,"","W",0,"9",0,"9","","9",".",""
"252220020","SURAØ","2012","11","29",.7,"","W",0,"9",0,"9","","9",".",""
"252220020","SURAØ","2012","11","30",.3,"","W",0,"9",0,"9","","9",".",""
"252220050","BRA—SK","2012","11","01",.5,"","W",0,"9",0,"8","","8","PL",""
"252220050","BRA—SK","2012","11","02",3.1,"","W",0,"9",0,"8","","8",".",""
"252220050","BRA—SK","2012","11","04",3.4,"","W",0,"9",0,"8","","8",".",""
"252220050","BRA—SK","2012","11","05",13.5,"","W",0,"9",0,"8","","8",".",""
"252220050","BRA—SK","2012","11","06",1.3,"","W",0,"9",0,"8","","8",".",""
"252220050","BRA—SK","2012","11","07",1.5,"","W",0,"9",0,"8","","8",".",""
"252220050","BRA—SK","2012","11","08",.6,"","W",0,"9",0,"8","","8",".",""
"252220050","BRA—SK","2012","11","09",.3,"","W",0,"9",0,"8","","8",".",""
"252220050","BRA—SK","2012","11","18",.1,"","W",0,"9",0,"8","","8",".",""
"252220050","BRA—SK","2012","11","20",.2,"","W",0,"9",0,"8","","8",".",""
"252220050","BRA—SK","2012","11","24",2.1,"","W",0,"9",0,"8","","8",".",""
"252220050","BRA—SK","2012","11","27",3.1,"","W",0,"9",0,"8","","8",".",""
"252220050","BRA—SK","2012","11","28",.4,"","W",0,"9",0,"8","","8",".",""
"252220050","BRA—SK","2012","11","29",.8,"","W",0,"9",0,"8","","8",".",""
"252220050","BRA—SK","2012","11","30",.8,"","W",0,"9",0,"8","","8",".",""
"252220060","CIECHANOWIEC","2012","11","01",2.1,"","W",2,"",0,"9","7","","*PRZ",""
"252220060","CIECHANOWIEC","2012","11","02",2.6,"","W",0,"9",0,"9","","9",".",""
"252220060","CIECHANOWIEC","2012","11","04",4.8,"","W",0,"9",0,"9","","9",".",""
"252220060","CIECHANOWIEC","2012","11","05",12.7,"","W",0,"9",0,"9","","9",".",""
"252220060","CIECHANOWIEC","2012","11","06",.2,"","W",0,"9",0,"9","","9",".",""
"252220060","CIECHANOWIEC","2012","11","07",1.8,"","W",0,"9",0,"9","","9",".",""
"252220060","CIECHANOWIEC","2012","11","08",.9,"","W",0,"9",0,"9","","9",".",""
"252220060","CIECHANOWIEC","2012","11","24",2.3,"","W",0,"9",0,"9","","9",".",""
"252220060","CIECHANOWIEC","2012","11","27",3.6,"","W",0,"9",0,"9","","9",".",""
"252220060","CIECHANOWIEC","2012","11","28",.4,"","W",0,"9",0,"9","","9",".",""
"252220060","CIECHANOWIEC","2012","11","29",.7,"","W",0,"9",0,"9","","9",".",""
"252220060","CIECHANOWIEC","2012","11","30",.9,"","W",0,"9",0,"9","","9",".",""
"252220070","GRODZISK","2012","11","01",.5,"","W",0,"9",0,"8","","8","PL",""
"252220070","GRODZISK","2012","11","02",2.8,"","W",0,"9",0,"8","","8",".",""
"252220070","GRODZISK","2012","11","04",5.8,"","W",0,"9",0,"8","","8",".",""
"252220070","GRODZISK","2012","11","05",10.6,"","W",0,"9",0,"8","","8",".",""
"252220070","GRODZISK","2012","11","06",.1,"","W",0,"9",0,"8","","8",".",""
"252220070","GRODZISK","2012","11","07",1.2,"","W",0,"9",0,"8","","8",".",""
"252220070","GRODZISK","2012","11","08",.0,"","W",0,"9",0,"8","","8",".",""
"252220070","GRODZISK","2012","11","09",.1,"","W",0,"9",0,"8","","8",".",""
"252220070","GRODZISK","2012","11","13",.0,"","W",0,"9",0,"8","","8",".",""
"252220070","GRODZISK","2012","11","24",2.1,"","W",0,"9",0,"8","","8",".",""
"252220070","GRODZISK","2012","11","27",2.4,"","W",0,"9",0,"8","","8",".",""
"252220070","GRODZISK","2012","11","29",.8,"","W",0,"9",0,"8","","8",".",""
"252220070","GRODZISK","2012","11","30",.6,"","W",0,"9",0,"8","","8",".",""
"252220080","£AZ”W","2012","11","01",1.0,"","W",0,"9",0,"8","","8","PL",""
"252220080","£AZ”W","2012","11","02",1.8,"","W",0,"9",0,"8","","8",".",""
"252220080","£AZ”W","2012","11","04",6.2,"","W",0,"9",0,"8","","8",".",""
"252220080","£AZ”W","2012","11","05",11.0,"","W",0,"9",0,"8","","8",".",""
"252220080","£AZ”W","2012","11","06",.2,"","W",0,"9",0,"8","","8",".",""
"252220080","£AZ”W","2012","11","07",1.0,"","W",0,"9",0,"8","","8",".",""
"252220080","£AZ”W","2012","11","08",.0,"","W",0,"9",0,"8","","8",".",""
"252220080","£AZ”W","2012","11","24",2.9,"","W",0,"9",0,"8","","8",".",""
"252220080","£AZ”W","2012","11","25",.1,"","W",0,"9",0,"8","","8",".",""
"252220080","£AZ”W","2012","11","27",1.1,"","W",0,"9",0,"8","","8",".",""
"252220080","£AZ”W","2012","11","28",.0,"","W",0,"9",0,"8","","8",".",""
"252220080","£AZ”W","2012","11","29",.4,"","W",0,"9",0,"8","","8",".",""
"252220080","£AZ”W","2012","11","30",.8,"","W",0,"9",0,"8","","8",".",""
"252220090","ØUROBICE","2012","11","01",.0,"9","",1,"",0,"9","5","","*",""
"252220090","ØUROBICE","2012","11","02",3.0,"","W",0,"9",0,"9","","9",".",""
"252220090","ØUROBICE","2012","11","04",2.8,"","W",0,"9",0,"9","","9",".",""
"252220090","ØUROBICE","2012","11","05",13.0,"","W",0,"9",0,"9","","9",".",""
"252220090","ØUROBICE","2012","11","06",.5,"","W",0,"9",0,"9","","9",".",""
"252220090","ØUROBICE","2012","11","07",1.1,"","W",0,"9",0,"9","","9",".",""
"252220090","ØUROBICE","2012","11","08",.4,"","W",0,"9",0,"9","","9",".",""
"252220090","ØUROBICE","2012","11","09",.5,"","W",0,"9",0,"9","","9",".",""
"252220090","ØUROBICE","2012","11","24",1.0,"","W",0,"9",0,"9","","9",".",""
"252220090","ØUROBICE","2012","11","27",1.5,"","W",0,"9",0,"9","","9",".",""
"252220090","ØUROBICE","2012","11","29",1.1,"","W",0,"9",0,"9","","9",".",""
"252220090","ØUROBICE","2012","11","30",.1,"","W",0,"9",0,"9","","9",".",""
"252220110","WRZOSKI","2012","11","01",1.1,"","W",0,"9",0,"8","","8",".",""
"252220110","WRZOSKI","2012","11","02",.8,"","W",0,"9",0,"8","","8",".",""
"252220110","WRZOSKI","2012","11","04",8.0,"","W",0,"9",0,"8","","8",".",""
"252220110","WRZOSKI","2012","11","05",9.1,"","W",0,"9",0,"8","","8",".",""
"252220110","WRZOSKI","2012","11","06",.3,"","W",0,"9",0,"8","","8",".",""
"252220110","WRZOSKI","2012","11","07",1.1,"","W",0,"9",0,"8","","8",".",""
"252220110","WRZOSKI","2012","11","24",2.4,"","W",0,"9",0,"8","","8",".",""
"252220110","WRZOSKI","2012","11","27",1.4,"","W",0,"9",0,"8","","8",".",""
"252220110","WRZOSKI","2012","11","29",1.0,"","W",0,"9",0,"8","","8",".",""
"252220110","WRZOSKI","2012","11","30",.8,"","W",0,"9",0,"8","","8",".",""
"252220120","TONKIELE","2012","11","01",.0,"9","",2,"",0,"9","5","","*PRZ",""
"252220120","TONKIELE","2012","11","02",3.1,"","W",0,"9",0,"9","","9",".",""
"252220120","TONKIELE","2012","11","03",.1,"","W",0,"9",0,"9","","9",".",""
"252220120","TONKIELE","2012","11","04",3.5,"","W",0,"9",0,"9","","9",".",""
"252220120","TONKIELE","2012","11","05",12.6,"","W",0,"9",0,"9","","9",".",""
"252220120","TONKIELE","2012","11","06",.1,"","W",0,"9",0,"9","","9",".",""
"252220120","TONKIELE","2012","11","07",.6,"","W",0,"9",0,"9","","9",".",""
"252220120","TONKIELE","2012","11","08",.2,"","W",0,"9",0,"9","","9",".",""
"252220120","TONKIELE","2012","11","09",.4,"","W",0,"9",0,"9","","9",".",""
"252220120","TONKIELE","2012","11","20",.4,"","W",0,"9",0,"9","","9",".",""
"252220120","TONKIELE","2012","11","24",.7,"","W",0,"9",0,"9","","9",".",""
"252220120","TONKIELE","2012","11","27",.0,"","W",0,"9",0,"9","","9",".",""
"252220120","TONKIELE","2012","11","29",1.8,"","W",0,"9",0,"9","","9",".",""
"252220120","TONKIELE","2012","11","30",.6,"","W",0,"9",0,"9","","9",".",""
"252220130","ØANECIN","2012","11","01",.7,"","W",3,"",0,"9","5","","*PRZ",""
"252220130","ØANECIN","2012","11","02",1.4,"","W",0,"9",0,"9","","9",".",""
"252220130","ØANECIN","2012","11","04",6.7,"","W",0,"9",0,"9","","9",".",""
"252220130","ØANECIN","2012","11","05",11.4,"","W",0,"9",0,"9","","9",".",""
"252220130","ØANECIN","2012","11","06",1.2,"","W",0,"9",0,"9","","9",".",""
"252220130","ØANECIN","2012","11","07",.4,"","W",0,"9",0,"9","","9",".",""
"252220130","ØANECIN","2012","11","08",.8,"","W",0,"9",0,"9","","9",".",""
"252220130","ØANECIN","2012","11","21",.0,"","W",0,"9",0,"9","","9",".",""
"252220130","ØANECIN","2012","11","24",1.1,"","W",0,"9",0,"9","","9",".",""
"252220130","ØANECIN","2012","11","25",.2,"","W",0,"9",0,"9","","9",".",""
"252220130","ØANECIN","2012","11","27",1.2,"","W",0,"9",0,"9","","9",".",""
"252220130","ØANECIN","2012","11","28",.0,"","W",0,"9",0,"9","","9",".",""
"252220130","ØANECIN","2012","11","29",.9,"","W",0,"9",0,"9","","9",".",""
"252220130","ØANECIN","2012","11","30",.3,"","W",0,"9",0,"9","","9",".",""
"252220140","JARNICE","2012","11","01",1.9,"","W",0,"9",0,"8","","8",".",""
"252220140","JARNICE","2012","11","02",.9,"","W",0,"9",0,"8","","8",".",""
"252220140","JARNICE","2012","11","03",.0,"","W",0,"9",0,"8","","8",".",""
"252220140","JARNICE","2012","11","04",5.7,"","W",0,"9",0,"8","","8",".",""
"252220140","JARNICE","2012","11","05",7.8,"","W",0,"9",0,"8","","8",".",""
"252220140","JARNICE","2012","11","06",.1,"","W",0,"9",0,"8","","8",".",""
"252220140","JARNICE","2012","11","07",1.0,"","W",0,"9",0,"8","","8",".",""
"252220140","JARNICE","2012","11","08",.1,"","W",0,"9",0,"8","","8",".",""
"252220140","JARNICE","2012","11","09",.4,"","W",0,"9",0,"8","","8",".",""
"252220140","JARNICE","2012","11","23",.4,"","W",0,"9",0,"8","","8",".",""
"252220140","JARNICE","2012","11","24",.9,"","W",0,"9",0,"8","","8",".",""
"252220140","JARNICE","2012","11","27",1.0,"","W",0,"9",0,"8","","8",".",""
"252220140","JARNICE","2012","11","29",1.2,"","W",0,"9",0,"8","","8",".",""
"252220140","JARNICE","2012","11","30",1.0,"","W",0,"9",0,"8","","8",".",""
"252220150","PLATER”W","2012","11","02",3.0,"","W",0,"9",0,"8","","8",".",""
"252220150","PLATER”W","2012","11","03",.1,"","W",0,"9",0,"8","","8",".",""
"252220150","PLATER”W","2012","11","04",1.1,"","W",0,"9",0,"8","","8",".",""
"252220150","PLATER”W","2012","11","05",16.0,"","W",0,"9",0,"8","","8",".",""
"252220150","PLATER”W","2012","11","06",1.2,"","W",0,"9",0,"8","","8",".",""
"252220150","PLATER”W","2012","11","07",1.5,"","W",0,"9",0,"8","","8",".",""
"252220150","PLATER”W","2012","11","08",.0,"","W",0,"9",0,"8","","8",".",""
"252220150","PLATER”W","2012","11","09",1.1,"","W",0,"9",0,"8","","8",".",""
"252220150","PLATER”W","2012","11","14",.3,"","W",0,"9",0,"8","","8",".",""
"252220150","PLATER”W","2012","11","16",.1,"","W",0,"9",0,"8","","8",".",""
"252220150","PLATER”W","2012","11","17",.2,"","W",0,"9",0,"8","","8",".",""
"252220150","PLATER”W","2012","11","18",.1,"","W",0,"9",0,"8","","8",".",""
"252220150","PLATER”W","2012","11","22",.0,"","W",0,"9",0,"8","","8",".",""
"252220150","PLATER”W","2012","11","23",.0,"","W",0,"9",0,"8","","8",".",""
"252220150","PLATER”W","2012","11","24",.6,"","W",0,"9",0,"8","","8",".",""
"252220150","PLATER”W","2012","11","25",1.1,"","W",0,"9",0,"8","","8",".",""
"252220150","PLATER”W","2012","11","26",.0,"","W",0,"9",0,"8","","8",".",""
"252220150","PLATER”W","2012","11","27",.1,"","W",0,"9",0,"8","","8",".",""
"252220150","PLATER”W","2012","11","29",1.2,"","W",0,"9",0,"8","","8",".",""
"252220150","PLATER”W","2012","11","30",1.5,"","W",0,"9",0,"8","","8",".",""
"252220160","MORDY","2012","11","01",1.4,"","W",0,"9",0,"8","","8","PL",""
"252220160","MORDY","2012","11","02",1.8,"","W",0,"9",0,"8","","8",".",""
"252220160","MORDY","2012","11","04",4.6,"","W",0,"9",0,"8","","8",".",""
"252220160","MORDY","2012","11","05",13.3,"","W",0,"9",0,"8","","8",".",""
"252220160","MORDY","2012","11","06",.0,"","W",0,"9",0,"8","","8",".",""
"252220160","MORDY","2012","11","07",1.5,"","W",0,"9",0,"8","","8",".",""
"252220160","MORDY","2012","11","08",.6,"","W",0,"9",0,"8","","8",".",""
"252220160","MORDY","2012","11","20",.6,"","W",0,"9",0,"8","","8",".",""
"252220160","MORDY","2012","11","24",.5,"","W",0,"9",0,"8","","8",".",""
"252220160","MORDY","2012","11","25",.2,"","W",0,"9",0,"8","","8",".",""
"252220160","MORDY","2012","11","27",1.0,"","W",0,"9",0,"8","","8",".",""
"252220160","MORDY","2012","11","29",.7,"","W",0,"9",0,"8","","8",".",""
"252220160","MORDY","2012","11","30",1.3,"","W",0,"9",0,"8","","8",".",""
"252220170","MAKAR”WKA","2012","11","01",.9,"","W",0,"9",0,"8","","8",".",""
"252220170","MAKAR”WKA","2012","11","02",1.9,"","W",0,"9",0,"8","","8",".",""
"252220170","MAKAR”WKA","2012","11","04",.9,"","W",0,"9",0,"8","","8",".",""
"252220170","MAKAR”WKA","2012","11","05",14.9,"","W",0,"9",0,"8","","8",".",""
"252220170","MAKAR”WKA","2012","11","06",1.0,"","W",0,"9",0,"8","","8",".",""
"252220170","MAKAR”WKA","2012","11","07",1.3,"","W",0,"9",0,"8","","8",".",""
"252220170","MAKAR”WKA","2012","11","08",.0,"","W",0,"9",0,"8","","8",".",""
"252220170","MAKAR”WKA","2012","11","09",.1,"","W",0,"9",0,"8","","8",".",""
"252220170","MAKAR”WKA","2012","11","16",.1,"","W",0,"9",0,"8","","8",".",""
"252220170","MAKAR”WKA","2012","11","19",.1,"","W",0,"9",0,"8","","8",".",""
"252220170","MAKAR”WKA","2012","11","24",.2,"","W",0,"9",0,"8","","8",".",""
"252220170","MAKAR”WKA","2012","11","25",.3,"","W",0,"9",0,"8","","8",".",""
"252220170","MAKAR”WKA","2012","11","27",.1,"","W",0,"9",0,"8","","8",".",""
"252220170","MAKAR”WKA","2012","11","28",.0,"","W",0,"9",0,"8","","8",".",""
"252220170","MAKAR”WKA","2012","11","29",1.5,"","W",0,"9",0,"8","","8",".",""
"252220170","MAKAR”WKA","2012","11","30",1.3,"","W",0,"9",0,"8","","8",".",""
"252220180","W”LKA KAMIENNA","2012","11","01",2.5,"","W",0,"9",0,"8","","8",".",""
"252220180","W”LKA KAMIENNA","2012","11","02",1.6,"","W",0,"9",0,"8","","8",".",""
"252220180","W”LKA KAMIENNA","2012","11","04",4.7,"","W",0,"9",0,"8","","8",".",""
"252220180","W”LKA KAMIENNA","2012","11","05",12.6,"","W",0,"9",0,"8","","8",".",""
"252220180","W”LKA KAMIENNA","2012","11","06",1.0,"","W",0,"9",0,"8","","8",".",""
"252220180","W”LKA KAMIENNA","2012","11","07",1.1,"","W",0,"9",0,"8","","8",".",""
"252220180","W”LKA KAMIENNA","2012","11","22",.4,"","W",0,"9",0,"8","","8",".",""
"252220180","W”LKA KAMIENNA","2012","11","25",.1,"","W",0,"9",0,"8","","8",".",""
"252220180","W”LKA KAMIENNA","2012","11","27",.1,"","W",0,"9",0,"8","","8",".",""
"252220180","W”LKA KAMIENNA","2012","11","29",.5,"","W",0,"9",0,"8","","8",".",""
"252220180","W”LKA KAMIENNA","2012","11","30",1.6,"","S",0,"9",0,"8","","8",".",""
"252220190","DOMANICE","2012","11","01",3.3,"","W",0,"9",0,"8","","8",".",""
"252220190","DOMANICE","2012","11","02",1.5,"","W",0,"9",0,"8","","8",".",""
"252220190","DOMANICE","2012","11","03",.1,"","W",0,"9",0,"8","","8",".",""
"252220190","DOMANICE","2012","11","04",3.9,"","W",0,"9",0,"8","","8",".",""
"252220190","DOMANICE","2012","11","05",12.0,"","W",0,"9",0,"8","","8",".",""
"252220190","DOMANICE","2012","11","06",1.3,"","W",0,"9",0,"8","","8",".",""
"252220190","DOMANICE","2012","11","07",2.8,"","W",0,"9",0,"8","","8",".",""
"252220190","DOMANICE","2012","11","19",.2,"","W",0,"9",0,"8","","8",".",""
"252220190","DOMANICE","2012","11","20",.1,"","W",0,"9",0,"8","","8",".",""
"252220190","DOMANICE","2012","11","23",.0,"","W",0,"9",0,"8","","8",".",""
"252220190","DOMANICE","2012","11","24",.3,"","W",0,"9",0,"8","","8",".",""
"252220190","DOMANICE","2012","11","25",.1,"","W",0,"9",0,"8","","8",".",""
"252220190","DOMANICE","2012","11","26",.1,"","W",0,"9",0,"8","","8",".",""
"252220190","DOMANICE","2012","11","27",.1,"","W",0,"9",0,"8","","8",".",""
"252220190","DOMANICE","2012","11","29",.0,"","W",0,"9",0,"8","","8",".",""
"252220190","DOMANICE","2012","11","30",1.0,"","W",0,"9",0,"8","","8",".",""
"252230010","NOWOSADY","2012","11","01",7.0,"","W",0,"9",0,"8","","8",".",""
"252230010","NOWOSADY","2012","11","02",1.2,"","W",0,"9",0,"8","","8",".",""
"252230010","NOWOSADY","2012","11","04",3.2,"","W",0,"9",0,"8","","8",".",""
"252230010","NOWOSADY","2012","11","05",16.2,"","W",0,"9",0,"8","","8",".",""
"252230010","NOWOSADY","2012","11","06",1.2,"","W",0,"9",0,"8","","8",".",""
"252230010","NOWOSADY","2012","11","07",1.6,"","W",0,"9",0,"8","","8",".",""
"252230010","NOWOSADY","2012","11","08",2.0,"","W",0,"9",0,"8","","8",".",""
"252230010","NOWOSADY","2012","11","09",1.2,"","W",0,"9",0,"8","","8",".",""
"252230010","NOWOSADY","2012","11","24",2.9,"","W",0,"9",0,"8","","8",".",""
"252230010","NOWOSADY","2012","11","25",.1,"","W",0,"9",0,"8","","8",".",""
"252230010","NOWOSADY","2012","11","26",.1,"","W",0,"9",0,"8","","8",".",""
"252230010","NOWOSADY","2012","11","27",4.6,"","W",0,"9",0,"8","","8",".",""
"252230010","NOWOSADY","2012","11","28",.2,"","W",0,"9",0,"8","","8",".",""
"252230010","NOWOSADY","2012","11","29",4.8,"","W",0,"9",0,"8","","8",".",""
"252230010","NOWOSADY","2012","11","30",.2,"","W",0,"9",0,"8","","8",".",""
"252230020","TRZEåCIANKA","2012","11","01",1.0,"","W",0,"9",0,"8","","8","PL",""
"252230020","TRZEåCIANKA","2012","11","02",2.7,"","W",0,"9",0,"8","","8",".",""
"252230020","TRZEåCIANKA","2012","11","04",7.8,"","W",0,"9",0,"8","","8",".",""
"252230020","TRZEåCIANKA","2012","11","05",14.4,"","W",0,"9",0,"8","","8",".",""
"252230020","TRZEåCIANKA","2012","11","06",.7,"","W",0,"9",0,"8","","8",".",""
"252230020","TRZEåCIANKA","2012","11","07",.9,"","W",0,"9",0,"8","","8",".",""
"252230020","TRZEåCIANKA","2012","11","08",1.3,"","W",0,"9",0,"8","","8",".",""
"252230020","TRZEåCIANKA","2012","11","09",.0,"","W",0,"9",0,"8","","8",".",""
"252230020","TRZEåCIANKA","2012","11","24",2.4,"","W",0,"9",0,"8","","8",".",""
"252230020","TRZEåCIANKA","2012","11","27",5.3,"","W",0,"9",0,"8","","8",".",""
"252230020","TRZEåCIANKA","2012","11","28",.3,"","W",0,"9",0,"8","","8",".",""
"252230020","TRZEåCIANKA","2012","11","29",2.2,"","W",0,"9",0,"8","","8",".",""
"252230020","TRZEåCIANKA","2012","11","30",.5,"","W",0,"9",0,"8","","8",".",""
"252230040","NAREW","2012","11","01",.7,"","W",3,"",0,"9","6","","*PRZ",""
"252230040","NAREW","2012","11","02",1.2,"","W",0,"9",0,"9","","9",".",""
"252230040","NAREW","2012","11","03",.8,"","W",0,"9",0,"9","","9",".",""
"252230040","NAREW","2012","11","04",3.3,"","W",0,"9",0,"9","","9",".",""
"252230040","NAREW","2012","11","05",16.8,"","W",0,"9",0,"9","","9",".",""
"252230040","NAREW","2012","11","06",.3,"","W",0,"9",0,"9","","9",".",""
"252230040","NAREW","2012","11","07",1.2,"","W",0,"9",0,"9","","9",".",""
"252230040","NAREW","2012","11","08",1.7,"","W",0,"9",0,"9","","9",".",""
"252230040","NAREW","2012","11","09",.3,"","W",0,"9",0,"9","","9",".",""
"252230040","NAREW","2012","11","14",.0,"","W",0,"9",0,"9","","9",".",""
"252230040","NAREW","2012","11","24",2.4,"","W",0,"9",0,"9","","9",".",""
"252230040","NAREW","2012","11","27",4.5,"","W",0,"9",0,"9","","9",".",""
"252230040","NAREW","2012","11","28",.2,"","W",0,"9",0,"9","","9",".",""
"252230040","NAREW","2012","11","29",5.0,"","W",0,"9",0,"9","","9",".",""
"252230040","NAREW","2012","11","30",.5,"","W",0,"9",0,"9","","9",".",""
"252230050","STRABLA","2012","11","01",1.7,"","W",3,"",0,"9","3","","*PRZ",""
"252230050","STRABLA","2012","11","02",3.0,"","W",0,"9",0,"9","","9",".",""
"252230050","STRABLA","2012","11","03",.2,"","W",0,"9",0,"9","","9",".",""
"252230050","STRABLA","2012","11","04",4.8,"","W",0,"9",0,"9","","9",".",""
"252230050","STRABLA","2012","11","05",16.0,"","W",0,"9",0,"9","","9",".",""
"252230050","STRABLA","2012","11","06",.4,"","W",0,"9",0,"9","","9",".",""
"252230050","STRABLA","2012","11","07",.5,"","W",0,"9",0,"9","","9",".",""
"252230050","STRABLA","2012","11","08",.5,"","W",0,"9",0,"9","","9",".",""
"252230050","STRABLA","2012","11","09",1.5,"","W",0,"9",0,"9","","9",".",""
"252230050","STRABLA","2012","11","24",2.2,"","W",0,"9",0,"9","","9",".",""
"252230050","STRABLA","2012","11","27",5.8,"","W",0,"9",0,"9","","9",".",""
"252230050","STRABLA","2012","11","29",1.2,"","W",0,"9",0,"9","","9",".",""
"252230060","NAREWKA","2012","11","01",4.0,"","W",0,"",0,"9","5","","SL",""
"252230060","NAREWKA","2012","11","02",1.4,"","W",0,"9",0,"9","","9",".",""
"252230060","NAREWKA","2012","11","04",2.8,"","W",0,"9",0,"9","","9",".",""
"252230060","NAREWKA","2012","11","05",16.3,"","W",0,"9",0,"9","","9",".",""
"252230060","NAREWKA","2012","11","06",1.3,"","W",0,"9",0,"9","","9",".",""
"252230060","NAREWKA","2012","11","07",1.6,"","W",0,"9",0,"9","","9",".",""
"252230060","NAREWKA","2012","11","08",1.8,"","W",0,"9",0,"9","","9",".",""
"252230060","NAREWKA","2012","11","09",.4,"","W",0,"9",0,"9","","9",".",""
"252230060","NAREWKA","2012","11","24",3.3,"","W",0,"9",0,"9","","9",".",""
"252230060","NAREWKA","2012","11","25",.1,"","W",0,"9",0,"9","","9",".",""
"252230060","NAREWKA","2012","11","27",3.5,"","W",0,"9",0,"9","","9",".",""
"252230060","NAREWKA","2012","11","28",.3,"","W",0,"9",0,"9","","9",".",""
"252230060","NAREWKA","2012","11","29",2.5,"","W",0,"9",0,"9","","9",".",""
"252230060","NAREWKA","2012","11","30",1.2,"","W",0,"9",0,"9","","9",".",""
"252230070","KLEJNIKI","2012","11","01",.3,"","W",0,"9",0,"8","","8","PL",""
"252230070","KLEJNIKI","2012","11","02",1.3,"","W",0,"9",0,"8","","8",".",""
"252230070","KLEJNIKI","2012","11","04",1.5,"","W",0,"9",0,"8","","8",".",""
"252230070","KLEJNIKI","2012","11","05",18.0,"","W",0,"9",0,"8","","8",".",""
"252230070","KLEJNIKI","2012","11","06",1.3,"","W",0,"9",0,"8","","8",".",""
"252230070","KLEJNIKI","2012","11","07",1.8,"","W",0,"9",0,"8","","8",".",""
"252230070","KLEJNIKI","2012","11","08",.4,"","W",0,"9",0,"8","","8",".",""
"252230070","KLEJNIKI","2012","11","09",.3,"","W",0,"9",0,"8","","8",".",""
"252230070","KLEJNIKI","2012","11","14",.0,"","W",0,"9",0,"8","","8",".",""
"252230070","KLEJNIKI","2012","11","17",.0,"","W",0,"9",0,"8","","8",".",""
"252230070","KLEJNIKI","2012","11","19",.0,"","W",0,"9",0,"8","","8",".",""
"252230070","KLEJNIKI","2012","11","20",.0,"","W",0,"9",0,"8","","8",".",""
"252230070","KLEJNIKI","2012","11","24",4.0,"","W",0,"9",0,"8","","8",".",""
"252230070","KLEJNIKI","2012","11","27",3.0,"","W",0,"9",0,"8","","8",".",""
"252230070","KLEJNIKI","2012","11","29",3.4,"","W",0,"9",0,"8","","8",".",""
"252230070","KLEJNIKI","2012","11","30",2.0,"","W",0,"9",0,"8","","8",".",""
"252230080","NOWE MASIEWO","2012","11","01",5.5,"","W",4,"",0,"9","5","","*",""
"252230080","NOWE MASIEWO","2012","11","02",1.5,"","W",0,"9",0,"9","","9",".",""
"252230080","NOWE MASIEWO","2012","11","04",2.1,"","W",0,"9",0,"9","","9",".",""
"252230080","NOWE MASIEWO","2012","11","05",16.6,"","W",0,"9",0,"9","","9",".",""
"252230080","NOWE MASIEWO","2012","11","06",2.2,"","W",0,"9",0,"9","","9",".",""
"252230080","NOWE MASIEWO","2012","11","07",2.2,"","W",0,"9",0,"9","","9",".",""
"252230080","NOWE MASIEWO","2012","11","08",1.0,"","W",0,"9",0,"9","","9",".",""
"252230080","NOWE MASIEWO","2012","11","09",.8,"","W",0,"9",0,"9","","9",".",""
"252230080","NOWE MASIEWO","2012","11","24",4.9,"","W",0,"9",0,"9","","9",".",""
"252230080","NOWE MASIEWO","2012","11","25",.1,"","W",0,"9",0,"9","","9",".",""
"252230080","NOWE MASIEWO","2012","11","27",2.8,"","W",0,"9",0,"9","","9",".",""
"252230080","NOWE MASIEWO","2012","11","29",1.5,"","W",0,"9",0,"9","","9",".",""
"252230080","NOWE MASIEWO","2012","11","30",.5,"","W",0,"9",0,"9","","9",".",""
"252230110","HAJN”WKA","2012","11","01",1.8,"","W",6,"",0,"","4","","*",""
"252230110","HAJN”WKA","2012","11","02",2.2,"","W",0,"9",0,"9","","9",".",""
"252230110","HAJN”WKA","2012","11","03",.0,"","W",0,"9",0,"9","","9",".",""
"252230110","HAJN”WKA","2012","11","04",2.4,"","W",0,"9",0,"9","","9",".",""
"252230110","HAJN”WKA","2012","11","05",13.1,"","W",0,"9",0,"9","","9",".",""
"252230110","HAJN”WKA","2012","11","06",1.0,"","W",0,"9",0,"9","","9",".",""
"252230110","HAJN”WKA","2012","11","07",.6,"","W",0,"9",0,"9","","9",".",""
"252230110","HAJN”WKA","2012","11","08",.5,"","W",0,"9",0,"9","","9",".",""
"252230110","HAJN”WKA","2012","11","09",.1,"","W",0,"9",0,"9","","9",".",""
"252230110","HAJN”WKA","2012","11","15",.0,"","W",0,"9",0,"9","","9",".",""
"252230110","HAJN”WKA","2012","11","24",4.4,"","W",0,"9",0,"9","","9",".",""
"252230110","HAJN”WKA","2012","11","27",2.2,"","W",0,"9",0,"9","","9",".",""
"252230110","HAJN”WKA","2012","11","28",.1,"","W",0,"9",0,"9","","9",".",""
"252230110","HAJN”WKA","2012","11","29",3.0,"","W",0,"9",0,"9","","9",".",""
"252230110","HAJN”WKA","2012","11","30",.6,"","W",0,"9",0,"9","","9",".",""
"252230130","ORZESZKOWO","2012","11","01",2.3,"","W",3,"",0,"9","6","","*",""
"252230130","ORZESZKOWO","2012","11","02",2.2,"","W",0,"9",0,"9","","9",".",""
"252230130","ORZESZKOWO","2012","11","04",3.1,"","W",0,"9",0,"9","","9",".",""
"252230130","ORZESZKOWO","2012","11","05",13.5,"","W",0,"9",0,"9","","9",".",""
"252230130","ORZESZKOWO","2012","11","06",1.9,"","W",0,"9",0,"9","","9",".",""
"252230130","ORZESZKOWO","2012","11","07",1.1,"","W",0,"9",0,"9","","9",".",""
"252230130","ORZESZKOWO","2012","11","08",1.0,"","W",0,"9",0,"9","","9",".",""
"252230130","ORZESZKOWO","2012","11","09",.1,"","W",0,"9",0,"9","","9",".",""
"252230130","ORZESZKOWO","2012","11","24",4.8,"","W",0,"9",0,"9","","9",".",""
"252230130","ORZESZKOWO","2012","11","27",1.9,"","W",0,"9",0,"9","","9",".",""
"252230130","ORZESZKOWO","2012","11","29",2.5,"","W",0,"9",0,"9","","9",".",""
"252230130","ORZESZKOWO","2012","11","30",.6,"","W",0,"9",0,"9","","9",".",""
"252230140","BO∆KI","2012","11","02",4.5,"","W",0,"9",0,"8","","8",".",""
"252230140","BO∆KI","2012","11","04",3.6,"","W",0,"9",0,"8","","8",".",""
"252230140","BO∆KI","2012","11","05",6.7,"","W",0,"9",0,"8","","8",".",""
"252230140","BO∆KI","2012","11","06",1.0,"","W",0,"9",0,"8","","8",".",""
"252230140","BO∆KI","2012","11","07",1.4,"","W",0,"9",0,"8","","8",".",""
"252230140","BO∆KI","2012","11","08",.0,"","W",0,"9",0,"8","","8",".",""
"252230140","BO∆KI","2012","11","09",.5,"","W",0,"9",0,"8","","8",".",""
"252230140","BO∆KI","2012","11","24",1.4,"","W",0,"9",0,"8","","8",".",""
"252230140","BO∆KI","2012","11","27",1.6,"","W",0,"9",0,"8","","8",".",""
"252230140","BO∆KI","2012","11","29",1.5,"","W",0,"9",0,"8","","8",".",""
"252230140","BO∆KI","2012","11","30",.0,"","W",0,"9",0,"8","","8",".",""
"252230150","KLESZCZELE","2012","11","02",2.1,"","W",0,"9",0,"8","","8",".",""
"252230150","KLESZCZELE","2012","11","04",1.3,"","W",0,"9",0,"8","","8",".",""
"252230150","KLESZCZELE","2012","11","05",6.5,"","W",0,"9",0,"8","","8",".",""
"252230150","KLESZCZELE","2012","11","06",1.6,"","W",0,"9",0,"8","","8",".",""
"252230150","KLESZCZELE","2012","11","07",1.0,"","W",0,"9",0,"8","","8",".",""
"252230150","KLESZCZELE","2012","11","20",.2,"","W",0,"9",0,"8","","8",".",""
"252230150","KLESZCZELE","2012","11","21",.0,"","W",0,"9",0,"8","","8",".",""
"252230150","KLESZCZELE","2012","11","22",.0,"","W",0,"9",0,"8","","8",".",""
"252230150","KLESZCZELE","2012","11","24",1.0,"","W",0,"9",0,"8","","8",".",""
"252230150","KLESZCZELE","2012","11","27",1.2,"","W",0,"9",0,"8","","8",".",""
"252230150","KLESZCZELE","2012","11","29",3.4,"","W",0,"9",0,"8","","8",".",""
"252230150","KLESZCZELE","2012","11","30",.7,"","W",0,"9",0,"8","","8",".",""
"252230160","NURZEC","2012","11","01",.0,"9","",3,"",0,"9","5","","*",""
"252230160","NURZEC","2012","11","02",2.4,"","W",0,"9",0,"9","","9",".",""
"252230160","NURZEC","2012","11","04",2.6,"","W",0,"9",0,"9","","9",".",""
"252230160","NURZEC","2012","11","05",10.7,"","W",0,"9",0,"9","","9",".",""
"252230160","NURZEC","2012","11","06",1.2,"","W",0,"9",0,"9","","9",".",""
"252230160","NURZEC","2012","11","07",2.8,"","W",0,"9",0,"9","","9",".",""
"252230160","NURZEC","2012","11","08",.8,"","W",0,"9",0,"9","","9",".",""
"252230160","NURZEC","2012","11","09",.7,"","W",0,"9",0,"9","","9",".",""
"252230160","NURZEC","2012","11","24",.1,"","W",0,"9",0,"9","","9",".",""
"252230160","NURZEC","2012","11","25",.7,"","W",0,"9",0,"9","","9",".",""
"252230160","NURZEC","2012","11","27",1.6,"","W",0,"9",0,"9","","9",".",""
"252230160","NURZEC","2012","11","29",1.3,"","W",0,"9",0,"9","","9",".",""
"252230160","NURZEC","2012","11","30",.8,"","W",0,"9",0,"9","","9",".",""
"252230170","ZABUØE","2012","11","02",2.8,"","W",0,"9",0,"8","","8",".",""
"252230170","ZABUØE","2012","11","04",4.2,"","W",0,"9",0,"8","","8",".",""
"252230170","ZABUØE","2012","11","05",8.2,"","W",0,"9",0,"8","","8",".",""
"252230170","ZABUØE","2012","11","06",2.9,"","W",0,"9",0,"8","","8",".",""
"252230170","ZABUØE","2012","11","07",3.2,"","W",0,"9",0,"8","","8",".",""
"252230170","ZABUØE","2012","11","25",1.1,"","W",0,"9",0,"8","","8",".",""
"252230170","ZABUØE","2012","11","27",.7,"","W",0,"9",0,"8","","8",".",""
"252230170","ZABUØE","2012","11","29",.8,"","W",0,"9",0,"8","","8",".",""
"252230170","ZABUØE","2012","11","30",1.3,"","W",0,"9",0,"8","","8",".",""
"252230180","OLSZYN","2012","11","01",3.3,"","W",0,"9",0,"8","","8",".",""
"252230180","OLSZYN","2012","11","02",1.8,"","W",0,"9",0,"8","","8",".",""
"252230180","OLSZYN","2012","11","04",.5,"","W",0,"9",0,"8","","8",".",""
"252230180","OLSZYN","2012","11","05",14.9,"","W",0,"9",0,"8","","8",".",""
"252230180","OLSZYN","2012","11","06",.4,"","W",0,"9",0,"8","","8",".",""
"252230180","OLSZYN","2012","11","07",1.0,"","W",0,"9",0,"8","","8",".",""
"252230180","OLSZYN","2012","11","15",.1,"","W",0,"9",0,"8","","8",".",""
"252230180","OLSZYN","2012","11","16",.1,"","W",0,"9",0,"8","","8",".",""
"252230180","OLSZYN","2012","11","17",.1,"","W",0,"9",0,"8","","8",".",""
"252230180","OLSZYN","2012","11","24",.3,"","W",0,"9",0,"8","","8",".",""
"252230180","OLSZYN","2012","11","25",.8,"","W",0,"9",0,"8","","8",".",""
"252230180","OLSZYN","2012","11","29",.3,"","W",0,"9",0,"8","","8",".",""
"252230180","OLSZYN","2012","11","30",1.0,"","W",0,"9",0,"8","","8",".",""
"253140010","WOLIN","2012","11","01",1.5,"","W",0,"9",0,"8","","8",".",""
"253140010","WOLIN","2012","11","02",.0,"","W",0,"9",0,"8","","8",".",""
"253140010","WOLIN","2012","11","03",4.0,"","W",0,"9",0,"8","","8",".",""
"253140010","WOLIN","2012","11","04",3.8,"","W",0,"9",0,"8","","8",".",""
"253140010","WOLIN","2012","11","06",8.8,"","W",0,"9",0,"8","","8",".",""
"253140010","WOLIN","2012","11","07",.4,"","W",0,"9",0,"8","","8",".",""
"253140010","WOLIN","2012","11","08",3.6,"","W",0,"9",0,"8","","8",".",""
"253140010","WOLIN","2012","11","10",1.0,"","W",0,"9",0,"8","","8",".",""
"253140010","WOLIN","2012","11","18",2.0,"","W",0,"9",0,"8","","8",".",""
"253140010","WOLIN","2012","11","24",.5,"","W",0,"9",0,"8","","8",".",""
"253140010","WOLIN","2012","11","26",6.0,"","W",0,"9",0,"8","","8",".",""
"253140010","WOLIN","2012","11","29",7.8,"","W",0,"9",0,"8","","8",".",""
"253140010","WOLIN","2012","11","30",1.2,"","S",0,"9",0,"8","","8",".",""
"253140020","KARTLEWO","2012","11","01",3.6,"","W",0,"9",0,"8","","8",".",""
"253140020","KARTLEWO","2012","11","02",2.4,"","W",0,"9",0,"8","","8",".",""
"253140020","KARTLEWO","2012","11","03",5.8,"","W",0,"9",0,"8","","8",".",""
"253140020","KARTLEWO","2012","11","04",5.6,"","W",0,"9",0,"8","","8",".",""
"253140020","KARTLEWO","2012","11","05",8.1,"","W",0,"9",0,"8","","8",".",""
"253140020","KARTLEWO","2012","11","06",2.1,"","W",0,"9",0,"8","","8",".",""
"253140020","KARTLEWO","2012","11","08",2.7,"","W",0,"9",0,"8","","8",".",""
"253140020","KARTLEWO","2012","11","09",.7,"","W",0,"9",0,"8","","8",".",""
"253140020","KARTLEWO","2012","11","10",2.1,"","W",0,"9",0,"8","","8",".",""
"253140020","KARTLEWO","2012","11","18",1.7,"","W",0,"9",0,"8","","8",".",""
"253140020","KARTLEWO","2012","11","24",.5,"","W",0,"9",0,"8","","8",".",""
"253140020","KARTLEWO","2012","11","26",3.1,"","W",0,"9",0,"8","","8",".",""
"253140020","KARTLEWO","2012","11","28",.4,"","W",0,"9",0,"8","","8",".",""
"253140020","KARTLEWO","2012","11","29",13.0,"","S",0,"9",0,"8","","8",".",""
"253140020","KARTLEWO","2012","11","30",1.2,"","S",0,"9",0,"8","","8",".",""
"253140030","PODGRODZIE","2012","11","01",3.6,"","W",0,"9",0,"8","","8","",""
"253140030","PODGRODZIE","2012","11","02",1.3,"","W",0,"9",0,"8","","8","",""
"253140030","PODGRODZIE","2012","11","03",5.4,"","W",0,"9",0,"8","","8","",""
"253140030","PODGRODZIE","2012","11","04",1.7,"","W",0,"9",0,"8","","8","",""
"253140030","PODGRODZIE","2012","11","05",1.0,"","W",0,"9",0,"8","","8","",""
"253140030","PODGRODZIE","2012","11","06",.6,"","W",0,"9",0,"8","","8","",""
"253140030","PODGRODZIE","2012","11","07",1.2,"","W",0,"9",0,"8","","8","",""
"253140030","PODGRODZIE","2012","11","08",.7,"","W",0,"9",0,"8","","8","",""
"253140030","PODGRODZIE","2012","11","09",.2,"","W",0,"9",0,"8","","8","",""
"253140030","PODGRODZIE","2012","11","10",1.2,"","W",0,"9",0,"8","","8","",""
"253140030","PODGRODZIE","2012","11","18",1.3,"","W",0,"9",0,"8","","8","",""
"253140030","PODGRODZIE","2012","11","24",.6,"","W",0,"9",0,"8","","8","",""
"253140030","PODGRODZIE","2012","11","25",.0,"","W",0,"9",0,"8","","8","",""
"253140030","PODGRODZIE","2012","11","26",2.3,"","W",0,"9",0,"8","","8","",""
"253140030","PODGRODZIE","2012","11","28",.6,"","W",0,"9",0,"8","","8","",""
"253140030","PODGRODZIE","2012","11","29",8.5,"","W",0,"9",0,"8","","8","",""
"253140040","TRZEBIEØ","2012","11","01",4.0,"","W",0,"9",0,"8","","8",".",""
"253140040","TRZEBIEØ","2012","11","02",2.3,"","W",0,"9",0,"8","","8",".",""
"253140040","TRZEBIEØ","2012","11","03",3.9,"","W",0,"9",0,"8","","8",".",""
"253140040","TRZEBIEØ","2012","11","04",4.9,"","W",0,"9",0,"8","","8",".",""
"253140040","TRZEBIEØ","2012","11","05",1.7,"","W",0,"9",0,"8","","8",".",""
"253140040","TRZEBIEØ","2012","11","06",.6,"","W",0,"9",0,"8","","8",".",""
"253140040","TRZEBIEØ","2012","11","07",.2,"","W",0,"9",0,"8","","8",".",""
"253140040","TRZEBIEØ","2012","11","08",.6,"","W",0,"9",0,"8","","8",".",""
"253140040","TRZEBIEØ","2012","11","10",.9,"","W",0,"9",0,"8","","8",".",""
"253140040","TRZEBIEØ","2012","11","11",.0,"","W",0,"9",0,"8","","8",".",""
"253140040","TRZEBIEØ","2012","11","18",1.3,"","W",0,"9",0,"8","","8",".",""
"253140040","TRZEBIEØ","2012","11","19",.1,"","W",0,"9",0,"8","","8",".",""
"253140040","TRZEBIEØ","2012","11","20",.1,"","W",0,"9",0,"8","","8",".",""
"253140040","TRZEBIEØ","2012","11","23",.3,"","W",0,"9",0,"8","","8",".",""
"253140040","TRZEBIEØ","2012","11","25",.5,"","W",0,"9",0,"8","","8",".",""
"253140040","TRZEBIEØ","2012","11","26",3.5,"","W",0,"9",0,"8","","8",".",""
"253140040","TRZEBIEØ","2012","11","27",.3,"","W",0,"9",0,"8","","8",".",""
"253140040","TRZEBIEØ","2012","11","28",.6,"","W",0,"9",0,"8","","8",".",""
"253140040","TRZEBIEØ","2012","11","29",5.5,"","W",0,"9",0,"8","","8",".",""
"253140040","TRZEBIEØ","2012","11","30",.2,"","S",0,"9",0,"8","","8",".",""
"253140050","STEPNICA","2012","11","01",4.3,"","W",0,"9",0,"8","","8",".",""
"253140050","STEPNICA","2012","11","02",3.1,"","W",0,"9",0,"8","","8",".",""
"253140050","STEPNICA","2012","11","03",3.1,"","W",0,"9",0,"8","","8",".",""
"253140050","STEPNICA","2012","11","04",6.1,"","W",0,"9",0,"8","","8",".",""
"253140050","STEPNICA","2012","11","05",3.6,"","W",0,"9",0,"8","","8",".",""
"253140050","STEPNICA","2012","11","06",1.5,"","W",0,"9",0,"8","","8",".",""
"253140050","STEPNICA","2012","11","07",.3,"","W",0,"9",0,"8","","8",".",""
"253140050","STEPNICA","2012","11","08",1.7,"","W",0,"9",0,"8","","8",".",""
"253140050","STEPNICA","2012","11","10",2.3,"","W",0,"9",0,"8","","8",".",""
"253140050","STEPNICA","2012","11","18",2.3,"","W",0,"9",0,"8","","8",".",""
"253140050","STEPNICA","2012","11","23",.6,"","W",0,"9",0,"8","","8",".",""
"253140050","STEPNICA","2012","11","24",.8,"","W",0,"9",0,"8","","8",".",""
"253140050","STEPNICA","2012","11","25",.1,"","W",0,"9",0,"8","","8",".",""
"253140050","STEPNICA","2012","11","26",3.2,"","W",0,"9",0,"8","","8",".",""
"253140050","STEPNICA","2012","11","27",.5,"","W",0,"9",0,"8","","8",".",""
"253140050","STEPNICA","2012","11","28",.8,"","W",0,"9",0,"8","","8",".",""
"253140050","STEPNICA","2012","11","29",6.3,"","W",0,"9",0,"8","","8",".",""
"253140070","GOLENI”W","2012","11","01",5.8,"","W",0,"9",0,"8","","8","",""
"253140070","GOLENI”W","2012","11","03",2.6,"","W",0,"9",0,"8","","8","",""
"253140070","GOLENI”W","2012","11","04",7.0,"","W",0,"9",0,"8","","8","",""
"253140070","GOLENI”W","2012","11","05",3.7,"","W",0,"9",0,"8","","8","",""
"253140070","GOLENI”W","2012","11","06",2.8,"","W",0,"9",0,"8","","8","",""
"253140070","GOLENI”W","2012","11","23",4.2,"","W",0,"9",0,"8","","8","",""
"253140070","GOLENI”W","2012","11","26",.8,"","W",0,"9",0,"8","","8","",""
"253140070","GOLENI”W","2012","11","28",4.3,"","W",0,"9",0,"8","","8","",""
"253140070","GOLENI”W","2012","11","29",10.6,"","W",0,"9",0,"8","","8","",""
"253140070","GOLENI”W","2012","11","30",1.5,"","S",0,"9",0,"8","","8","",""
"253140080","BINOWO","2012","11","01",6.2,"","W",0,"9",0,"8","","8","",""
"253140080","BINOWO","2012","11","02",1.3,"","W",0,"9",0,"8","","8","",""
"253140080","BINOWO","2012","11","04",8.2,"","W",0,"9",0,"8","","8","",""
"253140080","BINOWO","2012","11","05",.8,"","W",0,"9",0,"8","","8","",""
"253140080","BINOWO","2012","11","06",1.0,"","W",0,"9",0,"8","","8","",""
"253140080","BINOWO","2012","11","07",.7,"","W",0,"9",0,"8","","8","",""
"253140080","BINOWO","2012","11","08",.9,"","W",0,"9",0,"8","","8","",""
"253140080","BINOWO","2012","11","10",1.1,"","W",0,"9",0,"8","","8","",""
"253140080","BINOWO","2012","11","18",.8,"","W",0,"9",0,"8","","8","",""
"253140080","BINOWO","2012","11","19",.2,"","W",0,"9",0,"8","","8","",""
"253140080","BINOWO","2012","11","22",.4,"","W",0,"9",0,"8","","8","",""
"253140080","BINOWO","2012","11","23",.2,"","W",0,"9",0,"8","","8","",""
"253140080","BINOWO","2012","11","24",.5,"","W",0,"9",0,"8","","8","",""
"253140080","BINOWO","2012","11","25",1.0,"","W",0,"9",0,"8","","8","",""
"253140080","BINOWO","2012","11","28",13.3,"","W",0,"9",0,"8","","8","",""
"253140080","BINOWO","2012","11","29",17.0,"","W",0,"9",0,"8","","8","",""
"253140090","ØELEWO","2012","11","01",2.9,"","W",0,"9",0,"8","","8","",""
"253140090","ØELEWO","2012","11","02",.9,"","W",0,"9",0,"8","","8","",""
"253140090","ØELEWO","2012","11","03",.9,"","W",0,"9",0,"8","","8","",""
"253140090","ØELEWO","2012","11","04",7.7,"","W",0,"9",0,"8","","8","",""
"253140090","ØELEWO","2012","11","05",1.2,"","W",0,"9",0,"8","","8","",""
"253140090","ØELEWO","2012","11","06",6.5,"","W",0,"9",0,"8","","8","",""
"253140090","ØELEWO","2012","11","07",.4,"","W",0,"9",0,"8","","8","",""
"253140090","ØELEWO","2012","11","08",1.6,"","W",0,"9",0,"8","","8","",""
"253140090","ØELEWO","2012","11","11",1.1,"","W",0,"9",0,"8","","8","",""
"253140090","ØELEWO","2012","11","20",1.1,"","W",0,"9",0,"8","","8","",""
"253140090","ØELEWO","2012","11","23",1.9,"","W",0,"9",0,"8","","8","",""
"253140090","ØELEWO","2012","11","25",.9,"","W",0,"9",0,"8","","8","",""
"253140090","ØELEWO","2012","11","26",1.0,"","W",0,"9",0,"8","","8","",""
"253140090","ØELEWO","2012","11","27",3.2,"","W",0,"9",0,"8","","8","",""
"253140090","ØELEWO","2012","11","28",8.2,"","W",0,"9",0,"8","","8","",""
"253140090","ØELEWO","2012","11","29",17.2,"","W",0,"9",0,"8","","8","",""
"253140110","GRYFINO","2012","11","01",4.3,"","W",0,"9",0,"8","","8","",""
"253140110","GRYFINO","2012","11","02",1.5,"","W",0,"9",0,"8","","8","",""
"253140110","GRYFINO","2012","11","03",.5,"","W",0,"9",0,"8","","8","",""
"253140110","GRYFINO","2012","11","04",7.6,"","W",0,"9",0,"8","","8","",""
"253140110","GRYFINO","2012","11","05",.3,"","W",0,"9",0,"8","","8","",""
"253140110","GRYFINO","2012","11","06",.6,"","W",0,"9",0,"8","","8","",""
"253140110","GRYFINO","2012","11","07",.0,"","W",0,"9",0,"8","","8","",""
"253140110","GRYFINO","2012","11","08",.7,"","W",0,"9",0,"8","","8","",""
"253140110","GRYFINO","2012","11","10",2.7,"","W",0,"9",0,"8","","8","",""
"253140110","GRYFINO","2012","11","18",1.0,"","W",0,"9",0,"8","","8","",""
"253140110","GRYFINO","2012","11","19",.0,"","W",0,"9",0,"8","","8","",""
"253140110","GRYFINO","2012","11","23",1.5,"","W",0,"9",0,"8","","8","",""
"253140110","GRYFINO","2012","11","24",.0,"","W",0,"9",0,"8","","8","",""
"253140110","GRYFINO","2012","11","25",.5,"","W",0,"9",0,"8","","8","",""
"253140110","GRYFINO","2012","11","26",1.9,"","W",0,"9",0,"8","","8","",""
"253140110","GRYFINO","2012","11","27",.6,"","W",0,"9",0,"8","","8","",""
"253140110","GRYFINO","2012","11","28",1.4,"","W",0,"9",0,"8","","8","",""
"253140110","GRYFINO","2012","11","29",15.6,"","W",0,"9",0,"8","","8","",""
"253140120","TURZE","2012","11","01",5.6,"","W",0,"9",0,"8","","8","",""
"253140120","TURZE","2012","11","02",.6,"","W",0,"9",0,"8","","8","",""
"253140120","TURZE","2012","11","04",6.7,"","W",0,"9",0,"8","","8","",""
"253140120","TURZE","2012","11","05",1.1,"","W",0,"9",0,"8","","8","",""
"253140120","TURZE","2012","11","06",1.4,"","W",0,"9",0,"8","","8","",""
"253140120","TURZE","2012","11","07",.1,"","W",0,"9",0,"8","","8","",""
"253140120","TURZE","2012","11","08",.6,"","W",0,"9",0,"8","","8","",""
"253140120","TURZE","2012","11","11",2.3,"","W",0,"9",0,"8","","8","",""
"253140120","TURZE","2012","11","23",1.7,"","W",0,"9",0,"8","","8","",""
"253140120","TURZE","2012","11","24",.8,"","W",0,"9",0,"8","","8","",""
"253140120","TURZE","2012","11","26",1.3,"","W",0,"9",0,"8","","8","",""
"253140120","TURZE","2012","11","27",2.0,"","W",0,"9",0,"8","","8","",""
"253140120","TURZE","2012","11","28",5.2,"","W",0,"9",0,"8","","8","",""
"253140120","TURZE","2012","11","29",10.6,"","W",0,"9",0,"8","","8","",""
"253140130","LINIE","2012","11","01",6.4,"","W",0,"9",0,"8","","8","",""
"253140130","LINIE","2012","11","02",1.3,"","W",0,"9",0,"8","","8","",""
"253140130","LINIE","2012","11","04",5.3,"","W",0,"9",0,"8","","8","",""
"253140130","LINIE","2012","11","05",2.4,"","W",0,"9",0,"8","","8","",""
"253140130","LINIE","2012","11","06",.8,"","W",0,"9",0,"8","","8","",""
"253140130","LINIE","2012","11","07",.9,"","W",0,"9",0,"8","","8","",""
"253140130","LINIE","2012","11","08",.2,"","W",0,"9",0,"8","","8","",""
"253140130","LINIE","2012","11","11",1.1,"","W",0,"9",0,"8","","8","",""
"253140130","LINIE","2012","11","12",1.3,"","W",0,"9",0,"8","","8","",""
"253140130","LINIE","2012","11","15",.7,"","W",0,"9",0,"8","","8","",""
"253140130","LINIE","2012","11","20",.5,"","W",0,"9",0,"8","","8","",""
"253140130","LINIE","2012","11","22",.8,"","W",0,"9",0,"8","","8","",""
"253140130","LINIE","2012","11","23",.1,"","W",0,"9",0,"8","","8","",""
"253140130","LINIE","2012","11","25",.7,"","W",0,"9",0,"8","","8","",""
"253140130","LINIE","2012","11","27",3.5,"","W",0,"9",0,"8","","8","",""
"253140130","LINIE","2012","11","28",12.3,"","W",0,"9",0,"8","","8","",""
"253140130","LINIE","2012","11","29",6.8,"","W",0,"9",0,"8","","8","",""
"253140140","WIDUCHOWA","2012","11","01",4.7,"","W",0,"9",0,"8","","8","",""
"253140140","WIDUCHOWA","2012","11","02",1.2,"","W",0,"9",0,"8","","8","",""
"253140140","WIDUCHOWA","2012","11","03",.4,"","W",0,"9",0,"8","","8","",""
"253140140","WIDUCHOWA","2012","11","04",8.0,"","W",0,"9",0,"8","","8","",""
"253140140","WIDUCHOWA","2012","11","05",.9,"","W",0,"9",0,"8","","8","",""
"253140140","WIDUCHOWA","2012","11","06",.6,"","W",0,"9",0,"8","","8","",""
"253140140","WIDUCHOWA","2012","11","07",.2,"","W",0,"9",0,"8","","8","",""
"253140140","WIDUCHOWA","2012","11","08",.2,"","W",0,"9",0,"8","","8","",""
"253140140","WIDUCHOWA","2012","11","09",.1,"","W",0,"9",0,"8","","8","",""
"253140140","WIDUCHOWA","2012","11","10",2.7,"","W",0,"9",0,"8","","8","",""
"253140140","WIDUCHOWA","2012","11","18",1.1,"","W",0,"9",0,"8","","8","",""
"253140140","WIDUCHOWA","2012","11","23",1.5,"","W",0,"9",0,"8","","8","",""
"253140140","WIDUCHOWA","2012","11","26",2.6,"","W",0,"9",0,"8","","8","",""
"253140140","WIDUCHOWA","2012","11","27",1.1,"","W",0,"9",0,"8","","8","",""
"253140140","WIDUCHOWA","2012","11","28",5.2,"","W",0,"9",0,"8","","8","",""
"253140140","WIDUCHOWA","2012","11","29",16.7,"","W",0,"9",0,"8","","8","",""
"253140140","WIDUCHOWA","2012","11","30",.6,"","S",0,"9",0,"8","","8","",""
"253140150","MIEL CIN","2012","11","01",8.2,"","W",0,"9",0,"8","","8","",""
"253140150","MIEL CIN","2012","11","02",.9,"","W",0,"9",0,"8","","8","",""
"253140150","MIEL CIN","2012","11","03",.6,"","W",0,"9",0,"8","","8","",""
"253140150","MIEL CIN","2012","11","04",6.1,"","W",0,"9",0,"8","","8","",""
"253140150","MIEL CIN","2012","11","05",1.7,"","W",0,"9",0,"8","","8","",""
"253140150","MIEL CIN","2012","11","06",1.9,"","W",0,"9",0,"8","","8","",""
"253140150","MIEL CIN","2012","11","07",.2,"","W",0,"9",0,"8","","8","",""
"253140150","MIEL CIN","2012","11","08",.9,"","W",0,"9",0,"8","","8","",""
"253140150","MIEL CIN","2012","11","09",.2,"","W",0,"9",0,"8","","8","",""
"253140150","MIEL CIN","2012","11","10",2.1,"","W",0,"9",0,"8","","8","",""
"253140150","MIEL CIN","2012","11","11",.7,"","W",0,"9",0,"8","","8","",""
"253140150","MIEL CIN","2012","11","15",.3,"","W",0,"9",0,"8","","8","",""
"253140150","MIEL CIN","2012","11","17",.2,"","W",0,"9",0,"8","","8","",""
"253140150","MIEL CIN","2012","11","18",.3,"","W",0,"9",0,"8","","8","",""
"253140150","MIEL CIN","2012","11","19",.1,"","W",0,"9",0,"8","","8","",""
"253140150","MIEL CIN","2012","11","23",1.7,"","W",0,"9",0,"8","","8","",""
"253140150","MIEL CIN","2012","11","24",.3,"","W",0,"9",0,"8","","8","",""
"253140150","MIEL CIN","2012","11","25",.7,"","W",0,"9",0,"8","","8","",""
"253140150","MIEL CIN","2012","11","26",1.5,"","W",0,"9",0,"8","","8","",""
"253140150","MIEL CIN","2012","11","27",.3,"","W",0,"9",0,"8","","8","",""
"253140150","MIEL CIN","2012","11","28",7.6,"","W",0,"9",0,"8","","8","",""
"253140150","MIEL CIN","2012","11","29",21.3,"","W",0,"9",0,"8","","8","",""
"253140180","SIERAKOWO","2012","11","01",5.4,"","W",0,"9",0,"8","","8",".",""
"253140180","SIERAKOWO","2012","11","03",3.4,"","W",0,"9",0,"8","","8",".",""
"253140180","SIERAKOWO","2012","11","04",9.0,"","W",0,"9",0,"8","","8",".",""
"253140180","SIERAKOWO","2012","11","05",1.1,"","W",0,"9",0,"8","","8",".",""
"253140180","SIERAKOWO","2012","11","07",1.5,"","W",0,"9",0,"8","","8",".",""
"253140180","SIERAKOWO","2012","11","08",1.6,"","W",0,"9",0,"8","","8",".",""
"253140180","SIERAKOWO","2012","11","13",2.0,"","W",0,"9",0,"8","","8",".",""
"253140180","SIERAKOWO","2012","11","24",3.2,"","W",0,"9",0,"8","","8",".",""
"253140180","SIERAKOWO","2012","11","26",3.9,"","W",0,"9",0,"8","","8",".",""
"253140180","SIERAKOWO","2012","11","28",2.1,"","W",0,"9",0,"8","","8",".",""
"253140180","SIERAKOWO","2012","11","29",11.3,"","W",0,"9",0,"8","","8",".",""
"253140210","SZCZECIN-POGODNO","2012","11","01",5.4,"","W",0,"9",0,"8","","8",".",""
"253140210","SZCZECIN-POGODNO","2012","11","02",2.8,"","W",0,"9",0,"8","","8",".",""
"253140210","SZCZECIN-POGODNO","2012","11","03",.5,"","W",0,"9",0,"8","","8",".",""
"253140210","SZCZECIN-POGODNO","2012","11","04",9.2,"","W",0,"9",0,"8","","8",".",""
"253140210","SZCZECIN-POGODNO","2012","11","05",1.8,"","W",0,"9",0,"8","","8",".",""
"253140210","SZCZECIN-POGODNO","2012","11","06",1.2,"","W",0,"9",0,"8","","8",".",""
"253140210","SZCZECIN-POGODNO","2012","11","08",.9,"","W",0,"9",0,"8","","8",".",""
"253140210","SZCZECIN-POGODNO","2012","11","09",.0,"","W",0,"9",0,"8","","8",".",""
"253140210","SZCZECIN-POGODNO","2012","11","10",2.1,"","W",0,"9",0,"8","","8",".",""
"253140210","SZCZECIN-POGODNO","2012","11","18",1.3,"","W",0,"9",0,"8","","8",".",""
"253140210","SZCZECIN-POGODNO","2012","11","19",.0,"","W",0,"9",0,"8","","8",".",""
"253140210","SZCZECIN-POGODNO","2012","11","23",1.2,"","W",0,"9",0,"8","","8",".",""
"253140210","SZCZECIN-POGODNO","2012","11","24",.5,"","W",0,"9",0,"8","","8",".",""
"253140210","SZCZECIN-POGODNO","2012","11","26",2.8,"","W",0,"9",0,"8","","8",".",""
"253140210","SZCZECIN-POGODNO","2012","11","27",.5,"","W",0,"9",0,"8","","8",".",""
"253140210","SZCZECIN-POGODNO","2012","11","28",2.3,"","W",0,"9",0,"8","","8",".",""
"253140210","SZCZECIN-POGODNO","2012","11","29",12.5,"","W",0,"9",0,"8","","8",".",""
"253140210","SZCZECIN-POGODNO","2012","11","30",.8,"","S",0,"9",0,"8","","8",".",""
"253150010","STARNIN","2012","11","01",3.1,"","W",0,"9",0,"8","","8",".",""
"253150010","STARNIN","2012","11","02",4.3,"","W",0,"9",0,"8","","8",".",""
"253150010","STARNIN","2012","11","03",6.1,"","W",0,"9",0,"8","","8",".",""
"253150010","STARNIN","2012","11","04",7.8,"","W",0,"9",0,"8","","8",".",""
"253150010","STARNIN","2012","11","05",11.3,"","W",0,"9",0,"8","","8",".",""
"253150010","STARNIN","2012","11","06",7.2,"","W",0,"9",0,"8","","8",".",""
"253150010","STARNIN","2012","11","07",3.5,"","W",0,"9",0,"8","","8",".",""
"253150010","STARNIN","2012","11","08",6.9,"","W",0,"9",0,"8","","8",".",""
"253150010","STARNIN","2012","11","09",2.4,"","W",0,"9",0,"8","","8",".",""
"253150010","STARNIN","2012","11","10",2.3,"","W",0,"9",0,"8","","8",".",""
"253150010","STARNIN","2012","11","18",1.6,"","W",0,"9",0,"8","","8",".",""
"253150010","STARNIN","2012","11","22",.8,"","W",0,"9",0,"8","","8",".",""
"253150010","STARNIN","2012","11","23",1.3,"","W",0,"9",0,"8","","8",".",""
"253150010","STARNIN","2012","11","25",.2,"","W",0,"9",0,"8","","8",".",""
"253150010","STARNIN","2012","11","26",2.4,"","W",0,"9",0,"8","","8",".",""
"253150010","STARNIN","2012","11","28",1.8,"","W",0,"9",0,"8","","8",".",""
"253150010","STARNIN","2012","11","29",13.8,"","W",0,"9",0,"8","","8",".",""
"253150010","STARNIN","2012","11","30",6.8,"","S",0,"9",0,"8","","8",".",""
"253150020","WITNO","2012","11","01",3.0,"","W",0,"9",0,"8","","8",".",""
"253150020","WITNO","2012","11","02",2.4,"","W",0,"9",0,"8","","8",".",""
"253150020","WITNO","2012","11","03",5.1,"","W",0,"9",0,"8","","8",".",""
"253150020","WITNO","2012","11","04",6.2,"","W",0,"9",0,"8","","8",".",""
"253150020","WITNO","2012","11","05",11.0,"","W",0,"9",0,"8","","8",".",""
"253150020","WITNO","2012","11","06",11.3,"","W",0,"9",0,"8","","8",".",""
"253150020","WITNO","2012","11","07",.8,"","W",0,"9",0,"8","","8",".",""
"253150020","WITNO","2012","11","08",5.7,"","W",0,"9",0,"8","","8",".",""
"253150020","WITNO","2012","11","09",1.0,"","W",0,"9",0,"8","","8",".",""
"253150020","WITNO","2012","11","10",.9,"","W",0,"9",0,"8","","8",".",""
"253150020","WITNO","2012","11","18",1.5,"","W",0,"9",0,"8","","8",".",""
"253150020","WITNO","2012","11","22",.5,"","W",0,"9",0,"8","","8",".",""
"253150020","WITNO","2012","11","23",1.2,"","W",0,"9",0,"8","","8",".",""
"253150020","WITNO","2012","11","24",.4,"","W",0,"9",0,"8","","8",".",""
"253150020","WITNO","2012","11","25",.1,"","W",0,"9",0,"8","","8",".",""
"253150020","WITNO","2012","11","26",3.6,"","W",0,"9",0,"8","","8",".",""
"253150020","WITNO","2012","11","28",1.3,"","W",0,"9",0,"8","","8",".",""
"253150020","WITNO","2012","11","29",9.4,"","W",0,"9",0,"8","","8",".",""
"253150020","WITNO","2012","11","30",5.0,"","S",0,"9",0,"8","","8",".",""
"253150030","S£AWOBORZE","2012","11","01",2.8,"","W",0,"9",0,"8","","8",".",""
"253150030","S£AWOBORZE","2012","11","02",3.9,"","W",0,"9",0,"8","","8",".",""
"253150030","S£AWOBORZE","2012","11","03",4.0,"","W",0,"9",0,"8","","8",".",""
"253150030","S£AWOBORZE","2012","11","04",6.9,"","W",0,"9",0,"8","","8",".",""
"253150030","S£AWOBORZE","2012","11","05",13.0,"","W",0,"9",0,"8","","8",".",""
"253150030","S£AWOBORZE","2012","11","06",5.4,"","W",0,"9",0,"8","","8",".",""
"253150030","S£AWOBORZE","2012","11","07",1.7,"","W",0,"9",0,"8","","8",".",""
"253150030","S£AWOBORZE","2012","11","08",3.4,"","W",0,"9",0,"8","","8",".",""
"253150030","S£AWOBORZE","2012","11","09",2.0,"","W",0,"9",0,"8","","8",".",""
"253150030","S£AWOBORZE","2012","11","10",1.7,"","W",0,"9",0,"8","","8",".",""
"253150030","S£AWOBORZE","2012","11","18",.9,"","W",0,"9",0,"8","","8",".",""
"253150030","S£AWOBORZE","2012","11","19",.1,"","W",0,"9",0,"8","","8",".",""
"253150030","S£AWOBORZE","2012","11","22",.3,"","W",0,"9",0,"8","","8",".",""
"253150030","S£AWOBORZE","2012","11","23",1.4,"","W",0,"9",0,"8","","8",".",""
"253150030","S£AWOBORZE","2012","11","24",.3,"","W",0,"9",0,"8","","8",".",""
"253150030","S£AWOBORZE","2012","11","25",.1,"","W",0,"9",0,"8","","8",".",""
"253150030","S£AWOBORZE","2012","11","26",2.2,"","W",0,"9",0,"8","","8",".",""
"253150030","S£AWOBORZE","2012","11","27",.1,"","W",0,"9",0,"8","","8",".",""
"253150030","S£AWOBORZE","2012","11","28",2.9,"","W",0,"9",0,"8","","8",".",""
"253150030","S£AWOBORZE","2012","11","29",13.7,"","W",0,"9",0,"8","","8",".",""
"253150030","S£AWOBORZE","2012","11","30",3.9,"","S",0,"9",0,"8","","8",".",""
"253150040","P£OTY","2012","11","01",4.0,"","W",0,"9",0,"8","","8",".",""
"253150040","P£OTY","2012","11","02",4.2,"","W",0,"9",0,"8","","8",".",""
"253150040","P£OTY","2012","11","03",4.4,"","W",0,"9",0,"8","","8",".",""
"253150040","P£OTY","2012","11","04",1.7,"","W",0,"9",0,"8","","8",".",""
"253150040","P£OTY","2012","11","05",19.3,"","W",0,"9",0,"8","","8",".",""
"253150040","P£OTY","2012","11","06",8.8,"","W",0,"9",0,"8","","8",".",""
"253150040","P£OTY","2012","11","07",.4,"","W",0,"9",0,"8","","8",".",""
"253150040","P£OTY","2012","11","08",4.5,"","W",0,"9",0,"8","","8",".",""
"253150040","P£OTY","2012","11","18",3.8,"","W",0,"9",0,"8","","8",".",""
"253150040","P£OTY","2012","11","21",.1,"","W",0,"9",0,"8","","8",".",""
"253150040","P£OTY","2012","11","22",.4,"","W",0,"9",0,"8","","8",".",""
"253150040","P£OTY","2012","11","23",1.6,"","W",0,"9",0,"8","","8",".",""
"253150040","P£OTY","2012","11","25",.6,"","W",0,"9",0,"8","","8",".",""
"253150040","P£OTY","2012","11","26",4.0,"","W",0,"9",0,"8","","8",".",""
"253150040","P£OTY","2012","11","28",1.6,"","W",0,"9",0,"8","","8",".",""
"253150040","P£OTY","2012","11","29",13.7,"","W",0,"9",0,"8","","8",".",""
"253150040","P£OTY","2012","11","30",4.5,"","S",0,"9",0,"8","","8",".",""
"253150050","PORADZ","2012","11","01",2.2,"","W",0,"9",0,"8","","8",".",""
"253150050","PORADZ","2012","11","02",2.7,"","W",0,"9",0,"8","","8",".",""
"253150050","PORADZ","2012","11","03",2.1,"","W",0,"9",0,"8","","8",".",""
"253150050","PORADZ","2012","11","04",6.0,"","W",0,"9",0,"8","","8",".",""
"253150050","PORADZ","2012","11","05",10.2,"","W",0,"9",0,"8","","8",".",""
"253150050","PORADZ","2012","11","06",8.0,"","W",0,"9",0,"8","","8",".",""
"253150050","PORADZ","2012","11","07",.3,"","W",0,"9",0,"8","","8",".",""
"253150050","PORADZ","2012","11","08",4.8,"","W",0,"9",0,"8","","8",".",""
"253150050","PORADZ","2012","11","09",1.0,"","W",0,"9",0,"8","","8",".",""
"253150050","PORADZ","2012","11","10",1.2,"","W",0,"9",0,"8","","8",".",""
"253150050","PORADZ","2012","11","18",1.2,"","W",0,"9",0,"8","","8",".",""
"253150050","PORADZ","2012","11","22",.2,"","W",0,"9",0,"8","","8",".",""
"253150050","PORADZ","2012","11","23",2.0,"","W",0,"9",0,"8","","8",".",""
"253150050","PORADZ","2012","11","26",2.3,"","W",0,"9",0,"8","","8",".",""
"253150050","PORADZ","2012","11","27",.3,"","W",0,"9",0,"8","","8",".",""
"253150050","PORADZ","2012","11","28",2.3,"","W",0,"9",0,"8","","8",".",""
"253150050","PORADZ","2012","11","29",13.8,"","W",0,"9",0,"8","","8",".",""
"253150050","PORADZ","2012","11","30",6.5,"","S",0,"9",0,"8","","8",".",""
"253150070","£AB DZIE","2012","11","01",2.0,"","W",0,"9",0,"8","","8",".",""
"253150070","£AB DZIE","2012","11","02",1.7,"","W",0,"9",0,"8","","8",".",""
"253150070","£AB DZIE","2012","11","03",.8,"","W",0,"9",0,"8","","8",".",""
"253150070","£AB DZIE","2012","11","04",4.1,"","W",0,"9",0,"8","","8",".",""
"253150070","£AB DZIE","2012","11","05",8.9,"","W",0,"9",0,"8","","8",".",""
"253150070","£AB DZIE","2012","11","06",5.7,"","W",0,"9",0,"8","","8",".",""
"253150070","£AB DZIE","2012","11","07",.2,"","W",0,"9",0,"8","","8",".",""
"253150070","£AB DZIE","2012","11","08",4.2,"","W",0,"9",0,"8","","8",".",""
"253150070","£AB DZIE","2012","11","09",.4,"","W",0,"9",0,"8","","8",".",""
"253150070","£AB DZIE","2012","11","10",1.1,"","W",0,"9",0,"8","","8",".",""
"253150070","£AB DZIE","2012","11","11",.2,"","W",0,"9",0,"8","","8",".",""
"253150070","£AB DZIE","2012","11","18",.4,"","W",0,"9",0,"8","","8",".",""
"253150070","£AB DZIE","2012","11","19",.2,"","W",0,"9",0,"8","","8",".",""
"253150070","£AB DZIE","2012","11","22",.1,"","W",0,"9",0,"8","","8",".",""
"253150070","£AB DZIE","2012","11","23",1.6,"","W",0,"9",0,"8","","8",".",""
"253150070","£AB DZIE","2012","11","24",.4,"","W",0,"9",0,"8","","8",".",""
"253150070","£AB DZIE","2012","11","25",.1,"","W",0,"9",0,"8","","8",".",""
"253150070","£AB DZIE","2012","11","26",1.7,"","W",0,"9",0,"8","","8",".",""
"253150070","£AB DZIE","2012","11","27",.2,"","W",0,"9",0,"8","","8",".",""
"253150070","£AB DZIE","2012","11","28",3.3,"","W",0,"9",0,"8","","8",".",""
"253150070","£AB DZIE","2012","11","29",13.6,"","W",0,"9",0,"8","","8",".",""
"253150070","£AB DZIE","2012","11","30",2.2,"","S",0,"9",0,"8","","8",".",""
"253150110","DRAWSKO POMORSKIE","2012","11","01",2.5,"","W",0,"9",0,"8","","8","",""
"253150110","DRAWSKO POMORSKIE","2012","11","02",1.7,"","W",0,"9",0,"8","","8","",""
"253150110","DRAWSKO POMORSKIE","2012","11","04",5.7,"","W",0,"9",0,"8","","8","",""
"253150110","DRAWSKO POMORSKIE","2012","11","05",7.0,"","W",0,"9",0,"8","","8","",""
"253150110","DRAWSKO POMORSKIE","2012","11","06",7.2,"","W",0,"9",0,"8","","8","",""
"253150110","DRAWSKO POMORSKIE","2012","11","07",.4,"","W",0,"9",0,"8","","8","",""
"253150110","DRAWSKO POMORSKIE","2012","11","08",5.2,"","W",0,"9",0,"8","","8","",""
"253150110","DRAWSKO POMORSKIE","2012","11","10",1.4,"","W",0,"9",0,"8","","8","",""
"253150110","DRAWSKO POMORSKIE","2012","11","11",1.0,"","W",0,"9",0,"8","","8","",""
"253150110","DRAWSKO POMORSKIE","2012","11","18",.8,"","W",0,"9",0,"8","","8","",""
"253150110","DRAWSKO POMORSKIE","2012","11","23",1.9,"","W",0,"9",0,"8","","8","",""
"253150110","DRAWSKO POMORSKIE","2012","11","25",.3,"","W",0,"9",0,"8","","8","",""
"253150110","DRAWSKO POMORSKIE","2012","11","26",1.0,"","W",0,"9",0,"8","","8","",""
"253150110","DRAWSKO POMORSKIE","2012","11","27",1.3,"","W",0,"9",0,"8","","8","",""
"253150110","DRAWSKO POMORSKIE","2012","11","28",4.8,"","W",0,"9",0,"8","","8","",""
"253150110","DRAWSKO POMORSKIE","2012","11","29",13.4,"","W",0,"9",0,"8","","8","",""
"253150110","DRAWSKO POMORSKIE","2012","11","30",.3,"","S",0,"9",0,"8","","8","",""
"253150120","DARØ","2012","11","01",6.8,"","W",0,"9",0,"8","","8",".",""
"253150120","DARØ","2012","11","02",4.2,"","W",0,"9",0,"8","","8",".",""
"253150120","DARØ","2012","11","03",2.4,"","W",0,"9",0,"8","","8",".",""
"253150120","DARØ","2012","11","04",6.4,"","W",0,"9",0,"8","","8",".",""
"253150120","DARØ","2012","11","05",2.9,"","W",0,"9",0,"8","","8",".",""
"253150120","DARØ","2012","11","06",3.2,"","W",0,"9",0,"8","","8",".",""
"253150120","DARØ","2012","11","07",.3,"","W",0,"9",0,"8","","8",".",""
"253150120","DARØ","2012","11","08",2.2,"","W",0,"9",0,"8","","8",".",""
"253150120","DARØ","2012","11","10",2.1,"","W",0,"9",0,"8","","8",".",""
"253150120","DARØ","2012","11","11",.2,"","W",0,"9",0,"8","","8",".",""
"253150120","DARØ","2012","11","17",.3,"","W",0,"9",0,"8","","8",".",""
"253150120","DARØ","2012","11","18",1.3,"","W",0,"9",0,"8","","8",".",""
"253150120","DARØ","2012","11","19",.1,"","W",0,"9",0,"8","","8",".",""
"253150120","DARØ","2012","11","23",.8,"","W",0,"9",0,"8","","8",".",""
"253150120","DARØ","2012","11","24",2.6,"","W",0,"9",0,"8","","8",".",""
"253150120","DARØ","2012","11","25",2.3,"","W",0,"9",0,"8","","8",".",""
"253150120","DARØ","2012","11","26",.2,"","W",0,"9",0,"8","","8",".",""
"253150120","DARØ","2012","11","27",.6,"","W",0,"9",0,"8","","8",".",""
"253150120","DARØ","2012","11","28",1.9,"","W",0,"9",0,"8","","8",".",""
"253150120","DARØ","2012","11","29",12.2,"","W",0,"9",0,"8","","8",".",""
"253150120","DARØ","2012","11","30",.7,"","S",0,"9",0,"8","","8",".",""
"253150140","I—SKO","2012","11","01",4.6,"","W",0,"9",0,"8","","8","",""
"253150140","I—SKO","2012","11","02",1.8,"","W",0,"9",0,"8","","8","",""
"253150140","I—SKO","2012","11","03",1.7,"","W",0,"9",0,"8","","8","",""
"253150140","I—SKO","2012","11","04",4.7,"","W",0,"9",0,"8","","8","",""
"253150140","I—SKO","2012","11","05",5.8,"","W",0,"9",0,"8","","8","",""
"253150140","I—SKO","2012","11","06",7.4,"","W",0,"9",0,"8","","8","",""
"253150140","I—SKO","2012","11","07",.8,"","W",0,"9",0,"8","","8","",""
"253150140","I—SKO","2012","11","08",4.3,"","W",0,"9",0,"8","","8","",""
"253150140","I—SKO","2012","11","09",.5,"","W",0,"9",0,"8","","8","",""
"253150140","I—SKO","2012","11","10",1.6,"","W",0,"9",0,"8","","8","",""
"253150140","I—SKO","2012","11","11",.7,"","W",0,"9",0,"8","","8","",""
"253150140","I—SKO","2012","11","18",.6,"","W",0,"9",0,"8","","8","",""
"253150140","I—SKO","2012","11","19",.1,"","W",0,"9",0,"8","","8","",""
"253150140","I—SKO","2012","11","23",2.2,"","W",0,"9",0,"8","","8","",""
"253150140","I—SKO","2012","11","25",.2,"","W",0,"9",0,"8","","8","",""
"253150140","I—SKO","2012","11","26",1.9,"","W",0,"9",0,"8","","8","",""
"253150140","I—SKO","2012","11","28",4.7,"","W",0,"9",0,"8","","8","",""
"253150140","I—SKO","2012","11","29",18.7,"","W",0,"9",0,"8","","8","",""
"253150140","I—SKO","2012","11","30",.8,"","S",0,"9",0,"8","","8","",""
"253150150","POèRZAD£O WIELKIE","2012","11","01",3.0,"","W",0,"9",0,"8","","8","",""
"253150150","POèRZAD£O WIELKIE","2012","11","02",2.2,"","W",0,"9",0,"8","","8","",""
"253150150","POèRZAD£O WIELKIE","2012","11","03",1.0,"","W",0,"9",0,"8","","8","",""
"253150150","POèRZAD£O WIELKIE","2012","11","04",6.4,"","W",0,"9",0,"8","","8","",""
"253150150","POèRZAD£O WIELKIE","2012","11","05",3.3,"","W",0,"9",0,"8","","8","",""
"253150150","POèRZAD£O WIELKIE","2012","11","06",4.1,"","W",0,"9",0,"8","","8","",""
"253150150","POèRZAD£O WIELKIE","2012","11","07",1.0,"","W",0,"9",0,"8","","8","",""
"253150150","POèRZAD£O WIELKIE","2012","11","08",3.7,"","W",0,"9",0,"8","","8","",""
"253150150","POèRZAD£O WIELKIE","2012","11","09",1.1,"","W",0,"9",0,"8","","8","",""
"253150150","POèRZAD£O WIELKIE","2012","11","10",1.4,"","W",0,"9",0,"8","","8","",""
"253150150","POèRZAD£O WIELKIE","2012","11","11",2.5,"","W",0,"9",0,"8","","8","",""
"253150150","POèRZAD£O WIELKIE","2012","11","18",.5,"","W",0,"9",0,"8","","8","",""
"253150150","POèRZAD£O WIELKIE","2012","11","21",.2,"","W",0,"9",0,"8","","8","",""
"253150150","POèRZAD£O WIELKIE","2012","11","22",.2,"","W",0,"9",0,"8","","8","",""
"253150150","POèRZAD£O WIELKIE","2012","11","23",2.1,"","W",0,"9",0,"8","","8","",""
"253150150","POèRZAD£O WIELKIE","2012","11","24",.2,"","W",0,"9",0,"8","","8","",""
"253150150","POèRZAD£O WIELKIE","2012","11","25",.1,"","W",0,"9",0,"8","","8","",""
"253150150","POèRZAD£O WIELKIE","2012","11","26",2.1,"","W",0,"9",0,"8","","8","",""
"253150150","POèRZAD£O WIELKIE","2012","11","27",.1,"","W",0,"9",0,"8","","8","",""
"253150150","POèRZAD£O WIELKIE","2012","11","28",6.3,"","W",0,"9",0,"8","","8","",""
"253150150","POèRZAD£O WIELKIE","2012","11","29",15.7,"","S",0,"9",0,"8","","8","",""
"253150150","POèRZAD£O WIELKIE","2012","11","30",.3,"","S",0,"9",0,"8","","8","",""
"253150160","SUCHA—","2012","11","01",5.9,"","W",0,"9",0,"8","","8","",""
"253150160","SUCHA—","2012","11","02",1.8,"","W",0,"9",0,"8","","8","",""
"253150160","SUCHA—","2012","11","03",2.3,"","W",0,"9",0,"8","","8","",""
"253150160","SUCHA—","2012","11","04",2.8,"","W",0,"9",0,"8","","8","",""
"253150160","SUCHA—","2012","11","05",3.1,"","W",0,"9",0,"8","","8","",""
"253150160","SUCHA—","2012","11","06",2.5,"","W",0,"9",0,"8","","8","",""
"253150160","SUCHA—","2012","11","07",.3,"","W",0,"9",0,"8","","8","",""
"253150160","SUCHA—","2012","11","08",.2,"","W",0,"9",0,"8","","8","",""
"253150160","SUCHA—","2012","11","09",.2,"","W",0,"9",0,"8","","8","",""
"253150160","SUCHA—","2012","11","10",2.1,"","W",0,"9",0,"8","","8","",""
"253150160","SUCHA—","2012","11","11",.0,"","W",0,"9",0,"8","","8","",""
"253150160","SUCHA—","2012","11","18",.2,"","W",0,"9",0,"8","","8","",""
"253150160","SUCHA—","2012","11","23",3.5,"","W",0,"9",0,"8","","8","",""
"253150160","SUCHA—","2012","11","25",.2,"","W",0,"9",0,"8","","8","",""
"253150160","SUCHA—","2012","11","26",2.3,"","W",0,"9",0,"8","","8","",""
"253150160","SUCHA—","2012","11","28",6.4,"","W",0,"9",0,"8","","8","",""
"253150160","SUCHA—","2012","11","29",16.8,"","W",0,"9",0,"8","","8","",""
"253150160","SUCHA—","2012","11","30",.3,"","S",0,"9",0,"8","","8","",""
"253150170","DRAWNO","2012","11","01",3.5,"","W",0,"9",0,"8","","8","",""
"253150170","DRAWNO","2012","11","02",.9,"","W",0,"9",0,"8","","8","",""
"253150170","DRAWNO","2012","11","03",1.1,"","W",0,"9",0,"8","","8","",""
"253150170","DRAWNO","2012","11","04",6.9,"","W",0,"9",0,"8","","8","",""
"253150170","DRAWNO","2012","11","05",2.2,"","W",0,"9",0,"8","","8","",""
"253150170","DRAWNO","2012","11","06",5.1,"","W",0,"9",0,"8","","8","",""
"253150170","DRAWNO","2012","11","07",.1,"","W",0,"9",0,"8","","8","",""
"253150170","DRAWNO","2012","11","08",1.7,"","W",0,"9",0,"8","","8","",""
"253150170","DRAWNO","2012","11","09",.7,"","W",0,"9",0,"8","","8","",""
"253150170","DRAWNO","2012","11","10",1.7,"","W",0,"9",0,"8","","8","",""
"253150170","DRAWNO","2012","11","11",2.7,"","W",0,"9",0,"8","","8","",""
"253150170","DRAWNO","2012","11","23",.2,"","W",0,"9",0,"8","","8","",""
"253150170","DRAWNO","2012","11","26",2.3,"","W",0,"9",0,"8","","8","",""
"253150170","DRAWNO","2012","11","27",.1,"","W",0,"9",0,"8","","8","",""
"253150170","DRAWNO","2012","11","28",9.1,"","W",0,"9",0,"8","","8","",""
"253150170","DRAWNO","2012","11","29",14.0,"","W",0,"9",0,"8","","8","",""
"253150170","DRAWNO","2012","11","30",.0,"","W",0,"9",0,"8","","8","",""
"253150180","CHOSZCZNO","2012","11","01",4.6,"","W",0,"9",0,"8","","8","",""
"253150180","CHOSZCZNO","2012","11","04",5.3,"","W",0,"9",0,"8","","8","",""
"253150180","CHOSZCZNO","2012","11","05",.1,"","W",0,"9",0,"8","","8","",""
"253150180","CHOSZCZNO","2012","11","06",3.5,"","W",0,"9",0,"8","","8","",""
"253150180","CHOSZCZNO","2012","11","07",.4,"","W",0,"9",0,"8","","8","",""
"253150180","CHOSZCZNO","2012","11","08",.8,"","W",0,"9",0,"8","","8","",""
"253150180","CHOSZCZNO","2012","11","10",2.2,"","W",0,"9",0,"8","","8","",""
"253150180","CHOSZCZNO","2012","11","11",1.7,"","W",0,"9",0,"8","","8","",""
"253150180","CHOSZCZNO","2012","11","18",.5,"","W",0,"9",0,"8","","8","",""
"253150180","CHOSZCZNO","2012","11","19",.0,"","W",0,"9",0,"8","","8","",""
"253150180","CHOSZCZNO","2012","11","23",1.8,"","W",0,"9",0,"8","","8","",""
"253150180","CHOSZCZNO","2012","11","24",.3,"","W",0,"9",0,"8","","8","",""
"253150180","CHOSZCZNO","2012","11","26",1.3,"","W",0,"9",0,"8","","8","",""
"253150180","CHOSZCZNO","2012","11","27",.1,"","W",0,"9",0,"8","","8","",""
"253150180","CHOSZCZNO","2012","11","28",5.6,"","W",0,"9",0,"8","","8","",""
"253150180","CHOSZCZNO","2012","11","29",16.8,"","W",0,"9",0,"8","","8","",""
"253150210","P£OTNO","2012","11","01",4.9,"","W",0,"9",0,"8","","8","",""
"253150210","P£OTNO","2012","11","02",.8,"","W",0,"9",0,"8","","8","",""
"253150210","P£OTNO","2012","11","03",.4,"","W",0,"9",0,"8","","8","",""
"253150210","P£OTNO","2012","11","05",2.2,"","W",0,"9",0,"8","","8","",""
"253150210","P£OTNO","2012","11","06",1.5,"","W",0,"9",0,"8","","8","",""
"253150210","P£OTNO","2012","11","07",.1,"","W",0,"9",0,"8","","8","",""
"253150210","P£OTNO","2012","11","08",.5,"","W",0,"9",0,"8","","8","",""
"253150210","P£OTNO","2012","11","10",1.6,"","W",0,"9",0,"8","","8","",""
"253150210","P£OTNO","2012","11","11",2.1,"","W",0,"9",0,"8","","8","",""
"253150210","P£OTNO","2012","11","14",.1,"","W",0,"9",0,"8","","8","",""
"253150210","P£OTNO","2012","11","18",.4,"","W",0,"9",0,"8","","8","",""
"253150210","P£OTNO","2012","11","23",2.0,"","W",0,"9",0,"8","","8","",""
"253150210","P£OTNO","2012","11","24",.2,"","W",0,"9",0,"8","","8","",""
"253150210","P£OTNO","2012","11","26",.8,"","W",0,"9",0,"8","","8","",""
"253150210","P£OTNO","2012","11","28",10.9,"","W",0,"9",0,"8","","8","",""
"253150210","P£OTNO","2012","11","29",12.6,"","W",0,"9",0,"8","","8","",""
"253150210","P£OTNO","2012","11","30",.3,"","S",0,"9",0,"8","","8","",""
"253150220","KRZ CIN","2012","11","01",5.2,"","W",0,"9",0,"8","","8","",""
"253150220","KRZ CIN","2012","11","03",2.3,"","W",0,"9",0,"8","","8","",""
"253150220","KRZ CIN","2012","11","05",2.1,"","W",0,"9",0,"8","","8","",""
"253150220","KRZ CIN","2012","11","06",8.5,"","W",0,"9",0,"8","","8","",""
"253150220","KRZ CIN","2012","11","07",.4,"","W",0,"9",0,"8","","8","",""
"253150220","KRZ CIN","2012","11","08",.6,"","W",0,"9",0,"8","","8","",""
"253150220","KRZ CIN","2012","11","09",.4,"","W",0,"9",0,"8","","8","",""
"253150220","KRZ CIN","2012","11","10",2.2,"","W",0,"9",0,"8","","8","",""
"253150220","KRZ CIN","2012","11","11",2.6,"","W",0,"9",0,"8","","8","",""
"253150220","KRZ CIN","2012","11","14",.1,"","W",0,"9",0,"8","","8","",""
"253150220","KRZ CIN","2012","11","17",.2,"","W",0,"9",0,"8","","8","",""
"253150220","KRZ CIN","2012","11","21",.1,"","W",0,"9",0,"8","","8","",""
"253150220","KRZ CIN","2012","11","23",2.7,"","W",0,"9",0,"8","","8","",""
"253150220","KRZ CIN","2012","11","25",.4,"","W",0,"9",0,"8","","8","",""
"253150220","KRZ CIN","2012","11","27",.1,"","W",0,"9",0,"8","","8","",""
"253150220","KRZ CIN","2012","11","28",9.6,"","W",0,"9",0,"8","","8","",""
"253150220","KRZ CIN","2012","11","29",20.3,"","W",0,"9",0,"8","","8","",""
"253150220","KRZ CIN","2012","11","30",.5,"","S",0,"9",0,"8","","8","",""
"253150230","KAMIENNA","2012","11","01",4.0,"","W",0,"9",0,"8","","8","",""
"253150230","KAMIENNA","2012","11","03",2.2,"","W",0,"9",0,"8","","8","",""
"253150230","KAMIENNA","2012","11","04",9.2,"","W",0,"9",0,"8","","8","",""
"253150230","KAMIENNA","2012","11","06",3.5,"","W",0,"9",0,"8","","8","",""
"253150230","KAMIENNA","2012","11","07",1.5,"","W",0,"9",0,"8","","8","",""
"253150230","KAMIENNA","2012","11","10",.3,"","W",0,"9",0,"8","","8","",""
"253150230","KAMIENNA","2012","11","11",3.5,"","W",0,"9",0,"8","","8","",""
"253150230","KAMIENNA","2012","11","23",3.5,"","W",0,"9",0,"8","","8","",""
"253150230","KAMIENNA","2012","11","26",2.1,"","W",0,"9",0,"8","","8","",""
"253150230","KAMIENNA","2012","11","28",12.3,"","W",0,"9",0,"8","","8","",""
"253150230","KAMIENNA","2012","11","29",16.1,"","W",0,"9",0,"8","","8","",""
"253150230","KAMIENNA","2012","11","30",.6,"","W",0,"9",0,"8","","8","",""
"253150240","BRZEèNIAK","2012","11","01",3.1,"","W",0,"9",0,"8","","8",".",""
"253150240","BRZEèNIAK","2012","11","02",2.6,"","W",0,"9",0,"8","","8",".",""
"253150240","BRZEèNIAK","2012","11","03",2.1,"","W",0,"9",0,"8","","8",".",""
"253150240","BRZEèNIAK","2012","11","04",4.8,"","W",0,"9",0,"8","","8",".",""
"253150240","BRZEèNIAK","2012","11","05",4.1,"","W",0,"9",0,"8","","8",".",""
"253150240","BRZEèNIAK","2012","11","06",9.0,"","W",0,"9",0,"8","","8",".",""
"253150240","BRZEèNIAK","2012","11","07",1.7,"","W",0,"9",0,"8","","8",".",""
"253150240","BRZEèNIAK","2012","11","08",4.4,"","W",0,"9",0,"8","","8",".",""
"253150240","BRZEèNIAK","2012","11","09",.2,"","W",0,"9",0,"8","","8",".",""
"253150240","BRZEèNIAK","2012","11","10",1.7,"","W",0,"9",0,"8","","8",".",""
"253150240","BRZEèNIAK","2012","11","11",.6,"","W",0,"9",0,"8","","8",".",""
"253150240","BRZEèNIAK","2012","11","18",.8,"","W",0,"9",0,"8","","8",".",""
"253150240","BRZEèNIAK","2012","11","20",.2,"","W",0,"9",0,"8","","8",".",""
"253150240","BRZEèNIAK","2012","11","22",.2,"","W",0,"9",0,"8","","8",".",""
"253150240","BRZEèNIAK","2012","11","23",1.8,"","W",0,"9",0,"8","","8",".",""
"253150240","BRZEèNIAK","2012","11","25",.3,"","W",0,"9",0,"8","","8",".",""
"253150240","BRZEèNIAK","2012","11","26",1.0,"","W",0,"9",0,"8","","8",".",""
"253150240","BRZEèNIAK","2012","11","27",.3,"","W",0,"9",0,"8","","8",".",""
"253150240","BRZEèNIAK","2012","11","28",4.6,"","W",0,"9",0,"8","","8",".",""
"253150240","BRZEèNIAK","2012","11","29",17.6,"","W",0,"9",0,"8","","8",".",""
"253150240","BRZEèNIAK","2012","11","30",2.2,"","S",0,"9",0,"8","","8",".",""
"253160010","S POLNO WIELKIE","2012","11","01",.7,"","W",0,"9",0,"8","","8",".",""
"253160010","S POLNO WIELKIE","2012","11","02",4.2,"","W",0,"9",0,"8","","8",".",""
"253160010","S POLNO WIELKIE","2012","11","03",1.7,"","W",0,"9",0,"8","","8",".",""
"253160010","S POLNO WIELKIE","2012","11","04",4.5,"","W",0,"9",0,"8","","8",".",""
"253160010","S POLNO WIELKIE","2012","11","05",6.5,"","W",0,"9",0,"8","","8",".",""
"253160010","S POLNO WIELKIE","2012","11","06",5.8,"","W",0,"9",0,"8","","8",".",""
"253160010","S POLNO WIELKIE","2012","11","07",3.1,"","W",0,"9",0,"8","","8",".",""
"253160010","S POLNO WIELKIE","2012","11","08",9.5,"","W",0,"9",0,"8","","8",".",""
"253160010","S POLNO WIELKIE","2012","11","09",2.7,"","W",0,"9",0,"8","","8",".",""
"253160010","S POLNO WIELKIE","2012","11","10",1.3,"","W",0,"9",0,"8","","8",".",""
"253160010","S POLNO WIELKIE","2012","11","11",1.4,"","W",0,"9",0,"8","","8",".",""
"253160010","S POLNO WIELKIE","2012","11","18",.7,"","W",0,"9",0,"8","","8",".",""
"253160010","S POLNO WIELKIE","2012","11","19",.1,"","W",0,"9",0,"8","","8",".",""
"253160010","S POLNO WIELKIE","2012","11","21",.1,"","W",0,"9",0,"8","","8",".",""
"253160010","S POLNO WIELKIE","2012","11","22",.7,"","W",0,"9",0,"8","","8",".",""
"253160010","S POLNO WIELKIE","2012","11","23",4.0,"","W",0,"9",0,"8","","8",".",""
"253160010","S POLNO WIELKIE","2012","11","24",.1,"","W",0,"9",0,"8","","8",".",""
"253160010","S POLNO WIELKIE","2012","11","25",.2,"","W",0,"9",0,"8","","8",".",""
"253160010","S POLNO WIELKIE","2012","11","26",2.5,"","W",0,"9",0,"8","","8",".",""
"253160010","S POLNO WIELKIE","2012","11","27",.2,"","W",0,"9",0,"8","","8",".",""
"253160010","S POLNO WIELKIE","2012","11","28",7.6,"","W",0,"9",0,"8","","8",".",""
"253160010","S POLNO WIELKIE","2012","11","29",23.3,"","W",0,"9",0,"8","","8",".",""
"253160010","S POLNO WIELKIE","2012","11","30",8.4,"","S",0,"9",0,"8","","8",".",""
"253160020","OS”WKO","2012","11","01",.8,"","W",0,"9",0,"8","","8",".",""
"253160020","OS”WKO","2012","11","02",6.5,"","W",0,"9",0,"8","","8",".",""
"253160020","OS”WKO","2012","11","03",1.7,"","W",0,"9",0,"8","","8",".",""
"253160020","OS”WKO","2012","11","04",4.8,"","W",0,"9",0,"8","","8",".",""
"253160020","OS”WKO","2012","11","05",10.0,"","W",0,"9",0,"8","","8",".",""
"253160020","OS”WKO","2012","11","06",4.7,"","W",0,"9",0,"8","","8",".",""
"253160020","OS”WKO","2012","11","07",2.0,"","W",0,"9",0,"8","","8",".",""
"253160020","OS”WKO","2012","11","08",5.3,"","W",0,"9",0,"8","","8",".",""
"253160020","OS”WKO","2012","11","09",2.2,"","W",0,"9",0,"8","","8",".",""
"253160020","OS”WKO","2012","11","10",1.0,"","W",0,"9",0,"8","","8",".",""
"253160020","OS”WKO","2012","11","11",.1,"","W",0,"9",0,"8","","8",".",""
"253160020","OS”WKO","2012","11","18",.8,"","W",0,"9",0,"8","","8",".",""
"253160020","OS”WKO","2012","11","23",2.2,"","W",0,"9",0,"8","","8",".",""
"253160020","OS”WKO","2012","11","24",.2,"","W",0,"9",0,"8","","8",".",""
"253160020","OS”WKO","2012","11","25",.2,"","W",0,"9",0,"8","","8",".",""
"253160020","OS”WKO","2012","11","26",2.7,"","W",0,"9",0,"8","","8",".",""
"253160020","OS”WKO","2012","11","27",.1,"","W",0,"9",0,"8","","8",".",""
"253160020","OS”WKO","2012","11","28",3.6,"","W",0,"9",0,"8","","8",".",""
"253160020","OS”WKO","2012","11","29",14.6,"","W",0,"9",0,"8","","8",".",""
"253160020","OS”WKO","2012","11","30",4.0,"","S",0,"9",0,"8","","8",".",""
"253160030","WIELANOWO","2012","11","01",.5,"","W",0,"9",0,"8","","8",".",""
"253160030","WIELANOWO","2012","11","02",3.4,"","W",0,"9",0,"8","","8",".",""
"253160030","WIELANOWO","2012","11","03",2.8,"","W",0,"9",0,"8","","8",".",""
"253160030","WIELANOWO","2012","11","04",2.4,"","W",0,"9",0,"8","","8",".",""
"253160030","WIELANOWO","2012","11","05",8.6,"","W",0,"9",0,"8","","8",".",""
"253160030","WIELANOWO","2012","11","06",3.3,"","W",0,"9",0,"8","","8",".",""
"253160030","WIELANOWO","2012","11","07",1.6,"","W",0,"9",0,"8","","8",".",""
"253160030","WIELANOWO","2012","11","08",5.1,"","W",0,"9",0,"8","","8",".",""
"253160030","WIELANOWO","2012","11","09",2.2,"","W",0,"9",0,"8","","8",".",""
"253160030","WIELANOWO","2012","11","18",1.1,"","W",0,"9",0,"8","","8",".",""
"253160030","WIELANOWO","2012","11","22",.4,"","W",0,"9",0,"8","","8",".",""
"253160030","WIELANOWO","2012","11","23",1.9,"","W",0,"9",0,"8","","8",".",""
"253160030","WIELANOWO","2012","11","24",.9,"","W",0,"9",0,"8","","8",".",""
"253160030","WIELANOWO","2012","11","25",.3,"","W",0,"9",0,"8","","8",".",""
"253160030","WIELANOWO","2012","11","26",2.7,"","W",0,"9",0,"8","","8",".",""
"253160030","WIELANOWO","2012","11","28",3.4,"","W",0,"9",0,"8","","8",".",""
"253160030","WIELANOWO","2012","11","29",13.5,"","W",0,"9",0,"8","","8",".",""
"253160030","WIELANOWO","2012","11","30",6.2,"","S",0,"9",0,"8","","8",".",""
"253160040","GRZMI•CA","2012","11","01",1.3,"","W",0,"9",0,"8","","8",".",""
"253160040","GRZMI•CA","2012","11","02",3.4,"","W",0,"9",0,"8","","8",".",""
"253160040","GRZMI•CA","2012","11","03",1.4,"","W",0,"9",0,"8","","8",".",""
"253160040","GRZMI•CA","2012","11","04",4.4,"","W",0,"9",0,"8","","8",".",""
"253160040","GRZMI•CA","2012","11","05",6.7,"","W",0,"9",0,"8","","8",".",""
"253160040","GRZMI•CA","2012","11","06",3.4,"","W",0,"9",0,"8","","8",".",""
"253160040","GRZMI•CA","2012","11","07",1.8,"","W",0,"9",0,"8","","8",".",""
"253160040","GRZMI•CA","2012","11","08",5.0,"","W",0,"9",0,"8","","8",".",""
"253160040","GRZMI•CA","2012","11","09",1.1,"","W",0,"9",0,"8","","8",".",""
"253160040","GRZMI•CA","2012","11","10",1.6,"","W",0,"9",0,"8","","8",".",""
"253160040","GRZMI•CA","2012","11","11",1.5,"","W",0,"9",0,"8","","8",".",""
"253160040","GRZMI•CA","2012","11","18",.8,"","W",0,"9",0,"8","","8",".",""
"253160040","GRZMI•CA","2012","11","19",.2,"","W",0,"9",0,"8","","8",".",""
"253160040","GRZMI•CA","2012","11","21",.2,"","W",0,"9",0,"8","","8",".",""
"253160040","GRZMI•CA","2012","11","22",.3,"","W",0,"9",0,"8","","8",".",""
"253160040","GRZMI•CA","2012","11","23",3.2,"","W",0,"9",0,"8","","8",".",""
"253160040","GRZMI•CA","2012","11","24",.1,"","W",0,"9",0,"8","","8",".",""
"253160040","GRZMI•CA","2012","11","25",.3,"","W",0,"9",0,"8","","8",".",""
"253160040","GRZMI•CA","2012","11","26",2.4,"","W",0,"9",0,"8","","8",".",""
"253160040","GRZMI•CA","2012","11","27",.2,"","W",0,"9",0,"8","","8",".",""
"253160040","GRZMI•CA","2012","11","28",7.8,"","W",0,"9",0,"8","","8",".",""
"253160040","GRZMI•CA","2012","11","29",16.4,"","W",0,"9",0,"8","","8",".",""
"253160040","GRZMI•CA","2012","11","30",2.4,"","S",0,"9",0,"8","","8",".",""
"253160050","BARWICE","2012","11","01",4.2,"","W",0,"9",0,"9","","9",".",""
"253160050","BARWICE","2012","11","03",3.9,"","W",0,"9",0,"9","","9",".",""
"253160050","BARWICE","2012","11","04",2.5,"","W",0,"9",0,"9","","9",".",""
"253160050","BARWICE","2012","11","05",6.6,"","W",0,"9",0,"9","","9",".",""
"253160050","BARWICE","2012","11","06",1.2,"","W",0,"9",0,"9","","9",".",""
"253160050","BARWICE","2012","11","07",2.5,"","W",0,"9",0,"9","","9",".",""
"253160050","BARWICE","2012","11","08",1.2,"","W",0,"9",0,"9","","9",".",""
"253160050","BARWICE","2012","11","09",2.1,"","W",0,"9",0,"9","","9",".",""
"253160050","BARWICE","2012","11","10",1.2,"","W",0,"9",0,"9","","9",".",""
"253160050","BARWICE","2012","11","11",.4,"","W",0,"9",0,"9","","9",".",""
"253160050","BARWICE","2012","11","18",.5,"","W",0,"9",0,"9","","9",".",""
"253160050","BARWICE","2012","11","19",.6,"","W",0,"9",0,"9","","9",".",""
"253160050","BARWICE","2012","11","21",.5,"","W",0,"9",0,"9","","9",".",""
"253160050","BARWICE","2012","11","23",1.2,"","W",0,"9",0,"9","","9",".",""
"253160050","BARWICE","2012","11","24",.4,"","W",0,"9",0,"9","","9",".",""
"253160050","BARWICE","2012","11","25",.6,"","W",0,"9",0,"9","","9",".",""
"253160050","BARWICE","2012","11","26",1.6,"","W",0,"9",0,"9","","9",".",""
"253160050","BARWICE","2012","11","28",12.3,"","W",0,"9",0,"9","","9",".",""
"253160050","BARWICE","2012","11","29",17.1,"","S",0,"9",0,"9","","9",".",""
"253160050","BARWICE","2012","11","30",1.8,"","S",0,"",0,"","5","","SL",""
"253160060","KLUCZEWO","2012","11","01",1.1,"","W",0,"9",0,"8","","8","",""
"253160060","KLUCZEWO","2012","11","02",3.1,"","W",0,"9",0,"8","","8","",""
"253160060","KLUCZEWO","2012","11","03",1.1,"","W",0,"9",0,"8","","8","",""
"253160060","KLUCZEWO","2012","11","04",5.0,"","W",0,"9",0,"8","","8","",""
"253160060","KLUCZEWO","2012","11","05",9.9,"","W",0,"9",0,"8","","8","",""
"253160060","KLUCZEWO","2012","11","06",4.6,"","W",0,"9",0,"8","","8","",""
"253160060","KLUCZEWO","2012","11","07",.7,"","W",0,"9",0,"8","","8","",""
"253160060","KLUCZEWO","2012","11","08",5.6,"","W",0,"9",0,"8","","8","",""
"253160060","KLUCZEWO","2012","11","09",2.0,"","W",0,"9",0,"8","","8","",""
"253160060","KLUCZEWO","2012","11","10",1.1,"","W",0,"9",0,"8","","8","",""
"253160060","KLUCZEWO","2012","11","11",1.8,"","W",0,"9",0,"8","","8","",""
"253160060","KLUCZEWO","2012","11","18",.4,"","W",0,"9",0,"8","","8","",""
"253160060","KLUCZEWO","2012","11","21",.0,"","W",0,"9",0,"8","","8","",""
"253160060","KLUCZEWO","2012","11","22",.4,"","W",0,"9",0,"8","","8","",""
"253160060","KLUCZEWO","2012","11","23",2.3,"","W",0,"9",0,"8","","8","",""
"253160060","KLUCZEWO","2012","11","24",.4,"","W",0,"9",0,"8","","8","",""
"253160060","KLUCZEWO","2012","11","26",2.0,"","W",0,"9",0,"8","","8","",""
"253160060","KLUCZEWO","2012","11","27",.2,"","W",0,"9",0,"8","","8","",""
"253160060","KLUCZEWO","2012","11","28",7.7,"","W",0,"9",0,"8","","8","",""
"253160060","KLUCZEWO","2012","11","29",22.0,"","W",0,"9",0,"8","","8","",""
"253160060","KLUCZEWO","2012","11","30",1.2,"","S",0,"9",0,"8","","8","",""
"253160070","SILNOWO","2012","11","01",1.1,"","W",0,"9",0,"8","","8","",""
"253160070","SILNOWO","2012","11","02",1.2,"","W",0,"9",0,"8","","8","",""
"253160070","SILNOWO","2012","11","04",7.2,"","W",0,"9",0,"8","","8","",""
"253160070","SILNOWO","2012","11","06",6.2,"","W",0,"9",0,"8","","8","",""
"253160070","SILNOWO","2012","11","11",1.4,"","W",0,"9",0,"8","","8","",""
"253160070","SILNOWO","2012","11","18",2.1,"","W",0,"9",0,"8","","8","",""
"253160070","SILNOWO","2012","11","21",.6,"","W",0,"9",0,"8","","8","",""
"253160070","SILNOWO","2012","11","22",.3,"","W",0,"9",0,"8","","8","",""
"253160070","SILNOWO","2012","11","27",4.6,"","W",0,"9",0,"8","","8","",""
"253160070","SILNOWO","2012","11","28",12.8,"","W",0,"9",0,"8","","8","",""
"253160070","SILNOWO","2012","11","29",13.1,"","W",0,"9",0,"8","","8","",""
"253160070","SILNOWO","2012","11","30",9.2,"","W",0,"9",0,"8","","8","",""
"253160080","OKONEK","2012","11","01",2.0,"","W",0,"9",0,"8","","8","",""
"253160080","OKONEK","2012","11","02",2.7,"","W",0,"9",0,"8","","8","",""
"253160080","OKONEK","2012","11","03",1.9,"","W",0,"9",0,"8","","8","",""
"253160080","OKONEK","2012","11","04",8.2,"","W",0,"9",0,"8","","8","",""
"253160080","OKONEK","2012","11","05",6.6,"","W",0,"9",0,"8","","8","",""
"253160080","OKONEK","2012","11","06",3.2,"","W",0,"9",0,"8","","8","",""
"253160080","OKONEK","2012","11","07",.6,"","W",0,"9",0,"8","","8","",""
"253160080","OKONEK","2012","11","08",4.2,"","W",0,"9",0,"8","","8","",""
"253160080","OKONEK","2012","11","09",.7,"","W",0,"9",0,"8","","8","",""
"253160080","OKONEK","2012","11","11",4.8,"","W",0,"9",0,"8","","8","",""
"253160080","OKONEK","2012","11","18",.3,"","W",0,"9",0,"8","","8","",""
"253160080","OKONEK","2012","11","22",.8,"","W",0,"9",0,"8","","8","",""
"253160080","OKONEK","2012","11","23",3.1,"","W",0,"9",0,"8","","8","",""
"253160080","OKONEK","2012","11","24",.4,"","W",0,"9",0,"8","","8","",""
"253160080","OKONEK","2012","11","25",.7,"","W",0,"9",0,"8","","8","",""
"253160080","OKONEK","2012","11","26",.2,"","W",0,"9",0,"8","","8","",""
"253160080","OKONEK","2012","11","28",9.7,"","W",0,"9",0,"8","","8","",""
"253160080","OKONEK","2012","11","29",21.7,"","W",0,"9",0,"8","","8","",""
"253160080","OKONEK","2012","11","30",1.5,"","S",0,"9",0,"8","","8","",""
"253160110","JASTROWIE","2012","11","01",2.9,"","W",0,"9",0,"8","","8","",""
"253160110","JASTROWIE","2012","11","02",2.2,"","W",0,"9",0,"8","","8","",""
"253160110","JASTROWIE","2012","11","03",1.2,"","W",0,"9",0,"8","","8","",""
"253160110","JASTROWIE","2012","11","04",7.5,"","W",0,"9",0,"8","","8","",""
"253160110","JASTROWIE","2012","11","05",4.7,"","W",0,"9",0,"8","","8","",""
"253160110","JASTROWIE","2012","11","06",4.0,"","W",0,"9",0,"8","","8","",""
"253160110","JASTROWIE","2012","11","07",.6,"","W",0,"9",0,"8","","8","",""
"253160110","JASTROWIE","2012","11","08",3.6,"","W",0,"9",0,"8","","8","",""
"253160110","JASTROWIE","2012","11","09",2.0,"","W",0,"9",0,"8","","8","",""
"253160110","JASTROWIE","2012","11","11",4.6,"","W",0,"9",0,"8","","8","",""
"253160110","JASTROWIE","2012","11","18",.1,"","W",0,"9",0,"8","","8","",""
"253160110","JASTROWIE","2012","11","21",.3,"","W",0,"9",0,"8","","8","",""
"253160110","JASTROWIE","2012","11","22",.8,"","W",0,"9",0,"8","","8","",""
"253160110","JASTROWIE","2012","11","23",3.4,"","W",0,"9",0,"8","","8","",""
"253160110","JASTROWIE","2012","11","24",.5,"","W",0,"9",0,"8","","8","",""
"253160110","JASTROWIE","2012","11","25",.1,"","W",0,"9",0,"8","","8","",""
"253160110","JASTROWIE","2012","11","26",.5,"","W",0,"9",0,"8","","8","",""
"253160110","JASTROWIE","2012","11","27",.3,"","W",0,"9",0,"8","","8","",""
"253160110","JASTROWIE","2012","11","28",9.4,"","W",0,"9",0,"8","","8","",""
"253160110","JASTROWIE","2012","11","29",24.1,"","W",0,"9",0,"8","","8","",""
"253160110","JASTROWIE","2012","11","30",.9,"","S",0,"9",0,"8","","8","",""
"253160120","KARSIB”R","2012","11","01",2.0,"","W",0,"9",0,"8","","8","",""
"253160120","KARSIB”R","2012","11","02",2.3,"","W",0,"9",0,"8","","8","",""
"253160120","KARSIB”R","2012","11","03",2.6,"","W",0,"9",0,"8","","8","",""
"253160120","KARSIB”R","2012","11","04",7.0,"","W",0,"9",0,"8","","8","",""
"253160120","KARSIB”R","2012","11","05",5.0,"","W",0,"9",0,"8","","8","",""
"253160120","KARSIB”R","2012","11","06",4.0,"","W",0,"9",0,"8","","8","",""
"253160120","KARSIB”R","2012","11","07",.5,"","W",0,"9",0,"8","","8","",""
"253160120","KARSIB”R","2012","11","08",2.8,"","W",0,"9",0,"8","","8","",""
"253160120","KARSIB”R","2012","11","09",.3,"","W",0,"9",0,"8","","8","",""
"253160120","KARSIB”R","2012","11","11",3.0,"","W",0,"9",0,"8","","8","",""
"253160120","KARSIB”R","2012","11","18",.3,"","W",0,"9",0,"8","","8","",""
"253160120","KARSIB”R","2012","11","20",.3,"","W",0,"9",0,"8","","8","",""
"253160120","KARSIB”R","2012","11","22",.3,"","W",0,"9",0,"8","","8","",""
"253160120","KARSIB”R","2012","11","23",2.0,"","W",0,"9",0,"8","","8","",""
"253160120","KARSIB”R","2012","11","24",.3,"","W",0,"9",0,"8","","8","",""
"253160120","KARSIB”R","2012","11","25",.2,"","W",0,"9",0,"8","","8","",""
"253160120","KARSIB”R","2012","11","27",1.5,"","W",0,"9",0,"8","","8","",""
"253160120","KARSIB”R","2012","11","28",11.0,"","W",0,"9",0,"8","","8","",""
"253160120","KARSIB”R","2012","11","29",21.5,"","W",0,"9",0,"8","","8","",""
"253160120","KARSIB”R","2012","11","30",.5,"","S",0,"9",0,"8","","8","",""
"253160130","MIROS£AWIEC","2012","11","01",2.7,"","W",0,"9",0,"8","","8","",""
"253160130","MIROS£AWIEC","2012","11","02",1.6,"","W",0,"9",0,"8","","8","",""
"253160130","MIROS£AWIEC","2012","11","03",1.5,"","W",0,"9",0,"8","","8","",""
"253160130","MIROS£AWIEC","2012","11","04",6.7,"","W",0,"9",0,"8","","8","",""
"253160130","MIROS£AWIEC","2012","11","05",3.8,"","W",0,"9",0,"8","","8","",""
"253160130","MIROS£AWIEC","2012","11","06",4.7,"","W",0,"9",0,"8","","8","",""
"253160130","MIROS£AWIEC","2012","11","07",1.1,"","W",0,"9",0,"8","","8","",""
"253160130","MIROS£AWIEC","2012","11","08",3.6,"","W",0,"9",0,"8","","8","",""
"253160130","MIROS£AWIEC","2012","11","10",.9,"","W",0,"9",0,"8","","8","",""
"253160130","MIROS£AWIEC","2012","11","11",2.3,"","W",0,"9",0,"8","","8","",""
"253160130","MIROS£AWIEC","2012","11","18",.5,"","W",0,"9",0,"8","","8","",""
"253160130","MIROS£AWIEC","2012","11","21",.3,"","W",0,"9",0,"8","","8","",""
"253160130","MIROS£AWIEC","2012","11","23",2.3,"","W",0,"9",0,"8","","8","",""
"253160130","MIROS£AWIEC","2012","11","24",.2,"","W",0,"9",0,"8","","8","",""
"253160130","MIROS£AWIEC","2012","11","25",.2,"","W",0,"9",0,"8","","8","",""
"253160130","MIROS£AWIEC","2012","11","26",1.8,"","W",0,"9",0,"8","","8","",""
"253160130","MIROS£AWIEC","2012","11","27",.1,"","W",0,"9",0,"8","","8","",""
"253160130","MIROS£AWIEC","2012","11","28",8.0,"","W",0,"9",0,"8","","8","",""
"253160130","MIROS£AWIEC","2012","11","29",23.5,"","W",0,"9",0,"8","","8","",""
"253160130","MIROS£AWIEC","2012","11","30",.6,"","S",0,"9",0,"8","","8","",""
"253160140","KRAJENKA","2012","11","01",1.3,"","W",0,"9",0,"8","","8","",""
"253160140","KRAJENKA","2012","11","04",10.7,"","W",0,"9",0,"8","","8","",""
"253160140","KRAJENKA","2012","11","05",2.3,"","W",0,"9",0,"8","","8","",""
"253160140","KRAJENKA","2012","11","06",2.1,"","W",0,"9",0,"8","","8","",""
"253160140","KRAJENKA","2012","11","07",1.4,"","W",0,"9",0,"8","","8","",""
"253160140","KRAJENKA","2012","11","08",2.2,"","W",0,"9",0,"8","","8","",""
"253160140","KRAJENKA","2012","11","09",1.6,"","W",0,"9",0,"8","","8","",""
"253160140","KRAJENKA","2012","11","10",.2,"","W",0,"9",0,"8","","8","",""
"253160140","KRAJENKA","2012","11","11",1.6,"","W",0,"9",0,"8","","8","",""
"253160140","KRAJENKA","2012","11","23",3.3,"","W",0,"9",0,"8","","8","",""
"253160140","KRAJENKA","2012","11","27",2.8,"","W",0,"9",0,"8","","8","",""
"253160140","KRAJENKA","2012","11","28",13.8,"","W",0,"9",0,"8","","8","",""
"253160140","KRAJENKA","2012","11","29",20.4,"","W",0,"9",0,"8","","8","",""
"253160140","KRAJENKA","2012","11","30",1.6,"","S",0,"9",0,"8","","8","",""
"253160150","TUCZNO","2012","11","01",3.5,"","W",0,"9",0,"8","","8","",""
"253160150","TUCZNO","2012","11","02",.0,"","W",0,"9",0,"8","","8","",""
"253160150","TUCZNO","2012","11","03",2.5,"","W",0,"9",0,"8","","8","",""
"253160150","TUCZNO","2012","11","04",10.0,"","W",0,"9",0,"8","","8","",""
"253160150","TUCZNO","2012","11","05",4.0,"","W",0,"9",0,"8","","8","",""
"253160150","TUCZNO","2012","11","06",3.8,"","W",0,"9",0,"8","","8","",""
"253160150","TUCZNO","2012","11","07",.3,"","W",0,"9",0,"8","","8","",""
"253160150","TUCZNO","2012","11","08",2.5,"","W",0,"9",0,"8","","8","",""
"253160150","TUCZNO","2012","11","09",.3,"","W",0,"9",0,"8","","8","",""
"253160150","TUCZNO","2012","11","10",.6,"","W",0,"9",0,"8","","8","",""
"253160150","TUCZNO","2012","11","11",3.4,"","W",0,"9",0,"8","","8","",""
"253160150","TUCZNO","2012","11","14",.0,"","W",0,"9",0,"8","","8","",""
"253160150","TUCZNO","2012","11","15",.5,"","W",0,"9",0,"8","","8","",""
"253160150","TUCZNO","2012","11","16",.7,"","W",0,"9",0,"8","","8","",""
"253160150","TUCZNO","2012","11","18",.7,"","W",0,"9",0,"8","","8","",""
"253160150","TUCZNO","2012","11","23",.8,"","W",0,"9",0,"8","","8","",""
"253160150","TUCZNO","2012","11","24",.7,"","W",0,"9",0,"8","","8","",""
"253160150","TUCZNO","2012","11","25",.2,"","W",0,"9",0,"8","","8","",""
"253160150","TUCZNO","2012","11","26",1.6,"","W",0,"9",0,"8","","8","",""
"253160150","TUCZNO","2012","11","27",2.6,"","W",0,"9",0,"8","","8","",""
"253160150","TUCZNO","2012","11","28",9.1,"","W",0,"9",0,"8","","8","",""
"253160150","TUCZNO","2012","11","29",15.1,"","W",0,"9",0,"8","","8","",""
"253160150","TUCZNO","2012","11","30",.0,"","W",0,"9",0,"8","","8","",""
"253160160","GOSTOMIA","2012","11","01",3.0,"","W",0,"9",0,"8","","8","",""
"253160160","GOSTOMIA","2012","11","03",.2,"","W",0,"9",0,"8","","8","",""
"253160160","GOSTOMIA","2012","11","04",8.3,"","W",0,"9",0,"8","","8","",""
"253160160","GOSTOMIA","2012","11","08",3.6,"","W",0,"9",0,"8","","8","",""
"253160160","GOSTOMIA","2012","11","11",6.8,"","W",0,"9",0,"8","","8","",""
"253160160","GOSTOMIA","2012","11","27",1.2,"","W",0,"9",0,"8","","8","",""
"253160160","GOSTOMIA","2012","11","28",11.0,"","W",0,"9",0,"8","","8","",""
"253160160","GOSTOMIA","2012","11","29",21.1,"","W",0,"9",0,"8","","8","",""
"253160160","GOSTOMIA","2012","11","30",.6,"","S",0,"9",0,"8","","8","",""
"253160170","CZ£OPA","2012","11","01",4.5,"","W",0,"9",0,"8","","8","",""
"253160170","CZ£OPA","2012","11","02",2.4,"","W",0,"9",0,"8","","8","",""
"253160170","CZ£OPA","2012","11","03",1.1,"","W",0,"9",0,"8","","8","",""
"253160170","CZ£OPA","2012","11","04",7.6,"","W",0,"9",0,"8","","8","",""
"253160170","CZ£OPA","2012","11","05",2.9,"","W",0,"9",0,"8","","8","",""
"253160170","CZ£OPA","2012","11","06",3.3,"","W",0,"9",0,"8","","8","",""
"253160170","CZ£OPA","2012","11","07",.9,"","W",0,"9",0,"8","","8","",""
"253160170","CZ£OPA","2012","11","08",1.7,"","W",0,"9",0,"8","","8","",""
"253160170","CZ£OPA","2012","11","09",.4,"","W",0,"9",0,"8","","8","",""
"253160170","CZ£OPA","2012","11","10",.2,"","W",0,"9",0,"8","","8","",""
"253160170","CZ£OPA","2012","11","11",4.3,"","W",0,"9",0,"8","","8","",""
"253160170","CZ£OPA","2012","11","18",.7,"","W",0,"9",0,"8","","8","",""
"253160170","CZ£OPA","2012","11","21",.4,"","W",0,"9",0,"8","","8","",""
"253160170","CZ£OPA","2012","11","23",3.0,"","W",0,"9",0,"8","","8","",""
"253160170","CZ£OPA","2012","11","24",.2,"","W",0,"9",0,"8","","8","",""
"253160170","CZ£OPA","2012","11","25",.4,"","W",0,"9",0,"8","","8","",""
"253160170","CZ£OPA","2012","11","26",1.2,"","W",0,"9",0,"8","","8","",""
"253160170","CZ£OPA","2012","11","27",.8,"","W",0,"9",0,"8","","8","",""
"253160170","CZ£OPA","2012","11","28",8.1,"","W",0,"9",0,"8","","8","",""
"253160170","CZ£OPA","2012","11","29",23.4,"","W",0,"9",0,"8","","8","",""
"253160170","CZ£OPA","2012","11","30",.4,"","W",0,"9",0,"8","","8","",""
"253160180","TRZCIANKA","2012","11","01",3.0,"","W",0,"9",0,"8","","8","",""
"253160180","TRZCIANKA","2012","11","02",1.5,"","W",0,"9",0,"8","","8","",""
"253160180","TRZCIANKA","2012","11","03",1.4,"","W",0,"9",0,"8","","8","",""
"253160180","TRZCIANKA","2012","11","04",6.6,"","W",0,"9",0,"8","","8","",""
"253160180","TRZCIANKA","2012","11","05",1.6,"","W",0,"9",0,"8","","8","",""
"253160180","TRZCIANKA","2012","11","06",2.5,"","W",0,"9",0,"8","","8","",""
"253160180","TRZCIANKA","2012","11","07",1.7,"","W",0,"9",0,"8","","8","",""
"253160180","TRZCIANKA","2012","11","08",1.2,"","W",0,"9",0,"8","","8","",""
"253160180","TRZCIANKA","2012","11","09",.1,"","W",0,"9",0,"8","","8","",""
"253160180","TRZCIANKA","2012","11","10",.1,"","W",0,"9",0,"8","","8","",""
"253160180","TRZCIANKA","2012","11","11",5.1,"","W",0,"9",0,"8","","8","",""
"253160180","TRZCIANKA","2012","11","12",.2,"","W",0,"9",0,"8","","8","",""
"253160180","TRZCIANKA","2012","11","13",.1,"","W",0,"9",0,"8","","8","",""
"253160180","TRZCIANKA","2012","11","14",.1,"","W",0,"9",0,"8","","8","",""
"253160180","TRZCIANKA","2012","11","15",.1,"","W",0,"9",0,"8","","8","",""
"253160180","TRZCIANKA","2012","11","16",.1,"","W",0,"9",0,"8","","8","",""
"253160180","TRZCIANKA","2012","11","18",.2,"","W",0,"9",0,"8","","8","",""
"253160180","TRZCIANKA","2012","11","21",.2,"","W",0,"9",0,"8","","8","",""
"253160180","TRZCIANKA","2012","11","22",.3,"","W",0,"9",0,"8","","8","",""
"253160180","TRZCIANKA","2012","11","23",1.9,"","W",0,"9",0,"8","","8","",""
"253160180","TRZCIANKA","2012","11","24",.3,"","W",0,"9",0,"8","","8","",""
"253160180","TRZCIANKA","2012","11","25",.1,"","W",0,"9",0,"8","","8","",""
"253160180","TRZCIANKA","2012","11","26",.3,"","W",0,"9",0,"8","","8","",""
"253160180","TRZCIANKA","2012","11","27",.6,"","W",0,"9",0,"8","","8","",""
"253160180","TRZCIANKA","2012","11","28",8.7,"","W",0,"9",0,"8","","8","",""
"253160180","TRZCIANKA","2012","11","29",28.2,"","W",0,"9",0,"8","","8","",""
"253160180","TRZCIANKA","2012","11","30",.1,"","W",0,"9",0,"8","","8","",""
"253170010","BOROWY M£YN","2012","11","01",3.7,"","W",0,"9",0,"8","","8",".",""
"253170010","BOROWY M£YN","2012","11","02",1.9,"","W",0,"9",0,"8","","8",".",""
"253170010","BOROWY M£YN","2012","11","03",2.6,"","W",0,"9",0,"8","","8",".",""
"253170010","BOROWY M£YN","2012","11","04",6.0,"","W",0,"9",0,"8","","8",".",""
"253170010","BOROWY M£YN","2012","11","05",4.1,"","W",0,"9",0,"8","","8",".",""
"253170010","BOROWY M£YN","2012","11","06",3.6,"","W",0,"9",0,"8","","8",".",""
"253170010","BOROWY M£YN","2012","11","07",.0,"","W",0,"9",0,"8","","8",".",""
"253170010","BOROWY M£YN","2012","11","08",7.9,"","W",0,"9",0,"8","","8",".",""
"253170010","BOROWY M£YN","2012","11","09",2.0,"","W",0,"9",0,"8","","8",".",""
"253170010","BOROWY M£YN","2012","11","10",.0,"","W",0,"9",0,"8","","8",".",""
"253170010","BOROWY M£YN","2012","11","11",5.3,"","W",0,"9",0,"8","","8",".",""
"253170010","BOROWY M£YN","2012","11","18",1.5,"","W",0,"9",0,"8","","8",".",""
"253170010","BOROWY M£YN","2012","11","22",.6,"","W",0,"9",0,"8","","8",".",""
"253170010","BOROWY M£YN","2012","11","23",4.5,"","W",0,"9",0,"8","","8",".",""
"253170010","BOROWY M£YN","2012","11","24",.3,"","W",0,"9",0,"8","","8",".",""
"253170010","BOROWY M£YN","2012","11","25",.5,"","W",0,"9",0,"8","","8",".",""
"253170010","BOROWY M£YN","2012","11","26",1.5,"","W",0,"9",0,"8","","8",".",""
"253170010","BOROWY M£YN","2012","11","27",.3,"","W",0,"9",0,"8","","8",".",""
"253170010","BOROWY M£YN","2012","11","28",12.4,"","W",0,"9",0,"8","","8",".",""
"253170010","BOROWY M£YN","2012","11","29",19.4,"","W",0,"9",0,"8","","8",".",""
"253170010","BOROWY M£YN","2012","11","30",1.6,"","S",0,"9",0,"8","","8",".",""
"253170020","JEZIORNA","2012","11","01",2.7,"","W",0,"9",0,"8","","8",".",""
"253170020","JEZIORNA","2012","11","02",1.0,"","W",0,"9",0,"8","","8",".",""
"253170020","JEZIORNA","2012","11","03",.4,"","W",0,"9",0,"8","","8",".",""
"253170020","JEZIORNA","2012","11","04",4.2,"","W",0,"9",0,"8","","8",".",""
"253170020","JEZIORNA","2012","11","05",10.2,"","W",0,"9",0,"8","","8",".",""
"253170020","JEZIORNA","2012","11","06",3.5,"","W",0,"9",0,"8","","8",".",""
"253170020","JEZIORNA","2012","11","07",1.7,"","W",0,"9",0,"8","","8",".",""
"253170020","JEZIORNA","2012","11","08",5.2,"","W",0,"9",0,"8","","8",".",""
"253170020","JEZIORNA","2012","11","09",.7,"","W",0,"9",0,"8","","8",".",""
"253170020","JEZIORNA","2012","11","10",.1,"","W",0,"9",0,"8","","8",".",""
"253170020","JEZIORNA","2012","11","11",5.3,"","W",0,"9",0,"8","","8",".",""
"253170020","JEZIORNA","2012","11","18",.2,"","W",0,"9",0,"8","","8",".",""
"253170020","JEZIORNA","2012","11","22",.3,"","W",0,"9",0,"8","","8",".",""
"253170020","JEZIORNA","2012","11","23",3.5,"","W",0,"9",0,"8","","8",".",""
"253170020","JEZIORNA","2012","11","24",.5,"","W",0,"9",0,"8","","8",".",""
"253170020","JEZIORNA","2012","11","25",.5,"","W",0,"9",0,"8","","8",".",""
"253170020","JEZIORNA","2012","11","26",.9,"","W",0,"9",0,"8","","8",".",""
"253170020","JEZIORNA","2012","11","27",.1,"","W",0,"9",0,"8","","8",".",""
"253170020","JEZIORNA","2012","11","28",13.2,"","W",0,"9",0,"8","","8",".",""
"253170020","JEZIORNA","2012","11","29",21.3,"","W",0,"9",0,"8","","8",".",""
"253170020","JEZIORNA","2012","11","30",1.0,"","S",0,"9",0,"8","","8",".",""
"253170030","R”ØKI-D BIE","2012","11","01",1.6,"","W",0,"9",0,"8","","8",".",""
"253170030","R”ØKI-D BIE","2012","11","03",2.8,"","W",0,"9",0,"8","","8",".",""
"253170030","R”ØKI-D BIE","2012","11","04",7.0,"","W",0,"9",0,"8","","8",".",""
"253170030","R”ØKI-D BIE","2012","11","05",4.3,"","W",0,"9",0,"8","","8",".",""
"253170030","R”ØKI-D BIE","2012","11","06",6.5,"","W",0,"9",0,"8","","8",".",""
"253170030","R”ØKI-D BIE","2012","11","07",2.7,"","W",0,"9",0,"8","","8",".",""
"253170030","R”ØKI-D BIE","2012","11","08",8.4,"","W",0,"9",0,"8","","8",".",""
"253170030","R”ØKI-D BIE","2012","11","09",3.3,"","W",0,"9",0,"8","","8",".",""
"253170030","R”ØKI-D BIE","2012","11","10",.9,"","W",0,"9",0,"8","","8",".",""
"253170030","R”ØKI-D BIE","2012","11","11",2.4,"","W",0,"9",0,"8","","8",".",""
"253170030","R”ØKI-D BIE","2012","11","12",.2,"","W",0,"9",0,"8","","8",".",""
"253170030","R”ØKI-D BIE","2012","11","18",.3,"","W",0,"9",0,"8","","8",".",""
"253170030","R”ØKI-D BIE","2012","11","21",.1,"","W",0,"9",0,"8","","8",".",""
"253170030","R”ØKI-D BIE","2012","11","22",.4,"","W",0,"9",0,"8","","8",".",""
"253170030","R”ØKI-D BIE","2012","11","23",4.6,"","W",0,"9",0,"8","","8",".",""
"253170030","R”ØKI-D BIE","2012","11","24",.3,"","W",0,"9",0,"8","","8",".",""
"253170030","R”ØKI-D BIE","2012","11","25",.5,"","W",0,"9",0,"8","","8",".",""
"253170030","R”ØKI-D BIE","2012","11","26",2.1,"","W",0,"9",0,"8","","8",".",""
"253170030","R”ØKI-D BIE","2012","11","27",.4,"","W",0,"9",0,"8","","8",".",""
"253170030","R”ØKI-D BIE","2012","11","28",11.8,"","W",0,"9",0,"8","","8",".",""
"253170030","R”ØKI-D BIE","2012","11","29",21.8,"","W",0,"9",0,"8","","8",".",""
"253170030","R”ØKI-D BIE","2012","11","30",2.5,"","S",0,"9",0,"8","","8",".",""
"253170040","KOSOBUDY","2012","11","01",2.0,"","W",0,"9",0,"8","","8",".",""
"253170040","KOSOBUDY","2012","11","02",1.2,"","W",0,"9",0,"8","","8",".",""
"253170040","KOSOBUDY","2012","11","03",.6,"","W",0,"9",0,"8","","8",".",""
"253170040","KOSOBUDY","2012","11","04",9.3,"","W",0,"9",0,"8","","8",".",""
"253170040","KOSOBUDY","2012","11","05",1.0,"","W",0,"9",0,"8","","8",".",""
"253170040","KOSOBUDY","2012","11","06",1.9,"","W",0,"9",0,"8","","8",".",""
"253170040","KOSOBUDY","2012","11","07",.9,"","W",0,"9",0,"8","","8",".",""
"253170040","KOSOBUDY","2012","11","08",5.7,"","W",0,"9",0,"8","","8",".",""
"253170040","KOSOBUDY","2012","11","09",.2,"","W",0,"9",0,"8","","8",".",""
"253170040","KOSOBUDY","2012","11","10",.2,"","W",0,"9",0,"8","","8",".",""
"253170040","KOSOBUDY","2012","11","11",5.8,"","W",0,"9",0,"8","","8",".",""
"253170040","KOSOBUDY","2012","11","18",.2,"","W",0,"9",0,"8","","8",".",""
"253170040","KOSOBUDY","2012","11","22",.4,"","W",0,"9",0,"8","","8",".",""
"253170040","KOSOBUDY","2012","11","23",3.3,"","W",0,"9",0,"8","","8",".",""
"253170040","KOSOBUDY","2012","11","24",.7,"","W",0,"9",0,"8","","8",".",""
"253170040","KOSOBUDY","2012","11","25",.1,"","W",0,"9",0,"8","","8",".",""
"253170040","KOSOBUDY","2012","11","26",.6,"","W",0,"9",0,"8","","8",".",""
"253170040","KOSOBUDY","2012","11","27",.1,"","W",0,"9",0,"8","","8",".",""
"253170040","KOSOBUDY","2012","11","28",12.4,"","W",0,"9",0,"8","","8",".",""
"253170040","KOSOBUDY","2012","11","29",23.2,"","W",0,"9",0,"8","","8",".",""
"253170040","KOSOBUDY","2012","11","30",.1,"","S",0,"9",0,"8","","8",".",""
"253170050","GWIEèDZIN","2012","11","01",1.8,"","W",0,"9",0,"8","","8",".",""
"253170050","GWIEèDZIN","2012","11","02",1.8,"","W",0,"9",0,"8","","8",".",""
"253170050","GWIEèDZIN","2012","11","03",.5,"","W",0,"9",0,"8","","8",".",""
"253170050","GWIEèDZIN","2012","11","04",8.1,"","W",0,"9",0,"8","","8",".",""
"253170050","GWIEèDZIN","2012","11","05",4.1,"","W",0,"9",0,"8","","8",".",""
"253170050","GWIEèDZIN","2012","11","06",3.2,"","W",0,"9",0,"8","","8",".",""
"253170050","GWIEèDZIN","2012","11","07",.5,"","W",0,"9",0,"8","","8",".",""
"253170050","GWIEèDZIN","2012","11","08",1.2,"","W",0,"9",0,"8","","8",".",""
"253170050","GWIEèDZIN","2012","11","09",5.1,"","W",0,"9",0,"8","","8",".",""
"253170050","GWIEèDZIN","2012","11","10",.6,"","W",0,"9",0,"8","","8",".",""
"253170050","GWIEèDZIN","2012","11","11",5.1,"","W",0,"9",0,"8","","8",".",""
"253170050","GWIEèDZIN","2012","11","18",.3,"","W",0,"9",0,"8","","8",".",""
"253170050","GWIEèDZIN","2012","11","23",3.5,"","W",0,"9",0,"8","","8",".",""
"253170050","GWIEèDZIN","2012","11","25",.3,"","W",0,"9",0,"8","","8",".",""
"253170050","GWIEèDZIN","2012","11","26",1.2,"","W",0,"9",0,"8","","8",".",""
"253170050","GWIEèDZIN","2012","11","28",10.5,"","W",0,"9",0,"8","","8",".",""
"253170050","GWIEèDZIN","2012","11","29",24.3,"","W",0,"9",0,"8","","8",".",""
"253170050","GWIEèDZIN","2012","11","30",.5,"","S",0,"9",0,"8","","8",".",""
"253170060","ZAP DOWO","2012","11","01",2.0,"","W",0,"9",0,"8","","8",".",""
"253170060","ZAP DOWO","2012","11","02",1.1,"","W",0,"9",0,"8","","8",".",""
"253170060","ZAP DOWO","2012","11","03",.7,"","W",0,"9",0,"8","","8",".",""
"253170060","ZAP DOWO","2012","11","04",9.4,"","W",0,"9",0,"8","","8",".",""
"253170060","ZAP DOWO","2012","11","05",2.8,"","W",0,"9",0,"8","","8",".",""
"253170060","ZAP DOWO","2012","11","06",1.8,"","W",0,"9",0,"8","","8",".",""
"253170060","ZAP DOWO","2012","11","07",1.1,"","W",0,"9",0,"8","","8",".",""
"253170060","ZAP DOWO","2012","11","08",2.0,"","W",0,"9",0,"8","","8",".",""
"253170060","ZAP DOWO","2012","11","09",3.5,"","W",0,"9",0,"8","","8",".",""
"253170060","ZAP DOWO","2012","11","11",8.5,"","W",0,"9",0,"8","","8",".",""
"253170060","ZAP DOWO","2012","11","18",.2,"","W",0,"9",0,"8","","8",".",""
"253170060","ZAP DOWO","2012","11","20",.1,"","W",0,"9",0,"8","","8",".",""
"253170060","ZAP DOWO","2012","11","22",.1,"","W",0,"9",0,"8","","8",".",""
"253170060","ZAP DOWO","2012","11","23",3.3,"","W",0,"9",0,"8","","8",".",""
"253170060","ZAP DOWO","2012","11","24",1.1,"","W",0,"9",0,"8","","8",".",""
"253170060","ZAP DOWO","2012","11","25",.1,"","W",0,"9",0,"8","","8",".",""
"253170060","ZAP DOWO","2012","11","26",.5,"","W",0,"9",0,"8","","8",".",""
"253170060","ZAP DOWO","2012","11","27",.2,"","W",0,"9",0,"8","","8",".",""
"253170060","ZAP DOWO","2012","11","28",10.9,"","W",0,"9",0,"8","","8",".",""
"253170060","ZAP DOWO","2012","11","29",24.6,"","W",0,"9",0,"8","","8",".",""
"253170060","ZAP DOWO","2012","11","30",.2,"","S",0,"9",0,"8","","8",".",""
"253170070","WYCZECHY","2012","11","01",1.9,"","W",0,"9",0,"8","","8","",""
"253170070","WYCZECHY","2012","11","02",1.9,"","W",0,"9",0,"8","","8","",""
"253170070","WYCZECHY","2012","11","03",.5,"","W",0,"9",0,"8","","8","",""
"253170070","WYCZECHY","2012","11","04",6.5,"","W",0,"9",0,"8","","8","",""
"253170070","WYCZECHY","2012","11","05",4.0,"","W",0,"9",0,"8","","8","",""
"253170070","WYCZECHY","2012","11","06",4.6,"","W",0,"9",0,"8","","8","",""
"253170070","WYCZECHY","2012","11","07",2.8,"","W",0,"9",0,"8","","8","",""
"253170070","WYCZECHY","2012","11","08",4.7,"","W",0,"9",0,"8","","8","",""
"253170070","WYCZECHY","2012","11","09",1.5,"","W",0,"9",0,"8","","8","",""
"253170070","WYCZECHY","2012","11","11",3.8,"","W",0,"9",0,"8","","8","",""
"253170070","WYCZECHY","2012","11","23",5.2,"","W",0,"9",0,"8","","8","",""
"253170070","WYCZECHY","2012","11","24",.5,"","W",0,"9",0,"8","","8","",""
"253170070","WYCZECHY","2012","11","26",1.4,"","W",0,"9",0,"8","","8","",""
"253170070","WYCZECHY","2012","11","28",10.1,"","W",0,"9",0,"8","","8","",""
"253170070","WYCZECHY","2012","11","29",23.0,"","W",0,"9",0,"8","","8","",""
"253170070","WYCZECHY","2012","11","30",.5,"","S",0,"9",0,"8","","8","",""
"253170080","CZ£UCH”W","2012","11","01",2.6,"","W",0,"9",0,"8","","8","",""
"253170080","CZ£UCH”W","2012","11","02",1.3,"","W",0,"9",0,"8","","8","",""
"253170080","CZ£UCH”W","2012","11","03",.9,"","W",0,"9",0,"8","","8","",""
"253170080","CZ£UCH”W","2012","11","04",9.0,"","W",0,"9",0,"8","","8","",""
"253170080","CZ£UCH”W","2012","11","05",3.7,"","W",0,"9",0,"8","","8","",""
"253170080","CZ£UCH”W","2012","11","06",3.3,"","W",0,"9",0,"8","","8","",""
"253170080","CZ£UCH”W","2012","11","07",1.3,"","W",0,"9",0,"8","","8","",""
"253170080","CZ£UCH”W","2012","11","08",4.4,"","W",0,"9",0,"8","","8","",""
"253170080","CZ£UCH”W","2012","11","09",1.2,"","W",0,"9",0,"8","","8","",""
"253170080","CZ£UCH”W","2012","11","10",.0,"","W",0,"9",0,"8","","8","",""
"253170080","CZ£UCH”W","2012","11","11",7.3,"","W",0,"9",0,"8","","8","",""
"253170080","CZ£UCH”W","2012","11","18",.2,"","W",0,"9",0,"8","","8","",""
"253170080","CZ£UCH”W","2012","11","22",.3,"","W",0,"9",0,"8","","8","",""
"253170080","CZ£UCH”W","2012","11","23",4.6,"","W",0,"9",0,"8","","8","",""
"253170080","CZ£UCH”W","2012","11","24",.5,"","W",0,"9",0,"8","","8","",""
"253170080","CZ£UCH”W","2012","11","25",.3,"","W",0,"9",0,"8","","8","",""
"253170080","CZ£UCH”W","2012","11","26",.8,"","W",0,"9",0,"8","","8","",""
"253170080","CZ£UCH”W","2012","11","27",.3,"","W",0,"9",0,"8","","8","",""
"253170080","CZ£UCH”W","2012","11","28",10.5,"","W",0,"9",0,"8","","8","",""
"253170080","CZ£UCH”W","2012","11","29",26.0,"","W",0,"9",0,"8","","8","",""
"253170080","CZ£UCH”W","2012","11","30",.2,"","W",0,"9",0,"8","","8","",""
"253170110","ROZWORY","2012","11","01",1.6,"","W",0,"9",0,"8","","8","",""
"253170110","ROZWORY","2012","11","02",1.5,"","W",0,"9",0,"8","","8","",""
"253170110","ROZWORY","2012","11","03",1.2,"","W",0,"9",0,"8","","8","",""
"253170110","ROZWORY","2012","11","04",8.1,"","W",0,"9",0,"8","","8","",""
"253170110","ROZWORY","2012","11","05",4.2,"","W",0,"9",0,"8","","8","",""
"253170110","ROZWORY","2012","11","06",1.9,"","W",0,"9",0,"8","","8","",""
"253170110","ROZWORY","2012","11","07",.6,"","W",0,"9",0,"8","","8","",""
"253170110","ROZWORY","2012","11","08",3.1,"","W",0,"9",0,"8","","8","",""
"253170110","ROZWORY","2012","11","09",1.3,"","W",0,"9",0,"8","","8","",""
"253170110","ROZWORY","2012","11","10",.2,"","W",0,"9",0,"8","","8","",""
"253170110","ROZWORY","2012","11","11",5.0,"","W",0,"9",0,"8","","8","",""
"253170110","ROZWORY","2012","11","15",.1,"","W",0,"9",0,"8","","8","",""
"253170110","ROZWORY","2012","11","19",.1,"","W",0,"9",0,"8","","8","",""
"253170110","ROZWORY","2012","11","22",.1,"","W",0,"9",0,"8","","8","",""
"253170110","ROZWORY","2012","11","23",3.8,"","W",0,"9",0,"8","","8","",""
"253170110","ROZWORY","2012","11","25",.1,"","W",0,"9",0,"8","","8","",""
"253170110","ROZWORY","2012","11","26",.5,"","W",0,"9",0,"8","","8","",""
"253170110","ROZWORY","2012","11","27",.2,"","W",0,"9",0,"8","","8","",""
"253170110","ROZWORY","2012","11","28",10.1,"","W",0,"9",0,"8","","8","",""
"253170110","ROZWORY","2012","11","29",26.5,"","W",0,"9",0,"8","","8","",""
"253170130","P£AZOWO","2012","11","01",2.0,"","W",0,"9",0,"8","","8",".",""
"253170130","P£AZOWO","2012","11","02",.4,"","W",0,"9",0,"8","","8",".",""
"253170130","P£AZOWO","2012","11","03",1.9,"","W",0,"9",0,"8","","8",".",""
"253170130","P£AZOWO","2012","11","04",9.7,"","W",0,"9",0,"8","","8",".",""
"253170130","P£AZOWO","2012","11","05",4.5,"","W",0,"9",0,"8","","8",".",""
"253170130","P£AZOWO","2012","11","06",2.4,"","W",0,"9",0,"8","","8",".",""
"253170130","P£AZOWO","2012","11","07",2.0,"","W",0,"9",0,"8","","8",".",""
"253170130","P£AZOWO","2012","11","08",1.1,"","W",0,"9",0,"8","","8",".",""
"253170130","P£AZOWO","2012","11","09",.8,"","W",0,"9",0,"8","","8",".",""
"253170130","P£AZOWO","2012","11","11",6.9,"","W",0,"9",0,"8","","8",".",""
"253170130","P£AZOWO","2012","11","18",.0,"","W",0,"9",0,"8","","8",".",""
"253170130","P£AZOWO","2012","11","21",.1,"","W",0,"9",0,"8","","8",".",""
"253170130","P£AZOWO","2012","11","23",3.0,"","W",0,"9",0,"8","","8",".",""
"253170130","P£AZOWO","2012","11","24",.4,"","W",0,"9",0,"8","","8",".",""
"253170130","P£AZOWO","2012","11","25",.1,"","W",0,"9",0,"8","","8",".",""
"253170130","P£AZOWO","2012","11","26",.2,"","W",0,"9",0,"8","","8",".",""
"253170130","P£AZOWO","2012","11","27",.5,"","W",0,"9",0,"8","","8",".",""
"253170130","P£AZOWO","2012","11","28",11.4,"","W",0,"9",0,"8","","8",".",""
"253170130","P£AZOWO","2012","11","29",20.1,"","W",0,"9",0,"8","","8",".",""
"253170130","P£AZOWO","2012","11","30",.3,"","W",0,"9",0,"8","","8",".",""
"253170140","KAMIENICA","2012","11","01",2.5,"","W",0,"9",0,"8","","8",".",""
"253170140","KAMIENICA","2012","11","02",.5,"","W",0,"9",0,"8","","8",".",""
"253170140","KAMIENICA","2012","11","03",2.0,"","W",0,"9",0,"8","","8",".",""
"253170140","KAMIENICA","2012","11","04",8.9,"","W",0,"9",0,"8","","8",".",""
"253170140","KAMIENICA","2012","11","05",4.5,"","W",0,"9",0,"8","","8",".",""
"253170140","KAMIENICA","2012","11","06",2.2,"","W",0,"9",0,"8","","8",".",""
"253170140","KAMIENICA","2012","11","07",3.6,"","W",0,"9",0,"8","","8",".",""
"253170140","KAMIENICA","2012","11","08",1.4,"","W",0,"9",0,"8","","8",".",""
"253170140","KAMIENICA","2012","11","09",.6,"","W",0,"9",0,"8","","8",".",""
"253170140","KAMIENICA","2012","11","11",6.7,"","W",0,"9",0,"8","","8",".",""
"253170140","KAMIENICA","2012","11","18",.3,"","W",0,"9",0,"8","","8",".",""
"253170140","KAMIENICA","2012","11","23",2.8,"","W",0,"9",0,"8","","8",".",""
"253170140","KAMIENICA","2012","11","24",.3,"","W",0,"9",0,"8","","8",".",""
"253170140","KAMIENICA","2012","11","27",.7,"","W",0,"9",0,"8","","8",".",""
"253170140","KAMIENICA","2012","11","28",11.4,"","W",0,"9",0,"8","","8",".",""
"253170140","KAMIENICA","2012","11","29",21.5,"","W",0,"9",0,"8","","8",".",""
"253170140","KAMIENICA","2012","11","30",1.3,"","W",0,"9",0,"8","","8",".",""
"253170150","LUT”WKO","2012","11","01",2.3,"","W",0,"9",0,"8","","8",".",""
"253170150","LUT”WKO","2012","11","02",.9,"","W",0,"9",0,"8","","8",".",""
"253170150","LUT”WKO","2012","11","03",1.0,"","W",0,"9",0,"8","","8",".",""
"253170150","LUT”WKO","2012","11","04",9.1,"","W",0,"9",0,"8","","8",".",""
"253170150","LUT”WKO","2012","11","05",4.6,"","W",0,"9",0,"8","","8",".",""
"253170150","LUT”WKO","2012","11","06",3.2,"","W",0,"9",0,"8","","8",".",""
"253170150","LUT”WKO","2012","11","07",1.3,"","W",0,"9",0,"8","","8",".",""
"253170150","LUT”WKO","2012","11","08",2.8,"","W",0,"9",0,"8","","8",".",""
"253170150","LUT”WKO","2012","11","09",.4,"","W",0,"9",0,"8","","8",".",""
"253170150","LUT”WKO","2012","11","11",7.7,"","W",0,"9",0,"8","","8",".",""
"253170150","LUT”WKO","2012","11","23",3.3,"","W",0,"9",0,"8","","8",".",""
"253170150","LUT”WKO","2012","11","24",.7,"","W",0,"9",0,"8","","8",".",""
"253170150","LUT”WKO","2012","11","26",.3,"","W",0,"9",0,"8","","8",".",""
"253170150","LUT”WKO","2012","11","27",.5,"","W",0,"9",0,"8","","8",".",""
"253170150","LUT”WKO","2012","11","28",8.4,"","W",0,"9",0,"8","","8",".",""
"253170150","LUT”WKO","2012","11","29",27.7,"","W",0,"9",0,"8","","8",".",""
"253170150","LUT”WKO","2012","11","30",.6,"","W",0,"9",0,"8","","8",".",""
"253170160","SYPNIEWO","2012","11","01",2.3,"","W",0,"9",0,"8","","8","",""
"253170160","SYPNIEWO","2012","11","03",.8,"","W",0,"9",0,"8","","8","",""
"253170160","SYPNIEWO","2012","11","04",11.0,"","W",0,"9",0,"8","","8","",""
"253170160","SYPNIEWO","2012","11","05",3.5,"","W",0,"9",0,"8","","8","",""
"253170160","SYPNIEWO","2012","11","06",1.8,"","W",0,"9",0,"8","","8","",""
"253170160","SYPNIEWO","2012","11","08",2.3,"","W",0,"9",0,"8","","8","",""
"253170160","SYPNIEWO","2012","11","09",.7,"","W",0,"9",0,"8","","8","",""
"253170160","SYPNIEWO","2012","11","11",7.3,"","W",0,"9",0,"8","","8","",""
"253170160","SYPNIEWO","2012","11","15",.2,"","W",0,"9",0,"8","","8","",""
"253170160","SYPNIEWO","2012","11","16",.2,"","W",0,"9",0,"8","","8","",""
"253170160","SYPNIEWO","2012","11","17",.3,"","W",0,"9",0,"8","","8","",""
"253170160","SYPNIEWO","2012","11","23",1.8,"","W",0,"9",0,"8","","8","",""
"253170160","SYPNIEWO","2012","11","24",2.3,"","W",0,"9",0,"8","","8","",""
"253170160","SYPNIEWO","2012","11","26",.3,"","W",0,"9",0,"8","","8","",""
"253170160","SYPNIEWO","2012","11","27",.1,"","W",0,"9",0,"8","","8","",""
"253170160","SYPNIEWO","2012","11","28",12.7,"","W",0,"9",0,"8","","8","",""
"253170160","SYPNIEWO","2012","11","29",24.2,"","W",0,"9",0,"8","","8","",""
"253170160","SYPNIEWO","2012","11","30",.1,"","W",0,"9",0,"8","","8","",""
"253170170","KORONOWO","2012","11","01",3.8,"","W",0,"9",0,"8","","8",".",""
"253170170","KORONOWO","2012","11","02",4.1,"","W",0,"9",0,"8","","8",".",""
"253170170","KORONOWO","2012","11","03",4.0,"","W",0,"9",0,"8","","8",".",""
"253170170","KORONOWO","2012","11","04",8.9,"","W",0,"9",0,"8","","8",".",""
"253170170","KORONOWO","2012","11","05",5.0,"","W",0,"9",0,"8","","8",".",""
"253170170","KORONOWO","2012","11","06",3.7,"","W",0,"9",0,"8","","8",".",""
"253170170","KORONOWO","2012","11","07",.0,"","W",0,"9",0,"8","","8",".",""
"253170170","KORONOWO","2012","11","08",3.0,"","W",0,"9",0,"8","","8",".",""
"253170170","KORONOWO","2012","11","09",3.5,"","W",0,"9",0,"8","","8",".",""
"253170170","KORONOWO","2012","11","11",7.3,"","W",0,"9",0,"8","","8",".",""
"253170170","KORONOWO","2012","11","21",1.5,"","W",0,"9",0,"8","","8",".",""
"253170170","KORONOWO","2012","11","22",.4,"","W",0,"9",0,"8","","8",".",""
"253170170","KORONOWO","2012","11","23",1.5,"","W",0,"9",0,"8","","8",".",""
"253170170","KORONOWO","2012","11","24",3.5,"","W",0,"9",0,"8","","8",".",""
"253170170","KORONOWO","2012","11","25",1.7,"","W",0,"9",0,"8","","8",".",""
"253170170","KORONOWO","2012","11","26",.8,"","W",0,"9",0,"8","","8",".",""
"253170170","KORONOWO","2012","11","27",1.8,"","W",0,"9",0,"8","","8",".",""
"253170170","KORONOWO","2012","11","28",11.8,"","S",0,"9",0,"8","","8",".",""
"253170170","KORONOWO","2012","11","29",16.5,"","S",0,"9",0,"8","","8",".",""
"253170170","KORONOWO","2012","11","30",.4,"","W",0,"9",0,"8","","8",".",""
"253170180","WIELE","2012","11","01",2.0,"","W",0,"9",0,"8","","8","",""
"253170180","WIELE","2012","11","02",.8,"","W",0,"9",0,"8","","8","",""
"253170180","WIELE","2012","11","03",2.2,"","W",0,"9",0,"8","","8","",""
"253170180","WIELE","2012","11","04",9.8,"","W",0,"9",0,"8","","8","",""
"253170180","WIELE","2012","11","05",2.6,"","W",0,"9",0,"8","","8","",""
"253170180","WIELE","2012","11","06",1.8,"","W",0,"9",0,"8","","8","",""
"253170180","WIELE","2012","11","07",.8,"","W",0,"9",0,"8","","8","",""
"253170180","WIELE","2012","11","08",.3,"","W",0,"9",0,"8","","8","",""
"253170180","WIELE","2012","11","09",1.9,"","W",0,"9",0,"8","","8","",""
"253170180","WIELE","2012","11","11",7.3,"","W",0,"9",0,"8","","8","",""
"253170180","WIELE","2012","11","24",3.2,"","W",0,"9",0,"8","","8","",""
"253170180","WIELE","2012","11","27",1.6,"","W",0,"9",0,"8","","8","",""
"253170180","WIELE","2012","11","28",8.9,"","W",0,"9",0,"8","","8","",""
"253170180","WIELE","2012","11","29",21.0,"","W",0,"9",0,"8","","8","",""
"253170190","WYSOKA","2012","11","01",2.4,"","W",0,"9",0,"8","","8","",""
"253170190","WYSOKA","2012","11","03",2.2,"","W",0,"9",0,"8","","8","",""
"253170190","WYSOKA","2012","11","04",7.7,"","W",0,"9",0,"8","","8","",""
"253170190","WYSOKA","2012","11","05",5.1,"","W",0,"9",0,"8","","8","",""
"253170190","WYSOKA","2012","11","06",3.1,"","W",0,"9",0,"8","","8","",""
"253170190","WYSOKA","2012","11","07",.8,"","W",0,"9",0,"8","","8","",""
"253170190","WYSOKA","2012","11","08",1.7,"","W",0,"9",0,"8","","8","",""
"253170190","WYSOKA","2012","11","09",.5,"","W",0,"9",0,"8","","8","",""
"253170190","WYSOKA","2012","11","11",7.0,"","W",0,"9",0,"8","","8","",""
"253170190","WYSOKA","2012","11","13",.2,"","W",0,"9",0,"8","","8","",""
"253170190","WYSOKA","2012","11","15",.1,"","W",0,"9",0,"8","","8","",""
"253170190","WYSOKA","2012","11","17",.0,"","W",0,"9",0,"8","","8","",""
"253170190","WYSOKA","2012","11","18",.3,"","W",0,"9",0,"8","","8","",""
"253170190","WYSOKA","2012","11","21",.4,"","W",0,"9",0,"8","","8","",""
"253170190","WYSOKA","2012","11","22",.4,"","W",0,"9",0,"8","","8","",""
"253170190","WYSOKA","2012","11","23",2.0,"","W",0,"9",0,"8","","8","",""
"253170190","WYSOKA","2012","11","24",1.0,"","W",0,"9",0,"8","","8","",""
"253170190","WYSOKA","2012","11","26",.3,"","W",0,"9",0,"8","","8","",""
"253170190","WYSOKA","2012","11","27",1.0,"","W",0,"9",0,"8","","8","",""
"253170190","WYSOKA","2012","11","28",5.6,"","W",0,"9",0,"8","","8","",""
"253170190","WYSOKA","2012","11","29",30.1,"","W",0,"9",0,"8","","8","",""
"253170190","WYSOKA","2012","11","30",.4,"","S",0,"9",0,"8","","8","",""
"253170220","WYRZYSK","2012","11","01",2.3,"","W",0,"9",0,"8","","8","",""
"253170220","WYRZYSK","2012","11","03",3.1,"","W",0,"9",0,"8","","8","",""
"253170220","WYRZYSK","2012","11","04",.0,"8","W",0,"9",0,"9","","9","","9"
"253170220","WYRZYSK","2012","11","05",2.8,"","W",0,"9",0,"8","","8","",""
"253170220","WYRZYSK","2012","11","06",1.8,"","W",0,"9",0,"8","","8","",""
"253170220","WYRZYSK","2012","11","07",1.5,"","W",0,"9",0,"8","","8","",""
"253170220","WYRZYSK","2012","11","08",.8,"","W",0,"9",0,"8","","8","",""
"253170220","WYRZYSK","2012","11","09",1.2,"","W",0,"9",0,"8","","8","",""
"253170220","WYRZYSK","2012","11","10",.5,"","W",0,"9",0,"8","","8","",""
"253170220","WYRZYSK","2012","11","11",4.8,"","W",0,"9",0,"8","","8","",""
"253170220","WYRZYSK","2012","11","16",.2,"","W",0,"9",0,"8","","8","",""
"253170220","WYRZYSK","2012","11","21",.4,"","W",0,"9",0,"8","","8","",""
"253170220","WYRZYSK","2012","11","23",.0,"8","W",0,"9",0,"9","","9","","9"
"253170220","WYRZYSK","2012","11","24",2.8,"","W",0,"9",0,"8","","8","",""
"253170220","WYRZYSK","2012","11","26",.2,"","W",0,"9",0,"8","","8","",""
"253170220","WYRZYSK","2012","11","27",3.2,"","W",0,"9",0,"8","","8","",""
"253170220","WYRZYSK","2012","11","28",9.1,"","W",0,"9",0,"8","","8","",""
"253170220","WYRZYSK","2012","11","29",17.2,"","W",0,"9",0,"8","","8","",""
"253170230","SZAMOCIN","2012","11","01",2.6,"","W",0,"9",0,"8","","8","",""
"253170230","SZAMOCIN","2012","11","02",.3,"","W",0,"9",0,"8","","8","",""
"253170230","SZAMOCIN","2012","11","03",1.3,"","W",0,"9",0,"8","","8","",""
"253170230","SZAMOCIN","2012","11","04",6.5,"","W",0,"9",0,"8","","8","",""
"253170230","SZAMOCIN","2012","11","05",4.3,"","W",0,"9",0,"8","","8","",""
"253170230","SZAMOCIN","2012","11","06",3.3,"","W",0,"9",0,"8","","8","",""
"253170230","SZAMOCIN","2012","11","08",.8,"","W",0,"9",0,"8","","8","",""
"253170230","SZAMOCIN","2012","11","09",.1,"","W",0,"9",0,"8","","8","",""
"253170230","SZAMOCIN","2012","11","11",6.8,"","W",0,"9",0,"8","","8","",""
"253170230","SZAMOCIN","2012","11","18",.3,"","W",0,"9",0,"8","","8","",""
"253170230","SZAMOCIN","2012","11","21",.4,"","W",0,"9",0,"8","","8","",""
"253170230","SZAMOCIN","2012","11","23",1.8,"","W",0,"9",0,"8","","8","",""
"253170230","SZAMOCIN","2012","11","24",.5,"","W",0,"9",0,"8","","8","",""
"253170230","SZAMOCIN","2012","11","26",.2,"","W",0,"9",0,"8","","8","",""
"253170230","SZAMOCIN","2012","11","27",1.5,"","W",0,"9",0,"8","","8","",""
"253170230","SZAMOCIN","2012","11","28",11.2,"","W",0,"9",0,"8","","8","",""
"253170230","SZAMOCIN","2012","11","29",25.0,"","W",0,"9",0,"8","","8","",""
"253170230","SZAMOCIN","2012","11","30",.1,"","W",0,"9",0,"8","","8","",""
"253170240","SMUKA£A","2012","11","01",2.8,"","W",0,"9",0,"8","","8",".",""
"253170240","SMUKA£A","2012","11","02",.4,"","W",0,"9",0,"8","","8",".",""
"253170240","SMUKA£A","2012","11","03",2.5,"","W",0,"9",0,"8","","8",".",""
"253170240","SMUKA£A","2012","11","04",7.8,"","W",0,"9",0,"8","","8",".",""
"253170240","SMUKA£A","2012","11","05",1.9,"","W",0,"9",0,"8","","8",".",""
"253170240","SMUKA£A","2012","11","06",1.2,"","W",0,"9",0,"8","","8",".",""
"253170240","SMUKA£A","2012","11","07",.9,"","W",0,"9",0,"8","","8",".",""
"253170240","SMUKA£A","2012","11","08",1.0,"","W",0,"9",0,"8","","8",".",""
"253170240","SMUKA£A","2012","11","11",5.7,"","W",0,"9",0,"8","","8",".",""
"253170240","SMUKA£A","2012","11","18",.3,"","W",0,"9",0,"8","","8",".",""
"253170240","SMUKA£A","2012","11","21",.3,"","W",0,"9",0,"8","","8",".",""
"253170240","SMUKA£A","2012","11","23",2.2,"","W",0,"9",0,"8","","8",".",""
"253170240","SMUKA£A","2012","11","24",1.8,"","W",0,"9",0,"8","","8",".",""
"253170240","SMUKA£A","2012","11","25",.1,"","W",0,"9",0,"8","","8",".",""
"253170240","SMUKA£A","2012","11","26",.1,"","W",0,"9",0,"8","","8",".",""
"253170240","SMUKA£A","2012","11","27",.8,"","W",0,"9",0,"8","","8",".",""
"253170240","SMUKA£A","2012","11","28",10.6,"","W",0,"9",0,"8","","8",".",""
"253170240","SMUKA£A","2012","11","29",14.5,"","W",0,"9",0,"8","","8",".",""
"253170260","BYDGOSZCZ-SZWEDEROWO","2012","11","01",3.2,"","W",0,"9",0,"8","","8","",""
"253170260","BYDGOSZCZ-SZWEDEROWO","2012","11","02",.4,"","W",0,"9",0,"8","","8","",""
"253170260","BYDGOSZCZ-SZWEDEROWO","2012","11","03",1.5,"","W",0,"9",0,"8","","8","",""
"253170260","BYDGOSZCZ-SZWEDEROWO","2012","11","04",7.0,"","W",0,"9",0,"8","","8","",""
"253170260","BYDGOSZCZ-SZWEDEROWO","2012","11","05",2.1,"","W",0,"9",0,"8","","8","",""
"253170260","BYDGOSZCZ-SZWEDEROWO","2012","11","06",1.5,"","W",0,"9",0,"8","","8","",""
"253170260","BYDGOSZCZ-SZWEDEROWO","2012","11","07",2.5,"","W",0,"9",0,"8","","8","",""
"253170260","BYDGOSZCZ-SZWEDEROWO","2012","11","08",.9,"","W",0,"9",0,"8","","8","",""
"253170260","BYDGOSZCZ-SZWEDEROWO","2012","11","09",.1,"","W",0,"9",0,"8","","8","",""
"253170260","BYDGOSZCZ-SZWEDEROWO","2012","11","11",3.8,"","W",0,"9",0,"8","","8","",""
"253170260","BYDGOSZCZ-SZWEDEROWO","2012","11","18",.0,"","W",0,"9",0,"8","","8","",""
"253170260","BYDGOSZCZ-SZWEDEROWO","2012","11","21",5.0,"","W",0,"9",0,"8","","8","",""
"253170260","BYDGOSZCZ-SZWEDEROWO","2012","11","22",.0,"","W",0,"9",0,"8","","8","",""
"253170260","BYDGOSZCZ-SZWEDEROWO","2012","11","23",.0,"","W",0,"9",0,"8","","8","",""
"253170260","BYDGOSZCZ-SZWEDEROWO","2012","11","24",3.4,"","W",0,"9",0,"8","","8","",""
"253170260","BYDGOSZCZ-SZWEDEROWO","2012","11","25",.5,"","W",0,"9",0,"8","","8","",""
"253170260","BYDGOSZCZ-SZWEDEROWO","2012","11","26",.0,"","W",0,"9",0,"8","","8","",""
"253170260","BYDGOSZCZ-SZWEDEROWO","2012","11","27",.6,"","W",0,"9",0,"8","","8","",""
"253170260","BYDGOSZCZ-SZWEDEROWO","2012","11","28",9.7,"","W",0,"9",0,"8","","8","",""
"253170260","BYDGOSZCZ-SZWEDEROWO","2012","11","29",16.2,"","W",0,"9",0,"8","","8","",""
"253170260","BYDGOSZCZ-SZWEDEROWO","2012","11","30",.0,"","W",0,"9",0,"8","","8","",""
"253179998","KOPERNICA","2012","11","01",2.1,"","W",0,"9",0,"8","","8",".",""
"253179998","KOPERNICA","2012","11","02",1.1,"","W",0,"9",0,"8","","8",".",""
"253179998","KOPERNICA","2012","11","03",.9,"","W",0,"9",0,"8","","8",".",""
"253179998","KOPERNICA","2012","11","04",9.3,"","W",0,"9",0,"8","","8",".",""
"253179998","KOPERNICA","2012","11","05",4.2,"","W",0,"9",0,"8","","8",".",""
"253179998","KOPERNICA","2012","11","06",3.8,"","W",0,"9",0,"8","","8",".",""
"253179998","KOPERNICA","2012","11","07",.9,"","W",0,"9",0,"8","","8",".",""
"253179998","KOPERNICA","2012","11","08",5.3,"","W",0,"9",0,"8","","8",".",""
"253179998","KOPERNICA","2012","11","09",2.2,"","W",0,"9",0,"8","","8",".",""
"253179998","KOPERNICA","2012","11","10",.4,"","W",0,"9",0,"8","","8",".",""
"253179998","KOPERNICA","2012","11","11",5.8,"","W",0,"9",0,"8","","8",".",""
"253179998","KOPERNICA","2012","11","18",.5,"","W",0,"9",0,"8","","8",".",""
"253179998","KOPERNICA","2012","11","22",.4,"","W",0,"9",0,"8","","8",".",""
"253179998","KOPERNICA","2012","11","23",5.1,"","W",0,"9",0,"8","","8",".",""
"253179998","KOPERNICA","2012","11","24",.6,"","W",0,"9",0,"8","","8",".",""
"253179998","KOPERNICA","2012","11","25",.5,"","W",0,"9",0,"8","","8",".",""
"253179998","KOPERNICA","2012","11","26",1.2,"","W",0,"9",0,"8","","8",".",""
"253179998","KOPERNICA","2012","11","27",.4,"","W",0,"9",0,"8","","8",".",""
"253179998","KOPERNICA","2012","11","28",12.3,"","W",0,"9",0,"8","","8",".",""
"253179998","KOPERNICA","2012","11","29",25.6,"","W",0,"9",0,"8","","8",".",""
"253179998","KOPERNICA","2012","11","30",.4,"","W",0,"9",0,"8","","8",".",""
"253180010","BOØEPOLE SZLACHECKIE","2012","11","01",.9,"","W",0,"9",0,"8","","8",".",""
"253180010","BOØEPOLE SZLACHECKIE","2012","11","02",.6,"","W",0,"9",0,"8","","8",".",""
"253180010","BOØEPOLE SZLACHECKIE","2012","11","03",3.1,"","W",0,"9",0,"8","","8",".",""
"253180010","BOØEPOLE SZLACHECKIE","2012","11","04",9.4,"","W",0,"9",0,"8","","8",".",""
"253180010","BOØEPOLE SZLACHECKIE","2012","11","05",.7,"","W",0,"9",0,"8","","8",".",""
"253180010","BOØEPOLE SZLACHECKIE","2012","11","06",2.6,"","W",0,"9",0,"8","","8",".",""
"253180010","BOØEPOLE SZLACHECKIE","2012","11","07",.4,"","W",0,"9",0,"8","","8",".",""
"253180010","BOØEPOLE SZLACHECKIE","2012","11","08",5.2,"","W",0,"9",0,"8","","8",".",""
"253180010","BOØEPOLE SZLACHECKIE","2012","11","09",.6,"","W",0,"9",0,"8","","8",".",""
"253180010","BOØEPOLE SZLACHECKIE","2012","11","11",7.7,"","W",0,"9",0,"8","","8",".",""
"253180010","BOØEPOLE SZLACHECKIE","2012","11","12",.0,"","W",0,"9",0,"8","","8",".",""
"253180010","BOØEPOLE SZLACHECKIE","2012","11","18",.0,"","W",0,"9",0,"8","","8",".",""
"253180010","BOØEPOLE SZLACHECKIE","2012","11","22",.0,"","W",0,"9",0,"8","","8",".",""
"253180010","BOØEPOLE SZLACHECKIE","2012","11","23",3.5,"","W",0,"9",0,"8","","8",".",""
"253180010","BOØEPOLE SZLACHECKIE","2012","11","24",.5,"","W",0,"9",0,"8","","8",".",""
"253180010","BOØEPOLE SZLACHECKIE","2012","11","25",.1,"","W",0,"9",0,"8","","8",".",""
"253180010","BOØEPOLE SZLACHECKIE","2012","11","26",.9,"","W",0,"9",0,"8","","8",".",""
"253180010","BOØEPOLE SZLACHECKIE","2012","11","28",13.3,"","W",0,"9",0,"8","","8",".",""
"253180010","BOØEPOLE SZLACHECKIE","2012","11","29",17.3,"","W",0,"9",0,"8","","8",".",""
"253180010","BOØEPOLE SZLACHECKIE","2012","11","30",.0,"","S",0,"9",0,"8","","8",".",""
"253180030","STAROGARD GDA—SKI","2012","11","01",1.8,"","W",0,"9",0,"8","","8",".",""
"253180030","STAROGARD GDA—SKI","2012","11","02",1.2,"","W",0,"9",0,"8","","8",".",""
"253180030","STAROGARD GDA—SKI","2012","11","03",2.9,"","W",0,"9",0,"8","","8",".",""
"253180030","STAROGARD GDA—SKI","2012","11","04",10.6,"","W",0,"9",0,"8","","8",".",""
"253180030","STAROGARD GDA—SKI","2012","11","05",1.1,"","W",0,"9",0,"8","","8",".",""
"253180030","STAROGARD GDA—SKI","2012","11","06",1.0,"","W",0,"9",0,"8","","8",".",""
"253180030","STAROGARD GDA—SKI","2012","11","07",.3,"","W",0,"9",0,"8","","8",".",""
"253180030","STAROGARD GDA—SKI","2012","11","08",3.1,"","W",0,"9",0,"8","","8",".",""
"253180030","STAROGARD GDA—SKI","2012","11","09",.3,"","W",0,"9",0,"8","","8",".",""
"253180030","STAROGARD GDA—SKI","2012","11","11",6.4,"","W",0,"9",0,"8","","8",".",""
"253180030","STAROGARD GDA—SKI","2012","11","18",.2,"","W",0,"9",0,"8","","8",".",""
"253180030","STAROGARD GDA—SKI","2012","11","23",2.6,"","W",0,"9",0,"8","","8",".",""
"253180030","STAROGARD GDA—SKI","2012","11","24",.3,"","W",0,"9",0,"8","","8",".",""
"253180030","STAROGARD GDA—SKI","2012","11","25",.4,"","W",0,"9",0,"8","","8",".",""
"253180030","STAROGARD GDA—SKI","2012","11","26",.9,"","W",0,"9",0,"8","","8",".",""
"253180030","STAROGARD GDA—SKI","2012","11","27",1.8,"","W",0,"9",0,"8","","8",".",""
"253180030","STAROGARD GDA—SKI","2012","11","28",11.9,"","W",0,"9",0,"8","","8",".",""
"253180030","STAROGARD GDA—SKI","2012","11","29",22.1,"","W",0,"9",0,"8","","8",".",""
"253180030","STAROGARD GDA—SKI","2012","11","30",.2,"","W",0,"9",0,"8","","8",".",""
"253180060","CZARNA WODA","2012","11","01",1.1,"","W",0,"9",0,"8","","8",".",""
"253180060","CZARNA WODA","2012","11","02",.0,"","W",0,"9",0,"8","","8",".",""
"253180060","CZARNA WODA","2012","11","03",1.6,"","W",0,"9",0,"8","","8",".",""
"253180060","CZARNA WODA","2012","11","04",9.9,"","W",0,"9",0,"8","","8",".",""
"253180060","CZARNA WODA","2012","11","05",.5,"","W",0,"9",0,"8","","8",".",""
"253180060","CZARNA WODA","2012","11","06",1.7,"","W",0,"9",0,"8","","8",".",""
"253180060","CZARNA WODA","2012","11","07",1.4,"","W",0,"9",0,"8","","8",".",""
"253180060","CZARNA WODA","2012","11","08",4.3,"","W",0,"9",0,"8","","8",".",""
"253180060","CZARNA WODA","2012","11","09",.4,"","W",0,"9",0,"8","","8",".",""
"253180060","CZARNA WODA","2012","11","10",.1,"","W",0,"9",0,"8","","8",".",""
"253180060","CZARNA WODA","2012","11","11",8.3,"","W",0,"9",0,"8","","8",".",""
"253180060","CZARNA WODA","2012","11","18",.2,"","W",0,"9",0,"8","","8",".",""
"253180060","CZARNA WODA","2012","11","22",.1,"","W",0,"9",0,"8","","8",".",""
"253180060","CZARNA WODA","2012","11","23",2.4,"","W",0,"9",0,"8","","8",".",""
"253180060","CZARNA WODA","2012","11","24",.5,"","W",0,"9",0,"8","","8",".",""
"253180060","CZARNA WODA","2012","11","25",.7,"","W",0,"9",0,"8","","8",".",""
"253180060","CZARNA WODA","2012","11","26",.8,"","W",0,"9",0,"8","","8",".",""
"253180060","CZARNA WODA","2012","11","27",.1,"","W",0,"9",0,"8","","8",".",""
"253180060","CZARNA WODA","2012","11","28",13.1,"","W",0,"9",0,"8","","8",".",""
"253180060","CZARNA WODA","2012","11","29",19.3,"","W",0,"9",0,"8","","8",".",""
"253180070","KORZENIEWO","2012","11","01",1.5,"","W",0,"9",0,"8","","8",".",""
"253180070","KORZENIEWO","2012","11","02",.4,"","W",0,"9",0,"8","","8",".",""
"253180070","KORZENIEWO","2012","11","03",1.0,"","W",0,"9",0,"8","","8",".",""
"253180070","KORZENIEWO","2012","11","04",12.4,"","W",0,"9",0,"8","","8",".",""
"253180070","KORZENIEWO","2012","11","05",1.4,"","W",0,"9",0,"8","","8",".",""
"253180070","KORZENIEWO","2012","11","07",.7,"","W",0,"9",0,"8","","8",".",""
"253180070","KORZENIEWO","2012","11","08",1.5,"","W",0,"9",0,"8","","8",".",""
"253180070","KORZENIEWO","2012","11","09",.1,"","W",0,"9",0,"8","","8",".",""
"253180070","KORZENIEWO","2012","11","11",4.3,"","W",0,"9",0,"8","","8",".",""
"253180070","KORZENIEWO","2012","11","18",.2,"","W",0,"9",0,"8","","8",".",""
"253180070","KORZENIEWO","2012","11","23",3.1,"","W",0,"9",0,"8","","8",".",""
"253180070","KORZENIEWO","2012","11","24",.3,"","W",0,"9",0,"8","","8",".",""
"253180070","KORZENIEWO","2012","11","25",.1,"","W",0,"9",0,"8","","8",".",""
"253180070","KORZENIEWO","2012","11","26",.5,"","W",0,"9",0,"8","","8",".",""
"253180070","KORZENIEWO","2012","11","27",.6,"","W",0,"9",0,"8","","8",".",""
"253180070","KORZENIEWO","2012","11","28",8.5,"","W",0,"9",0,"8","","8",".",""
"253180070","KORZENIEWO","2012","11","29",19.7,"","W",0,"9",0,"8","","8",".",""
"253180110","GARDEJA","2012","11","01",.0,"","W",0,"9",0,"8","","8",".",""
"253180110","GARDEJA","2012","11","02",3.2,"","W",0,"9",0,"8","","8",".",""
"253180110","GARDEJA","2012","11","03",1.2,"","W",0,"9",0,"8","","8",".",""
"253180110","GARDEJA","2012","11","04",14.0,"","W",0,"9",0,"8","","8",".",""
"253180110","GARDEJA","2012","11","05",1.4,"","W",0,"9",0,"8","","8",".",""
"253180110","GARDEJA","2012","11","06",1.1,"","W",0,"9",0,"8","","8",".",""
"253180110","GARDEJA","2012","11","08",2.0,"","W",0,"9",0,"8","","8",".",""
"253180110","GARDEJA","2012","11","09",.1,"","W",0,"9",0,"8","","8",".",""
"253180110","GARDEJA","2012","11","11",3.2,"","W",0,"9",0,"8","","8",".",""
"253180110","GARDEJA","2012","11","18",.1,"","W",0,"9",0,"8","","8",".",""
"253180110","GARDEJA","2012","11","24",3.5,"","W",0,"9",0,"8","","8",".",""
"253180110","GARDEJA","2012","11","27",2.4,"","W",0,"9",0,"8","","8",".",""
"253180110","GARDEJA","2012","11","28",7.6,"","W",0,"9",0,"8","","8",".",""
"253180110","GARDEJA","2012","11","29",14.2,"","W",0,"9",0,"8","","8",".",""
"253180110","GARDEJA","2012","11","30",1.3,"","W",0,"9",0,"8","","8",".",""
"253180120","OSIE","2012","11","01",1.0,"","W",0,"9",0,"8","","8",".",""
"253180120","OSIE","2012","11","02",1.2,"","W",0,"9",0,"8","","8",".",""
"253180120","OSIE","2012","11","03",1.4,"","W",0,"9",0,"8","","8",".",""
"253180120","OSIE","2012","11","04",10.9,"","W",0,"9",0,"8","","8",".",""
"253180120","OSIE","2012","11","05",2.5,"","W",0,"9",0,"8","","8",".",""
"253180120","OSIE","2012","11","06",1.6,"","W",0,"9",0,"8","","8",".",""
"253180120","OSIE","2012","11","07",.4,"","W",0,"9",0,"8","","8",".",""
"253180120","OSIE","2012","11","08",1.0,"","W",0,"9",0,"8","","8",".",""
"253180120","OSIE","2012","11","09",1.4,"","W",0,"9",0,"8","","8",".",""
"253180120","OSIE","2012","11","11",5.0,"","W",0,"9",0,"8","","8",".",""
"253180120","OSIE","2012","11","14",.0,"","W",0,"9",0,"8","","8",".",""
"253180120","OSIE","2012","11","18",.1,"","W",0,"9",0,"8","","8",".",""
"253180120","OSIE","2012","11","23",3.0,"","W",0,"9",0,"8","","8",".",""
"253180120","OSIE","2012","11","24",.4,"","W",0,"9",0,"8","","8",".",""
"253180120","OSIE","2012","11","25",.2,"","W",0,"9",0,"8","","8",".",""
"253180120","OSIE","2012","11","27",1.0,"","W",0,"9",0,"8","","8",".",""
"253180120","OSIE","2012","11","28",10.7,"","W",0,"9",0,"8","","8",".",""
"253180120","OSIE","2012","11","29",22.6,"","W",0,"9",0,"8","","8",".",""
"253180120","OSIE","2012","11","30",.5,"","W",0,"9",0,"8","","8",".",""
"253180130","RULEWO","2012","11","01",2.0,"","W",0,"9",0,"8","","8",".",""
"253180130","RULEWO","2012","11","02",.5,"","W",0,"9",0,"8","","8",".",""
"253180130","RULEWO","2012","11","03",1.1,"","W",0,"9",0,"8","","8",".",""
"253180130","RULEWO","2012","11","04",10.2,"","W",0,"9",0,"8","","8",".",""
"253180130","RULEWO","2012","11","05",5.0,"","W",0,"9",0,"8","","8",".",""
"253180130","RULEWO","2012","11","06",.6,"","W",0,"9",0,"8","","8",".",""
"253180130","RULEWO","2012","11","08",.4,"","W",0,"9",0,"8","","8",".",""
"253180130","RULEWO","2012","11","09",.3,"","W",0,"9",0,"8","","8",".",""
"253180130","RULEWO","2012","11","11",4.0,"","W",0,"9",0,"8","","8",".",""
"253180130","RULEWO","2012","11","23",2.9,"","W",0,"9",0,"8","","8",".",""
"253180130","RULEWO","2012","11","24",.3,"","W",0,"9",0,"8","","8",".",""
"253180130","RULEWO","2012","11","26",.6,"","W",0,"9",0,"8","","8",".",""
"253180130","RULEWO","2012","11","27",.4,"","W",0,"9",0,"8","","8",".",""
"253180130","RULEWO","2012","11","28",13.4,"","W",0,"9",0,"8","","8",".",""
"253180130","RULEWO","2012","11","29",13.9,"","W",0,"9",0,"8","","8",".",""
"253180130","RULEWO","2012","11","30",.7,"","W",0,"9",0,"8","","8",".",""
"253180140","KALISKA","2012","11","01",1.3,"","W",0,"9",0,"8","","8",".",""
"253180140","KALISKA","2012","11","03",10.0,"","W",0,"9",0,"8","","8",".",""
"253180140","KALISKA","2012","11","04",1.1,"","W",0,"9",0,"8","","8",".",""
"253180140","KALISKA","2012","11","05",2.5,"","W",0,"9",0,"8","","8",".",""
"253180140","KALISKA","2012","11","06",1.4,"","W",0,"9",0,"8","","8",".",""
"253180140","KALISKA","2012","11","07",1.1,"","W",0,"9",0,"8","","8",".",""
"253180140","KALISKA","2012","11","08",.5,"","W",0,"9",0,"8","","8",".",""
"253180140","KALISKA","2012","11","09",4.3,"","W",0,"9",0,"8","","8",".",""
"253180140","KALISKA","2012","11","11",1.2,"","W",0,"9",0,"8","","8",".",""
"253180140","KALISKA","2012","11","23",3.4,"","W",0,"9",0,"8","","8",".",""
"253180140","KALISKA","2012","11","27",.2,"","W",0,"9",0,"8","","8",".",""
"253180140","KALISKA","2012","11","28",12.1,"","W",0,"9",0,"8","","8",".",""
"253180140","KALISKA","2012","11","29",16.2,"","W",0,"9",0,"8","","8",".",""
"253180160","RADZY—-FIJEWO","2012","11","01",3.7,"","W",0,"9",0,"8","","8",".",""
"253180160","RADZY—-FIJEWO","2012","11","02",.9,"","W",0,"9",0,"8","","8",".",""
"253180160","RADZY—-FIJEWO","2012","11","03",2.6,"","W",0,"9",0,"8","","8",".",""
"253180160","RADZY—-FIJEWO","2012","11","04",5.2,"","W",0,"9",0,"8","","8",".",""
"253180160","RADZY—-FIJEWO","2012","11","05",.5,"","W",0,"9",0,"8","","8",".",""
"253180160","RADZY—-FIJEWO","2012","11","06",2.5,"","W",0,"9",0,"8","","8",".",""
"253180160","RADZY—-FIJEWO","2012","11","07",1.4,"","W",0,"9",0,"8","","8",".",""
"253180160","RADZY—-FIJEWO","2012","11","08",1.2,"","W",0,"9",0,"8","","8",".",""
"253180160","RADZY—-FIJEWO","2012","11","11",3.1,"","W",0,"9",0,"8","","8",".",""
"253180160","RADZY—-FIJEWO","2012","11","24",.7,"","W",0,"9",0,"8","","8",".",""
"253180160","RADZY—-FIJEWO","2012","11","25",1.6,"","W",0,"9",0,"8","","8",".",""
"253180160","RADZY—-FIJEWO","2012","11","27",1.9,"","W",0,"9",0,"8","","8",".",""
"253180160","RADZY—-FIJEWO","2012","11","28",9.2,"","W",0,"9",0,"8","","8",".",""
"253180160","RADZY—-FIJEWO","2012","11","29",11.7,"","W",0,"9",0,"8","","8",".",""
"253180160","RADZY—-FIJEWO","2012","11","30",.6,"","S",0,"9",0,"8","","8",".",""
"253180170","NOWY JASINIEC","2012","11","01",1.9,"","W",0,"9",0,"8","","8",".",""
"253180170","NOWY JASINIEC","2012","11","02",.3,"","W",0,"9",0,"8","","8",".",""
"253180170","NOWY JASINIEC","2012","11","03",3.4,"","W",0,"9",0,"8","","8",".",""
"253180170","NOWY JASINIEC","2012","11","04",8.8,"","W",0,"9",0,"8","","8",".",""
"253180170","NOWY JASINIEC","2012","11","05",3.2,"","W",0,"9",0,"8","","8",".",""
"253180170","NOWY JASINIEC","2012","11","06",2.2,"","W",0,"9",0,"8","","8",".",""
"253180170","NOWY JASINIEC","2012","11","07",.8,"","W",0,"9",0,"8","","8",".",""
"253180170","NOWY JASINIEC","2012","11","08",1.3,"","W",0,"9",0,"8","","8",".",""
"253180170","NOWY JASINIEC","2012","11","09",.7,"","W",0,"9",0,"8","","8",".",""
"253180170","NOWY JASINIEC","2012","11","11",5.6,"","W",0,"9",0,"8","","8",".",""
"253180170","NOWY JASINIEC","2012","11","18",.3,"","W",0,"9",0,"8","","8",".",""
"253180170","NOWY JASINIEC","2012","11","21",.2,"","W",0,"9",0,"8","","8",".",""
"253180170","NOWY JASINIEC","2012","11","24",3.7,"","W",0,"9",0,"8","","8",".",""
"253180170","NOWY JASINIEC","2012","11","25",.3,"","W",0,"9",0,"8","","8",".",""
"253180170","NOWY JASINIEC","2012","11","27",.9,"","W",0,"9",0,"8","","8",".",""
"253180170","NOWY JASINIEC","2012","11","28",7.2,"","W",0,"9",0,"8","","8",".",""
"253180170","NOWY JASINIEC","2012","11","29",19.0,"","W",0,"9",0,"8","","8",".",""
"253180170","NOWY JASINIEC","2012","11","30",.3,"","W",0,"9",0,"8","","8",".",""
"253180180","FAL CIN","2012","11","01",1.7,"","W",0,"9",0,"8","","8",".",""
"253180180","FAL CIN","2012","11","02",.1,"","W",0,"9",0,"8","","8",".",""
"253180180","FAL CIN","2012","11","03",2.6,"","W",0,"9",0,"8","","8",".",""
"253180180","FAL CIN","2012","11","04",8.6,"","W",0,"9",0,"8","","8",".",""
"253180180","FAL CIN","2012","11","05",4.0,"","W",0,"9",0,"8","","8",".",""
"253180180","FAL CIN","2012","11","06",3.2,"","W",0,"9",0,"8","","8",".",""
"253180180","FAL CIN","2012","11","08",2.4,"","W",0,"9",0,"8","","8",".",""
"253180180","FAL CIN","2012","11","09",.4,"","W",0,"9",0,"8","","8",".",""
"253180180","FAL CIN","2012","11","11",5.6,"","W",0,"9",0,"8","","8",".",""
"253180180","FAL CIN","2012","11","21",.0,"","W",0,"9",0,"8","","8",".",""
"253180180","FAL CIN","2012","11","23",1.2,"","W",0,"9",0,"8","","8",".",""
"253180180","FAL CIN","2012","11","24",2.2,"","W",0,"9",0,"8","","8",".",""
"253180180","FAL CIN","2012","11","25",.1,"","W",0,"9",0,"8","","8",".",""
"253180180","FAL CIN","2012","11","26",.0,"","W",0,"9",0,"8","","8",".",""
"253180180","FAL CIN","2012","11","27",.3,"","W",0,"9",0,"8","","8",".",""
"253180180","FAL CIN","2012","11","28",12.8,"","W",0,"9",0,"8","","8",".",""
"253180180","FAL CIN","2012","11","29",16.8,"","W",0,"9",0,"8","","8",".",""
"253180190","UNIS£AW","2012","11","01",1.7,"","W",0,"9",0,"8","","8",".",""
"253180190","UNIS£AW","2012","11","02",.4,"","W",0,"9",0,"8","","8",".",""
"253180190","UNIS£AW","2012","11","03",2.9,"","W",0,"9",0,"8","","8",".",""
"253180190","UNIS£AW","2012","11","04",8.3,"","W",0,"9",0,"8","","8",".",""
"253180190","UNIS£AW","2012","11","05",1.5,"","W",0,"9",0,"8","","8",".",""
"253180190","UNIS£AW","2012","11","06",4.2,"","W",0,"9",0,"8","","8",".",""
"253180190","UNIS£AW","2012","11","08",1.2,"","W",0,"9",0,"8","","8",".",""
"253180190","UNIS£AW","2012","11","09",.1,"","W",0,"9",0,"8","","8",".",""
"253180190","UNIS£AW","2012","11","11",4.1,"","W",0,"9",0,"8","","8",".",""
"253180190","UNIS£AW","2012","11","23",1.1,"","W",0,"9",0,"8","","8",".",""
"253180190","UNIS£AW","2012","11","24",2.5,"","W",0,"9",0,"8","","8",".",""
"253180190","UNIS£AW","2012","11","27",1.5,"","W",0,"9",0,"8","","8",".",""
"253180190","UNIS£AW","2012","11","28",7.0,"","W",0,"9",0,"8","","8",".",""
"253180190","UNIS£AW","2012","11","29",17.9,"","W",0,"9",0,"8","","8",".",""
"253180230","KOWALEWO","2012","11","01",2.3,"","W",0,"9",0,"8","","8",".",""
"253180230","KOWALEWO","2012","11","03",1.5,"","W",0,"9",0,"8","","8",".",""
"253180230","KOWALEWO","2012","11","04",3.8,"","W",0,"9",0,"8","","8",".",""
"253180230","KOWALEWO","2012","11","05",2.1,"","W",0,"9",0,"8","","8",".",""
"253180230","KOWALEWO","2012","11","06",4.5,"","S",0,"9",0,"8","","8",".",""
"253180230","KOWALEWO","2012","11","07",.4,"","W",0,"9",0,"8","","8",".",""
"253180230","KOWALEWO","2012","11","08",.6,"","W",0,"9",0,"8","","8",".",""
"253180230","KOWALEWO","2012","11","11",2.2,"","W",0,"9",0,"8","","8",".",""
"253180230","KOWALEWO","2012","11","22",.4,"","W",0,"9",0,"8","","8",".",""
"253180230","KOWALEWO","2012","11","24",2.3,"","W",0,"9",0,"8","","8",".",""
"253180230","KOWALEWO","2012","11","27",2.3,"","W",0,"9",0,"8","","8",".",""
"253180230","KOWALEWO","2012","11","28",6.2,"","W",0,"9",0,"8","","8",".",""
"253180230","KOWALEWO","2012","11","29",11.3,"","W",0,"9",0,"8","","8",".",""
"253190010","BUCZYNIEC","2012","11","01",1.2,"","W",0,"9",0,"8","","8",".",""
"253190010","BUCZYNIEC","2012","11","03",1.5,"","W",0,"9",0,"8","","8",".",""
"253190010","BUCZYNIEC","2012","11","04",7.0,"","W",0,"9",0,"8","","8",".",""
"253190010","BUCZYNIEC","2012","11","05",2.2,"","W",0,"9",0,"8","","8",".",""
"253190010","BUCZYNIEC","2012","11","06",7.3,"","W",0,"9",0,"8","","8",".",""
"253190010","BUCZYNIEC","2012","11","07",.6,"","W",0,"9",0,"8","","8",".",""
"253190010","BUCZYNIEC","2012","11","08",3.2,"","W",0,"9",0,"8","","8",".",""
"253190010","BUCZYNIEC","2012","11","09",.5,"","W",0,"9",0,"8","","8",".",""
"253190010","BUCZYNIEC","2012","11","11",3.8,"","W",0,"9",0,"8","","8",".",""
"253190010","BUCZYNIEC","2012","11","18",.1,"","W",0,"9",0,"8","","8",".",""
"253190010","BUCZYNIEC","2012","11","22",.2,"","W",0,"9",0,"8","","8",".",""
"253190010","BUCZYNIEC","2012","11","24",3.2,"","W",0,"9",0,"8","","8",".",""
"253190010","BUCZYNIEC","2012","11","25",.2,"","W",0,"9",0,"8","","8",".",""
"253190010","BUCZYNIEC","2012","11","26",1.0,"","W",0,"9",0,"8","","8",".",""
"253190010","BUCZYNIEC","2012","11","27",1.5,"","W",0,"9",0,"8","","8",".",""
"253190010","BUCZYNIEC","2012","11","28",10.0,"","W",0,"9",0,"8","","8",".",""
"253190010","BUCZYNIEC","2012","11","29",15.7,"","W",0,"9",0,"8","","8",".",""
"253190010","BUCZYNIEC","2012","11","30",5.0,"","W",0,"9",0,"8","","8",".",""
"253190040","STRASZEWO","2012","11","01",2.9,"","W",0,"9",0,"8","","8",".",""
"253190040","STRASZEWO","2012","11","02",.6,"","W",0,"9",0,"8","","8",".",""
"253190040","STRASZEWO","2012","11","03",.5,"","W",0,"9",0,"8","","8",".",""
"253190040","STRASZEWO","2012","11","04",13.2,"","W",0,"9",0,"8","","8",".",""
"253190040","STRASZEWO","2012","11","05",.3,"","W",0,"9",0,"8","","8",".",""
"253190040","STRASZEWO","2012","11","07",.5,"","W",0,"9",0,"8","","8",".",""
"253190040","STRASZEWO","2012","11","08",2.0,"","W",0,"9",0,"8","","8",".",""
"253190040","STRASZEWO","2012","11","09",.7,"","W",0,"9",0,"8","","8",".",""
"253190040","STRASZEWO","2012","11","11",2.9,"","W",0,"9",0,"8","","8",".",""
"253190040","STRASZEWO","2012","11","18",.1,"","W",0,"9",0,"8","","8",".",""
"253190040","STRASZEWO","2012","11","21",.1,"","W",0,"9",0,"8","","8",".",""
"253190040","STRASZEWO","2012","11","24",2.0,"","W",0,"9",0,"8","","8",".",""
"253190040","STRASZEWO","2012","11","26",.6,"","W",0,"9",0,"8","","8",".",""
"253190040","STRASZEWO","2012","11","27",.9,"","W",0,"9",0,"8","","8",".",""
"253190040","STRASZEWO","2012","11","28",10.2,"","W",0,"9",0,"8","","8",".",""
"253190040","STRASZEWO","2012","11","29",19.6,"","W",0,"9",0,"8","","8",".",""
"253190040","STRASZEWO","2012","11","30",.2,"","W",0,"9",0,"8","","8",".",""
"253190050","JAåKOWO","2012","11","01",2.7,"","S",0,"9",0,"8","","8",".",""
"253190050","JAåKOWO","2012","11","02",.2,"","W",0,"9",0,"8","","8",".",""
"253190050","JAåKOWO","2012","11","03",1.5,"","W",0,"9",0,"8","","8",".",""
"253190050","JAåKOWO","2012","11","04",8.8,"","W",0,"9",0,"8","","8",".",""
"253190050","JAåKOWO","2012","11","05",.3,"","W",0,"9",0,"8","","8",".",""
"253190050","JAåKOWO","2012","11","06",5.7,"","W",0,"9",0,"8","","8",".",""
"253190050","JAåKOWO","2012","11","07",.6,"","W",0,"9",0,"8","","8",".",""
"253190050","JAåKOWO","2012","11","08",2.7,"","W",0,"9",0,"8","","8",".",""
"253190050","JAåKOWO","2012","11","09",.0,"","W",0,"9",0,"8","","8",".",""
"253190050","JAåKOWO","2012","11","11",2.2,"","W",0,"9",0,"8","","8",".",""
"253190050","JAåKOWO","2012","11","12",.0,"","W",0,"9",0,"8","","8",".",""
"253190050","JAåKOWO","2012","11","18",.0,"","W",0,"9",0,"8","","8",".",""
"253190050","JAåKOWO","2012","11","22",.2,"","W",0,"9",0,"8","","8",".",""
"253190050","JAåKOWO","2012","11","23",.0,"","W",0,"9",0,"8","","8",".",""
"253190050","JAåKOWO","2012","11","24",1.8,"","W",0,"9",0,"8","","8",".",""
"253190050","JAåKOWO","2012","11","25",.6,"","W",0,"9",0,"8","","8",".",""
"253190050","JAåKOWO","2012","11","26",.8,"","W",0,"9",0,"8","","8",".",""
"253190050","JAåKOWO","2012","11","27",1.8,"","W",0,"9",0,"8","","8",".",""
"253190050","JAåKOWO","2012","11","28",7.9,"","W",0,"9",0,"8","","8",".",""
"253190050","JAåKOWO","2012","11","29",13.1,"","W",0,"9",0,"8","","8",".",""
"253190050","JAåKOWO","2012","11","30",1.5,"","W",0,"9",0,"8","","8",".",""
"253190080","PIETRZWA£D","2012","11","01",3.6,"","W",0,"9",0,"8","","8",".",""
"253190080","PIETRZWA£D","2012","11","02",1.6,"","W",0,"9",0,"8","","8",".",""
"253190080","PIETRZWA£D","2012","11","03",2.6,"","W",0,"9",0,"8","","8",".",""
"253190080","PIETRZWA£D","2012","11","04",1.7,"","W",0,"9",0,"8","","8",".",""
"253190080","PIETRZWA£D","2012","11","05",3.9,"","W",0,"9",0,"8","","8",".",""
"253190080","PIETRZWA£D","2012","11","06",4.9,"","W",0,"9",0,"8","","8",".",""
"253190080","PIETRZWA£D","2012","11","07",.9,"","W",0,"9",0,"8","","8",".",""
"253190080","PIETRZWA£D","2012","11","08",7.9,"","W",0,"9",0,"8","","8",".",""
"253190080","PIETRZWA£D","2012","11","09",.1,"","W",0,"9",0,"8","","8",".",""
"253190080","PIETRZWA£D","2012","11","10",.0,"","W",0,"9",0,"8","","8",".",""
"253190080","PIETRZWA£D","2012","11","11",1.9,"","W",0,"9",0,"8","","8",".",""
"253190080","PIETRZWA£D","2012","11","12",.2,"","W",0,"9",0,"8","","8",".",""
"253190080","PIETRZWA£D","2012","11","13",.0,"","W",0,"9",0,"8","","8",".",""
"253190080","PIETRZWA£D","2012","11","18",.0,"","W",0,"9",0,"8","","8",".",""
"253190080","PIETRZWA£D","2012","11","22",.2,"","W",0,"9",0,"8","","8",".",""
"253190080","PIETRZWA£D","2012","11","23",.7,"","W",0,"9",0,"8","","8",".",""
"253190080","PIETRZWA£D","2012","11","24",2.3,"","W",0,"9",0,"8","","8",".",""
"253190080","PIETRZWA£D","2012","11","25",.9,"","W",0,"9",0,"8","","8",".",""
"253190080","PIETRZWA£D","2012","11","26",.3,"","W",0,"9",0,"8","","8",".",""
"253190080","PIETRZWA£D","2012","11","27",3.1,"","W",0,"9",0,"8","","8",".",""
"253190080","PIETRZWA£D","2012","11","28",7.1,"","W",0,"9",0,"8","","8",".",""
"253190080","PIETRZWA£D","2012","11","29",11.7,"","W",0,"9",0,"8","","8",".",""
"253190080","PIETRZWA£D","2012","11","30",.7,"","W",0,"9",0,"8","","8",".",""
"253190090","DZIARNY","2012","11","01",2.1,"","W",0,"9",0,"8","","8",".",""
"253190090","DZIARNY","2012","11","02",.4,"","W",0,"9",0,"8","","8",".",""
"253190090","DZIARNY","2012","11","03",2.7,"","W",0,"9",0,"8","","8",".",""
"253190090","DZIARNY","2012","11","04",4.9,"","W",0,"9",0,"8","","8",".",""
"253190090","DZIARNY","2012","11","05",2.2,"","W",0,"9",0,"8","","8",".",""
"253190090","DZIARNY","2012","11","06",5.3,"","W",0,"9",0,"8","","8",".",""
"253190090","DZIARNY","2012","11","07",.5,"","W",0,"9",0,"8","","8",".",""
"253190090","DZIARNY","2012","11","08",5.4,"","W",0,"9",0,"8","","8",".",""
"253190090","DZIARNY","2012","11","09",1.5,"","W",0,"9",0,"8","","8",".",""
"253190090","DZIARNY","2012","11","11",1.7,"","W",0,"9",0,"8","","8",".",""
"253190090","DZIARNY","2012","11","18",.3,"","W",0,"9",0,"8","","8",".",""
"253190090","DZIARNY","2012","11","22",.1,"","W",0,"9",0,"8","","8",".",""
"253190090","DZIARNY","2012","11","23",.6,"","W",0,"9",0,"8","","8",".",""
"253190090","DZIARNY","2012","11","24",3.2,"","W",0,"9",0,"8","","8",".",""
"253190090","DZIARNY","2012","11","25",1.2,"","W",0,"9",0,"8","","8",".",""
"253190090","DZIARNY","2012","11","26",.4,"","W",0,"9",0,"8","","8",".",""
"253190090","DZIARNY","2012","11","27",3.3,"","W",0,"9",0,"8","","8",".",""
"253190090","DZIARNY","2012","11","28",5.9,"","W",0,"9",0,"8","","8",".",""
"253190090","DZIARNY","2012","11","29",15.7,"","W",0,"9",0,"8","","8",".",""
"253190090","DZIARNY","2012","11","30",1.8,"","W",0,"9",0,"8","","8",".",""
"253190110","£ASIN","2012","11","01",2.5,"","W",0,"9",0,"8","","8",".",""
"253190110","£ASIN","2012","11","02",.2,"","W",0,"9",0,"8","","8",".",""
"253190110","£ASIN","2012","11","04",9.2,"","W",0,"9",0,"8","","8",".",""
"253190110","£ASIN","2012","11","05",.8,"","W",0,"9",0,"8","","8",".",""
"253190110","£ASIN","2012","11","06",1.8,"","W",0,"9",0,"8","","8",".",""
"253190110","£ASIN","2012","11","07",.4,"","W",0,"9",0,"8","","8",".",""
"253190110","£ASIN","2012","11","08",1.6,"","W",0,"9",0,"8","","8",".",""
"253190110","£ASIN","2012","11","09",.2,"","W",0,"9",0,"8","","8",".",""
"253190110","£ASIN","2012","11","11",2.3,"","W",0,"9",0,"8","","8",".",""
"253190110","£ASIN","2012","11","18",.1,"","W",0,"9",0,"8","","8",".",""
"253190110","£ASIN","2012","11","22",.0,"","W",0,"9",0,"8","","8",".",""
"253190110","£ASIN","2012","11","23",2.7,"","W",0,"9",0,"8","","8",".",""
"253190110","£ASIN","2012","11","24",.7,"","W",0,"9",0,"8","","8",".",""
"253190110","£ASIN","2012","11","26",.5,"","W",0,"9",0,"8","","8",".",""
"253190110","£ASIN","2012","11","27",1.9,"","W",0,"9",0,"8","","8",".",""
"253190110","£ASIN","2012","11","28",5.4,"","W",0,"9",0,"8","","8",".",""
"253190110","£ASIN","2012","11","29",13.5,"","W",0,"9",0,"8","","8",".",""
"253190110","£ASIN","2012","11","30",.0,"","W",0,"9",0,"8","","8",".",""
"253190130","BISKUPIEC","2012","11","01",2.0,"","W",0,"9",0,"8","","8",".",""
"253190130","BISKUPIEC","2012","11","03",2.2,"","W",0,"9",0,"8","","8",".",""
"253190130","BISKUPIEC","2012","11","04",.4,"","W",0,"9",0,"8","","8",".",""
"253190130","BISKUPIEC","2012","11","05",2.7,"","W",0,"9",0,"8","","8",".",""
"253190130","BISKUPIEC","2012","11","06",5.0,"","W",0,"9",0,"8","","8",".",""
"253190130","BISKUPIEC","2012","11","07",1.7,"","W",0,"9",0,"8","","8",".",""
"253190130","BISKUPIEC","2012","11","08",.2,"","W",0,"9",0,"8","","8",".",""
"253190130","BISKUPIEC","2012","11","09",1.8,"","W",0,"9",0,"8","","8",".",""
"253190130","BISKUPIEC","2012","11","11",2.8,"","W",0,"9",0,"8","","8",".",""
"253190130","BISKUPIEC","2012","11","12",.2,"","W",0,"9",0,"8","","8",".",""
"253190130","BISKUPIEC","2012","11","23",3.0,"","W",0,"9",0,"8","","8",".",""
"253190130","BISKUPIEC","2012","11","24",2.6,"","W",0,"9",0,"8","","8",".",""
"253190130","BISKUPIEC","2012","11","26",.3,"","W",0,"9",0,"8","","8",".",""
"253190130","BISKUPIEC","2012","11","27",2.8,"","W",0,"9",0,"8","","8",".",""
"253190130","BISKUPIEC","2012","11","28",7.6,"","W",0,"9",0,"8","","8",".",""
"253190130","BISKUPIEC","2012","11","29",18.0,"","W",0,"9",0,"8","","8",".",""
"253190130","BISKUPIEC","2012","11","30",.8,"","W",0,"9",0,"8","","8",".",""
"253190140","WIERZBICA","2012","11","01",4.7,"","W",0,"9",0,"8","","8",".",""
"253190140","WIERZBICA","2012","11","02",2.2,"","W",0,"9",0,"8","","8",".",""
"253190140","WIERZBICA","2012","11","04",2.1,"","W",0,"9",0,"8","","8",".",""
"253190140","WIERZBICA","2012","11","05",2.8,"","W",0,"9",0,"8","","8",".",""
"253190140","WIERZBICA","2012","11","06",4.8,"","W",0,"9",0,"8","","8",".",""
"253190140","WIERZBICA","2012","11","07",5.9,"","W",0,"9",0,"8","","8",".",""
"253190140","WIERZBICA","2012","11","08",2.1,"","W",0,"9",0,"8","","8",".",""
"253190140","WIERZBICA","2012","11","11",1.2,"","W",0,"9",0,"8","","8",".",""
"253190140","WIERZBICA","2012","11","24",3.7,"","W",0,"9",0,"8","","8",".",""
"253190140","WIERZBICA","2012","11","25",2.1,"","W",0,"9",0,"8","","8",".",""
"253190140","WIERZBICA","2012","11","27",4.9,"","W",0,"9",0,"8","","8",".",""
"253190140","WIERZBICA","2012","11","28",3.2,"","W",0,"9",0,"8","","8",".",""
"253190140","WIERZBICA","2012","11","29",9.4,"","W",0,"9",0,"8","","8",".",""
"253190140","WIERZBICA","2012","11","30",3.3,"","W",0,"9",0,"8","","8",".",""
"253190160","OSTROWITE","2012","11","01",2.2,"","W",0,"9",0,"8","","8",".",""
"253190160","OSTROWITE","2012","11","03",3.5,"","W",0,"9",0,"8","","8",".",""
"253190160","OSTROWITE","2012","11","04",4.9,"","W",0,"9",0,"8","","8",".",""
"253190160","OSTROWITE","2012","11","05",1.4,"","W",0,"9",0,"8","","8",".",""
"253190160","OSTROWITE","2012","11","06",2.4,"","W",0,"9",0,"8","","8",".",""
"253190160","OSTROWITE","2012","11","08",2.5,"","W",0,"9",0,"8","","8",".",""
"253190160","OSTROWITE","2012","11","09",.3,"","W",0,"9",0,"8","","8",".",""
"253190160","OSTROWITE","2012","11","11",2.2,"","W",0,"9",0,"8","","8",".",""
"253190160","OSTROWITE","2012","11","12",.2,"","W",0,"9",0,"8","","8",".",""
"253190160","OSTROWITE","2012","11","23",1.1,"","W",0,"9",0,"8","","8",".",""
"253190160","OSTROWITE","2012","11","24",2.0,"","W",0,"9",0,"8","","8",".",""
"253190160","OSTROWITE","2012","11","25",.6,"","W",0,"9",0,"8","","8",".",""
"253190160","OSTROWITE","2012","11","26",.2,"","W",0,"9",0,"8","","8",".",""
"253190160","OSTROWITE","2012","11","27",2.1,"","W",0,"9",0,"8","","8",".",""
"253190160","OSTROWITE","2012","11","28",6.6,"","W",0,"9",0,"8","","8",".",""
"253190160","OSTROWITE","2012","11","29",17.7,"","W",0,"9",0,"8","","8",".",""
"253190160","OSTROWITE","2012","11","30",.5,"","W",0,"9",0,"8","","8",".",""
"253190170","KOSTKOWO","2012","11","01",4.0,"","W",0,"9",0,"8","","8",".",""
"253190170","KOSTKOWO","2012","11","02",.3,"","W",0,"9",0,"8","","8",".",""
"253190170","KOSTKOWO","2012","11","03",1.7,"","W",0,"9",0,"8","","8",".",""
"253190170","KOSTKOWO","2012","11","04",1.7,"","W",0,"9",0,"8","","8",".",""
"253190170","KOSTKOWO","2012","11","05",1.2,"","W",0,"9",0,"8","","8",".",""
"253190170","KOSTKOWO","2012","11","06",3.9,"","W",0,"9",0,"8","","8",".",""
"253190170","KOSTKOWO","2012","11","07",.5,"","W",0,"9",0,"8","","8",".",""
"253190170","KOSTKOWO","2012","11","08",4.0,"","W",0,"9",0,"8","","8",".",""
"253190170","KOSTKOWO","2012","11","11",1.6,"","W",0,"9",0,"8","","8",".",""
"253190170","KOSTKOWO","2012","11","18",.2,"","W",0,"9",0,"8","","8",".",""
"253190170","KOSTKOWO","2012","11","22",.1,"","W",0,"9",0,"8","","8",".",""
"253190170","KOSTKOWO","2012","11","24",2.6,"","W",0,"9",0,"8","","8",".",""
"253190170","KOSTKOWO","2012","11","25",.3,"","W",0,"9",0,"8","","8",".",""
"253190170","KOSTKOWO","2012","11","26",.2,"","W",0,"9",0,"8","","8",".",""
"253190170","KOSTKOWO","2012","11","27",3.3,"","W",0,"9",0,"8","","8",".",""
"253190170","KOSTKOWO","2012","11","28",6.3,"","W",0,"9",0,"8","","8",".",""
"253190170","KOSTKOWO","2012","11","29",7.3,"","W",0,"9",0,"8","","8",".",""
"253190170","KOSTKOWO","2012","11","30",1.3,"","W",0,"9",0,"8","","8",".",""
"253190180","ZBICZNO","2012","11","01",1.1,"","W",0,"9",0,"8","","8",".",""
"253190180","ZBICZNO","2012","11","03",3.9,"","W",0,"9",0,"8","","8",".",""
"253190180","ZBICZNO","2012","11","04",1.2,"","W",0,"9",0,"8","","8",".",""
"253190180","ZBICZNO","2012","11","05",1.0,"","W",0,"9",0,"8","","8",".",""
"253190180","ZBICZNO","2012","11","06",1.8,"","W",0,"9",0,"8","","8",".",""
"253190180","ZBICZNO","2012","11","07",1.7,"","W",0,"9",0,"8","","8",".",""
"253190180","ZBICZNO","2012","11","08",1.6,"","W",0,"9",0,"8","","8",".",""
"253190180","ZBICZNO","2012","11","09",.6,"","W",0,"9",0,"8","","8",".",""
"253190180","ZBICZNO","2012","11","11",1.7,"","W",0,"9",0,"8","","8",".",""
"253190180","ZBICZNO","2012","11","24",2.5,"","W",0,"9",0,"8","","8",".",""
"253190180","ZBICZNO","2012","11","25",.3,"","W",0,"9",0,"8","","8",".",""
"253190180","ZBICZNO","2012","11","27",2.3,"","W",0,"9",0,"8","","8",".",""
"253190180","ZBICZNO","2012","11","28",6.7,"","W",0,"9",0,"8","","8",".",""
"253190180","ZBICZNO","2012","11","29",11.5,"","W",0,"9",0,"8","","8",".",""
"253190180","ZBICZNO","2012","11","30",.8,"","W",0,"9",0,"8","","8",".",""
"253190190","BRZOZIE","2012","11","01",1.9,"","W",0,"9",0,"8","","8",".",""
"253190190","BRZOZIE","2012","11","02",.2,"","W",0,"9",0,"8","","8",".",""
"253190190","BRZOZIE","2012","11","03",1.7,"","W",0,"9",0,"8","","8",".",""
"253190190","BRZOZIE","2012","11","04",3.2,"","W",0,"9",0,"8","","8",".",""
"253190190","BRZOZIE","2012","11","05",1.6,"","W",0,"9",0,"8","","8",".",""
"253190190","BRZOZIE","2012","11","06",3.3,"","W",0,"9",0,"8","","8",".",""
"253190190","BRZOZIE","2012","11","07",1.6,"","W",0,"9",0,"8","","8",".",""
"253190190","BRZOZIE","2012","11","08",2.8,"","W",0,"9",0,"8","","8",".",""
"253190190","BRZOZIE","2012","11","09",.6,"","W",0,"9",0,"8","","8",".",""
"253190190","BRZOZIE","2012","11","11",2.4,"","W",0,"9",0,"8","","8",".",""
"253190190","BRZOZIE","2012","11","22",.1,"","W",0,"9",0,"8","","8",".",""
"253190190","BRZOZIE","2012","11","24",3.1,"","W",0,"9",0,"8","","8",".",""
"253190190","BRZOZIE","2012","11","25",.2,"","W",0,"9",0,"8","","8",".",""
"253190190","BRZOZIE","2012","11","27",3.1,"","W",0,"9",0,"8","","8",".",""
"253190190","BRZOZIE","2012","11","28",4.7,"","W",0,"9",0,"8","","8",".",""
"253190190","BRZOZIE","2012","11","29",14.9,"","W",0,"9",0,"8","","8",".",""
"253190190","BRZOZIE","2012","11","30",2.9,"","W",0,"9",0,"8","","8",".",""
"253190210","BRODNICA N/DRW C•","2012","11","01",1.9,"","W",0,"9",0,"8","","8",".",""
"253190210","BRODNICA N/DRW C•","2012","11","03",.6,"","W",0,"9",0,"8","","8",".",""
"253190210","BRODNICA N/DRW C•","2012","11","04",4.1,"","W",0,"9",0,"8","","8",".",""
"253190210","BRODNICA N/DRW C•","2012","11","05",5.6,"","W",0,"9",0,"8","","8",".",""
"253190210","BRODNICA N/DRW C•","2012","11","06",4.2,"","W",0,"9",0,"8","","8",".",""
"253190210","BRODNICA N/DRW C•","2012","11","07",3.7,"","W",0,"9",0,"8","","8",".",""
"253190210","BRODNICA N/DRW C•","2012","11","08",.5,"","W",0,"9",0,"8","","8",".",""
"253190210","BRODNICA N/DRW C•","2012","11","09",.3,"","W",0,"9",0,"8","","8",".",""
"253190210","BRODNICA N/DRW C•","2012","11","11",1.0,"","W",0,"9",0,"8","","8",".",""
"253190210","BRODNICA N/DRW C•","2012","11","18",.1,"","W",0,"9",0,"8","","8",".",""
"253190210","BRODNICA N/DRW C•","2012","11","24",2.6,"","W",0,"9",0,"8","","8",".",""
"253190210","BRODNICA N/DRW C•","2012","11","25",.6,"","W",0,"9",0,"8","","8",".",""
"253190210","BRODNICA N/DRW C•","2012","11","26",1.4,"","W",0,"9",0,"8","","8",".",""
"253190210","BRODNICA N/DRW C•","2012","11","27",7.7,"","W",0,"9",0,"8","","8",".",""
"253190210","BRODNICA N/DRW C•","2012","11","28",2.6,"","W",0,"9",0,"8","","8",".",""
"253190210","BRODNICA N/DRW C•","2012","11","29",11.6,"","W",0,"9",0,"8","","8",".",""
"253190210","BRODNICA N/DRW C•","2012","11","30",1.4,"","W",0,"9",0,"8","","8",".",""
"253190240","ROKITNICA","2012","11","01",2.5,"","W",0,"9",0,"8","","8",".",""
"253190240","ROKITNICA","2012","11","02",.5,"","W",0,"9",0,"8","","8",".",""
"253190240","ROKITNICA","2012","11","03",1.2,"","W",0,"9",0,"8","","8",".",""
"253190240","ROKITNICA","2012","11","04",2.0,"","W",0,"9",0,"8","","8",".",""
"253190240","ROKITNICA","2012","11","05",2.6,"","W",0,"9",0,"8","","8",".",""
"253190240","ROKITNICA","2012","11","06",3.0,"","W",0,"9",0,"8","","8",".",""
"253190240","ROKITNICA","2012","11","07",1.9,"","W",0,"9",0,"8","","8",".",""
"253190240","ROKITNICA","2012","11","08",3.2,"","W",0,"9",0,"8","","8",".",""
"253190240","ROKITNICA","2012","11","09",.2,"","W",0,"9",0,"8","","8",".",""
"253190240","ROKITNICA","2012","11","11",2.3,"","W",0,"9",0,"8","","8",".",""
"253190240","ROKITNICA","2012","11","22",.1,"","W",0,"9",0,"8","","8",".",""
"253190240","ROKITNICA","2012","11","23",.1,"","W",0,"9",0,"8","","8",".",""
"253190240","ROKITNICA","2012","11","24",2.2,"","W",0,"9",0,"8","","8",".",""
"253190240","ROKITNICA","2012","11","26",.4,"","W",0,"9",0,"8","","8",".",""
"253190240","ROKITNICA","2012","11","27",3.8,"","W",0,"9",0,"8","","8",".",""
"253190240","ROKITNICA","2012","11","28",6.7,"","W",0,"9",0,"8","","8",".",""
"253190240","ROKITNICA","2012","11","29",10.0,"","W",0,"9",0,"8","","8",".",""
"253190240","ROKITNICA","2012","11","30",1.7,"","W",0,"9",0,"8","","8",".",""
"253190250","TOMKOWO","2012","11","01",1.9,"","W",0,"9",0,"8","","8",".",""
"253190250","TOMKOWO","2012","11","02",.1,"","W",0,"9",0,"8","","8",".",""
"253190250","TOMKOWO","2012","11","03",1.0,"","W",0,"9",0,"8","","8",".",""
"253190250","TOMKOWO","2012","11","04",4.2,"","W",0,"9",0,"8","","8",".",""
"253190250","TOMKOWO","2012","11","05",3.5,"","W",0,"9",0,"8","","8",".",""
"253190250","TOMKOWO","2012","11","06",2.4,"","W",0,"9",0,"8","","8",".",""
"253190250","TOMKOWO","2012","11","07",.2,"","W",0,"9",0,"8","","8",".",""
"253190250","TOMKOWO","2012","11","08",2.6,"","W",0,"9",0,"8","","8",".",""
"253190250","TOMKOWO","2012","11","11",2.1,"","W",0,"9",0,"8","","8",".",""
"253190250","TOMKOWO","2012","11","24",2.4,"","W",0,"9",0,"8","","8",".",""
"253190250","TOMKOWO","2012","11","26",.1,"","W",0,"9",0,"8","","8",".",""
"253190250","TOMKOWO","2012","11","27",2.8,"","W",0,"9",0,"8","","8",".",""
"253190250","TOMKOWO","2012","11","28",11.8,"","W",0,"9",0,"8","","8",".",""
"253190250","TOMKOWO","2012","11","29",9.1,"","W",0,"9",0,"8","","8",".",""
"253190250","TOMKOWO","2012","11","30",.1,"","W",0,"9",0,"8","","8",".",""
"253190260","OSTROWITE","2012","11","01",.7,"","W",0,"9",0,"8","","8",".",""
"253190260","OSTROWITE","2012","11","02",.3,"","W",0,"9",0,"8","","8",".",""
"253190260","OSTROWITE","2012","11","03",.8,"","W",0,"9",0,"8","","8",".",""
"253190260","OSTROWITE","2012","11","04",2.6,"","W",0,"9",0,"8","","8",".",""
"253190260","OSTROWITE","2012","11","05",2.1,"","W",0,"9",0,"8","","8",".",""
"253190260","OSTROWITE","2012","11","06",3.8,"","W",0,"9",0,"8","","8",".",""
"253190260","OSTROWITE","2012","11","07",.5,"","W",0,"9",0,"8","","8",".",""
"253190260","OSTROWITE","2012","11","08",1.6,"","W",0,"9",0,"8","","8",".",""
"253190260","OSTROWITE","2012","11","09",.5,"","W",0,"9",0,"8","","8",".",""
"253190260","OSTROWITE","2012","11","11",2.2,"","W",0,"9",0,"8","","8",".",""
"253190260","OSTROWITE","2012","11","24",2.4,"","W",0,"9",0,"8","","8",".",""
"253190260","OSTROWITE","2012","11","27",3.7,"","W",0,"9",0,"8","","8",".",""
"253190260","OSTROWITE","2012","11","28",5.1,"","W",0,"9",0,"8","","8",".",""
"253190260","OSTROWITE","2012","11","29",9.1,"","W",0,"9",0,"8","","8",".",""
"253190260","OSTROWITE","2012","11","30",1.4,"","W",0,"9",0,"8","","8",".",""
"253190270","ØUROMIN","2012","11","01",2.8,"","W",0,"9",0,"8","","8",".",""
"253190270","ØUROMIN","2012","11","02",.5,"","W",0,"9",0,"8","","8",".",""
"253190270","ØUROMIN","2012","11","03",.9,"","W",0,"9",0,"8","","8",".",""
"253190270","ØUROMIN","2012","11","04",2.8,"","W",0,"9",0,"8","","8",".",""
"253190270","ØUROMIN","2012","11","05",1.5,"","W",0,"9",0,"8","","8",".",""
"253190270","ØUROMIN","2012","11","06",2.5,"","W",0,"9",0,"8","","8",".",""
"253190270","ØUROMIN","2012","11","07",1.4,"","W",0,"9",0,"8","","8",".",""
"253190270","ØUROMIN","2012","11","08",2.1,"","W",0,"9",0,"8","","8",".",""
"253190270","ØUROMIN","2012","11","09",.4,"","W",0,"9",0,"8","","8",".",""
"253190270","ØUROMIN","2012","11","11",1.2,"","W",0,"9",0,"8","","8",".",""
"253190270","ØUROMIN","2012","11","22",.2,"","W",0,"9",0,"8","","8",".",""
"253190270","ØUROMIN","2012","11","24",2.6,"","W",0,"9",0,"8","","8",".",""
"253190270","ØUROMIN","2012","11","25",.1,"","W",0,"9",0,"8","","8",".",""
"253190270","ØUROMIN","2012","11","27",8.2,"","W",0,"9",0,"8","","8",".",""
"253190270","ØUROMIN","2012","11","28",4.2,"","W",0,"9",0,"8","","8",".",""
"253190270","ØUROMIN","2012","11","29",5.3,"","W",0,"9",0,"8","","8",".",""
"253190270","ØUROMIN","2012","11","30",1.1,"","W",0,"9",0,"8","","8",".",""
"253190290","B•GART","2012","11","01",2.6,"","W",0,"9",0,"8","","8",".",""
"253190290","B•GART","2012","11","03",1.9,"","W",0,"9",0,"8","","8",".",""
"253190290","B•GART","2012","11","04",11.8,"","W",0,"9",0,"8","","8",".",""
"253190290","B•GART","2012","11","05",2.0,"","W",0,"9",0,"8","","8",".",""
"253190290","B•GART","2012","11","06",3.8,"","W",0,"9",0,"8","","8",".",""
"253190290","B•GART","2012","11","07",.0,"","W",0,"9",0,"8","","8",".",""
"253190290","B•GART","2012","11","08",2.5,"","W",0,"9",0,"8","","8",".",""
"253190290","B•GART","2012","11","11",4.6,"","W",0,"9",0,"8","","8",".",""
"253190290","B•GART","2012","11","24",2.4,"","W",0,"9",0,"8","","8",".",""
"253190290","B•GART","2012","11","26",1.5,"","W",0,"9",0,"8","","8",".",""
"253190290","B•GART","2012","11","27",.3,"","W",0,"9",0,"8","","8",".",""
"253190290","B•GART","2012","11","28",10.6,"","W",0,"9",0,"8","","8",".",""
"253190290","B•GART","2012","11","29",19.7,"","W",0,"9",0,"8","","8",".",""
"253190290","B•GART","2012","11","30",1.7,"","W",0,"9",0,"8","","8",".",""
"253190310","KULIGI","2012","11","01",2.6,"","W",0,"9",0,"8","","8",".",""
"253190310","KULIGI","2012","11","02",.2,"","W",0,"9",0,"8","","8",".",""
"253190310","KULIGI","2012","11","03",2.5,"","W",0,"9",0,"8","","8",".",""
"253190310","KULIGI","2012","11","04",2.4,"","W",0,"9",0,"8","","8",".",""
"253190310","KULIGI","2012","11","05",3.0,"","W",0,"9",0,"8","","8",".",""
"253190310","KULIGI","2012","11","06",3.7,"","W",0,"9",0,"8","","8",".",""
"253190310","KULIGI","2012","11","07",.6,"","W",0,"9",0,"8","","8",".",""
"253190310","KULIGI","2012","11","08",2.9,"","W",0,"9",0,"8","","8",".",""
"253190310","KULIGI","2012","11","09",.4,"","W",0,"9",0,"8","","8",".",""
"253190310","KULIGI","2012","11","11",2.2,"","W",0,"9",0,"8","","8",".",""
"253190310","KULIGI","2012","11","18",.2,"","W",0,"9",0,"8","","8",".",""
"253190310","KULIGI","2012","11","22",.1,"","W",0,"9",0,"8","","8",".",""
"253190310","KULIGI","2012","11","24",2.7,"","W",0,"9",0,"8","","8",".",""
"253190310","KULIGI","2012","11","25",.4,"","W",0,"9",0,"8","","8",".",""
"253190310","KULIGI","2012","11","27",2.6,"","W",0,"9",0,"8","","8",".",""
"253190310","KULIGI","2012","11","28",4.7,"","W",0,"9",0,"8","","8",".",""
"253190310","KULIGI","2012","11","29",14.1,"","W",0,"9",0,"8","","8",".",""
"253190310","KULIGI","2012","11","30",3.2,"","W",0,"9",0,"8","","8",".",""
"253190320","BYSZWA£D","2012","11","01",2.4,"","W",0,"9",0,"8","","8",".",""
"253190320","BYSZWA£D","2012","11","02",.5,"","W",0,"9",0,"8","","8",".",""
"253190320","BYSZWA£D","2012","11","03",2.7,"","W",0,"9",0,"8","","8",".",""
"253190320","BYSZWA£D","2012","11","04",2.8,"","W",0,"9",0,"8","","8",".",""
"253190320","BYSZWA£D","2012","11","05",2.0,"","W",0,"9",0,"8","","8",".",""
"253190320","BYSZWA£D","2012","11","06",3.9,"","W",0,"9",0,"8","","8",".",""
"253190320","BYSZWA£D","2012","11","07",.4,"","W",0,"9",0,"8","","8",".",""
"253190320","BYSZWA£D","2012","11","08",.2,"","W",0,"9",0,"8","","8",".",""
"253190320","BYSZWA£D","2012","11","09",3.6,"","W",0,"9",0,"8","","8",".",""
"253190320","BYSZWA£D","2012","11","10",.2,"","W",0,"9",0,"8","","8",".",""
"253190320","BYSZWA£D","2012","11","11",1.8,"","W",0,"9",0,"8","","8",".",""
"253190320","BYSZWA£D","2012","11","12",.1,"","W",0,"9",0,"8","","8",".",""
"253190320","BYSZWA£D","2012","11","13",.1,"","W",0,"9",0,"8","","8",".",""
"253190320","BYSZWA£D","2012","11","14",.2,"","W",0,"9",0,"8","","8",".",""
"253190320","BYSZWA£D","2012","11","22",.1,"","W",0,"9",0,"8","","8",".",""
"253190320","BYSZWA£D","2012","11","23",.1,"","W",0,"9",0,"8","","8",".",""
"253190320","BYSZWA£D","2012","11","24",3.0,"","W",0,"9",0,"8","","8",".",""
"253190320","BYSZWA£D","2012","11","25",1.0,"","W",0,"9",0,"8","","8",".",""
"253190320","BYSZWA£D","2012","11","26",.2,"","W",0,"9",0,"8","","8",".",""
"253190320","BYSZWA£D","2012","11","27",2.8,"","W",0,"9",0,"8","","8",".",""
"253190320","BYSZWA£D","2012","11","28",4.0,"","W",0,"9",0,"8","","8",".",""
"253190320","BYSZWA£D","2012","11","29",13.7,"","W",0,"9",0,"8","","8",".",""
"253190320","BYSZWA£D","2012","11","30",1.4,"","W",0,"9",0,"8","","8",".",""
"253200010","KIKITY","2012","11","01",2.2,"","W",0,"9",0,"8","","8",".",""
"253200010","KIKITY","2012","11","03",2.1,"","W",0,"9",0,"8","","8",".",""
"253200010","KIKITY","2012","11","04",8.0,"","W",0,"9",0,"8","","8",".",""
"253200010","KIKITY","2012","11","05",4.0,"","W",0,"9",0,"8","","8",".",""
"253200010","KIKITY","2012","11","06",9.4,"","W",0,"9",0,"8","","8",".",""
"253200010","KIKITY","2012","11","07",.6,"","W",0,"9",0,"8","","8",".",""
"253200010","KIKITY","2012","11","08",2.1,"","W",0,"9",0,"8","","8",".",""
"253200010","KIKITY","2012","11","09",3.2,"","W",0,"9",0,"8","","8",".",""
"253200010","KIKITY","2012","11","11",1.1,"","W",0,"9",0,"8","","8",".",""
"253200010","KIKITY","2012","11","18",.2,"","W",0,"9",0,"8","","8",".",""
"253200010","KIKITY","2012","11","19",.1,"","W",0,"9",0,"8","","8",".",""
"253200010","KIKITY","2012","11","22",.2,"","W",0,"9",0,"8","","8",".",""
"253200010","KIKITY","2012","11","24",1.6,"","W",0,"9",0,"8","","8",".",""
"253200010","KIKITY","2012","11","25",.8,"","W",0,"9",0,"8","","8",".",""
"253200010","KIKITY","2012","11","26",.7,"","W",0,"9",0,"8","","8",".",""
"253200010","KIKITY","2012","11","27",2.3,"","W",0,"9",0,"8","","8",".",""
"253200010","KIKITY","2012","11","28",3.8,"","W",0,"9",0,"8","","8",".",""
"253200010","KIKITY","2012","11","29",15.9,"","W",0,"9",0,"8","","8",".",""
"253200010","KIKITY","2012","11","30",1.9,"","W",0,"9",0,"8","","8",".",""
"253200020","S TAL","2012","11","01",1.7,"","W",0,"9",0,"8","","8",".",""
"253200020","S TAL","2012","11","03",1.0,"","W",0,"9",0,"8","","8",".",""
"253200020","S TAL","2012","11","04",5.6,"","W",0,"9",0,"8","","8",".",""
"253200020","S TAL","2012","11","05",.5,"","W",0,"9",0,"8","","8",".",""
"253200020","S TAL","2012","11","06",10.6,"","W",0,"9",0,"8","","8",".",""
"253200020","S TAL","2012","11","08",3.5,"","W",0,"9",0,"8","","8",".",""
"253200020","S TAL","2012","11","11",1.1,"","W",0,"9",0,"8","","8",".",""
"253200020","S TAL","2012","11","24",3.7,"","W",0,"9",0,"8","","8",".",""
"253200020","S TAL","2012","11","25",.4,"","W",0,"9",0,"8","","8",".",""
"253200020","S TAL","2012","11","27",1.5,"","W",0,"9",0,"8","","8",".",""
"253200020","S TAL","2012","11","28",4.7,"","W",0,"9",0,"8","","8",".",""
"253200020","S TAL","2012","11","29",15.0,"","W",0,"9",0,"8","","8",".",""
"253200020","S TAL","2012","11","30",1.2,"","W",0,"9",0,"8","","8",".",""
"253200030","BISKUPIEC","2012","11","01",2.3,"","W",0,"9",0,"8","","8",".",""
"253200030","BISKUPIEC","2012","11","03",1.7,"","W",0,"9",0,"8","","8",".",""
"253200030","BISKUPIEC","2012","11","04",2.3,"","W",0,"9",0,"8","","8",".",""
"253200030","BISKUPIEC","2012","11","05",3.5,"","W",0,"9",0,"8","","8",".",""
"253200030","BISKUPIEC","2012","11","06",7.7,"","W",0,"9",0,"8","","8",".",""
"253200030","BISKUPIEC","2012","11","07",1.0,"","W",0,"9",0,"8","","8",".",""
"253200030","BISKUPIEC","2012","11","08",2.5,"","W",0,"9",0,"8","","8",".",""
"253200030","BISKUPIEC","2012","11","09",1.6,"","W",0,"9",0,"8","","8",".",""
"253200030","BISKUPIEC","2012","11","11",1.4,"","W",0,"9",0,"8","","8",".",""
"253200030","BISKUPIEC","2012","11","18",2.1,"","W",0,"9",0,"8","","8",".",""
"253200030","BISKUPIEC","2012","11","19",.6,"","W",0,"9",0,"8","","8",".",""
"253200030","BISKUPIEC","2012","11","24",4.1,"","W",0,"9",0,"8","","8",".",""
"253200030","BISKUPIEC","2012","11","26",.4,"","W",0,"9",0,"8","","8",".",""
"253200030","BISKUPIEC","2012","11","27",3.0,"","W",0,"9",0,"8","","8",".",""
"253200030","BISKUPIEC","2012","11","28",5.1,"","W",0,"9",0,"8","","8",".",""
"253200030","BISKUPIEC","2012","11","29",6.1,"","W",0,"9",0,"8","","8",".",""
"253200030","BISKUPIEC","2012","11","30",3.2,"","W",0,"9",0,"8","","8",".",""
"253200040","GIETRZWA£D","2012","11","01",2.4,"","W",0,"9",0,"8","","8",".",""
"253200040","GIETRZWA£D","2012","11","03",2.1,"","W",0,"9",0,"8","","8",".",""
"253200040","GIETRZWA£D","2012","11","04",5.2,"","W",0,"9",0,"8","","8",".",""
"253200040","GIETRZWA£D","2012","11","05",1.1,"","W",0,"9",0,"8","","8",".",""
"253200040","GIETRZWA£D","2012","11","06",5.9,"","W",0,"9",0,"8","","8",".",""
"253200040","GIETRZWA£D","2012","11","07",.7,"","W",0,"9",0,"8","","8",".",""
"253200040","GIETRZWA£D","2012","11","08",5.0,"","W",0,"9",0,"8","","8",".",""
"253200040","GIETRZWA£D","2012","11","11",1.6,"","W",0,"9",0,"8","","8",".",""
"253200040","GIETRZWA£D","2012","11","23",.7,"","W",0,"9",0,"8","","8",".",""
"253200040","GIETRZWA£D","2012","11","24",1.6,"","W",0,"9",0,"8","","8",".",""
"253200040","GIETRZWA£D","2012","11","25",.8,"","W",0,"9",0,"8","","8",".",""
"253200040","GIETRZWA£D","2012","11","26",.2,"","W",0,"9",0,"8","","8",".",""
"253200040","GIETRZWA£D","2012","11","27",2.4,"","W",0,"9",0,"8","","8",".",""
"253200040","GIETRZWA£D","2012","11","28",7.8,"","W",0,"9",0,"8","","8",".",""
"253200040","GIETRZWA£D","2012","11","29",12.8,"","W",0,"9",0,"8","","8",".",""
"253200040","GIETRZWA£D","2012","11","30",1.4,"","W",0,"9",0,"8","","8",".",""
"253200050","PAJTUNY","2012","11","01",2.9,"","W",0,"9",0,"8","","8",".",""
"253200050","PAJTUNY","2012","11","03",2.0,"","W",0,"9",0,"8","","8",".",""
"253200050","PAJTUNY","2012","11","04",3.9,"","W",0,"9",0,"8","","8",".",""
"253200050","PAJTUNY","2012","11","05",.6,"","W",0,"9",0,"8","","8",".",""
"253200050","PAJTUNY","2012","11","06",6.8,"","W",0,"9",0,"8","","8",".",""
"253200050","PAJTUNY","2012","11","07",.1,"","W",0,"9",0,"8","","8",".",""
"253200050","PAJTUNY","2012","11","08",4.9,"","W",0,"9",0,"8","","8",".",""
"253200050","PAJTUNY","2012","11","11",.8,"","W",0,"9",0,"8","","8",".",""
"253200050","PAJTUNY","2012","11","18",.3,"","W",0,"9",0,"8","","8",".",""
"253200050","PAJTUNY","2012","11","24",2.3,"","W",0,"9",0,"8","","8",".",""
"253200050","PAJTUNY","2012","11","25",1.2,"","W",0,"9",0,"8","","8",".",""
"253200050","PAJTUNY","2012","11","27",3.4,"","W",0,"9",0,"8","","8",".",""
"253200050","PAJTUNY","2012","11","28",5.2,"","W",0,"9",0,"8","","8",".",""
"253200050","PAJTUNY","2012","11","29",8.9,"","W",0,"9",0,"8","","8",".",""
"253200050","PAJTUNY","2012","11","30",.6,"","W",0,"9",0,"8","","8",".",""
"253200060","OLSZEWKI","2012","11","01",1.8,"","W",0,"9",0,"8","","8",".",""
"253200060","OLSZEWKI","2012","11","02",.2,"","W",0,"9",0,"8","","8",".",""
"253200060","OLSZEWKI","2012","11","03",2.1,"","W",0,"9",0,"8","","8",".",""
"253200060","OLSZEWKI","2012","11","04",1.8,"","W",0,"9",0,"8","","8",".",""
"253200060","OLSZEWKI","2012","11","05",2.7,"","W",0,"9",0,"8","","8",".",""
"253200060","OLSZEWKI","2012","11","06",5.8,"","W",0,"9",0,"8","","8",".",""
"253200060","OLSZEWKI","2012","11","07",.5,"","W",0,"9",0,"8","","8",".",""
"253200060","OLSZEWKI","2012","11","08",2.9,"","W",0,"9",0,"8","","8",".",""
"253200060","OLSZEWKI","2012","11","09",.2,"","W",0,"9",0,"8","","8",".",""
"253200060","OLSZEWKI","2012","11","11",.9,"","W",0,"9",0,"8","","8",".",""
"253200060","OLSZEWKI","2012","11","15",.1,"","W",0,"9",0,"8","","8",".",""
"253200060","OLSZEWKI","2012","11","21",.1,"","W",0,"9",0,"8","","8",".",""
"253200060","OLSZEWKI","2012","11","24",2.6,"","W",0,"9",0,"8","","8",".",""
"253200060","OLSZEWKI","2012","11","25",.5,"","W",0,"9",0,"8","","8",".",""
"253200060","OLSZEWKI","2012","11","26",.1,"","W",0,"9",0,"8","","8",".",""
"253200060","OLSZEWKI","2012","11","27",3.9,"","W",0,"9",0,"8","","8",".",""
"253200060","OLSZEWKI","2012","11","28",2.8,"","W",0,"9",0,"8","","8",".",""
"253200060","OLSZEWKI","2012","11","29",5.8,"","W",0,"9",0,"8","","8",".",""
"253200060","OLSZEWKI","2012","11","30",.9,"","W",0,"9",0,"8","","8",".",""
"253200070","NOWY RAMUK","2012","11","01",3.4,"","W",0,"9",0,"8","","8",".",""
"253200070","NOWY RAMUK","2012","11","03",1.9,"","W",0,"9",0,"8","","8",".",""
"253200070","NOWY RAMUK","2012","11","04",4.1,"","W",0,"9",0,"8","","8",".",""
"253200070","NOWY RAMUK","2012","11","05",1.5,"","W",0,"9",0,"8","","8",".",""
"253200070","NOWY RAMUK","2012","11","06",6.3,"","W",0,"9",0,"8","","8",".",""
"253200070","NOWY RAMUK","2012","11","07",.6,"","W",0,"9",0,"8","","8",".",""
"253200070","NOWY RAMUK","2012","11","08",6.4,"","W",0,"9",0,"8","","8",".",""
"253200070","NOWY RAMUK","2012","11","11",.9,"","W",0,"9",0,"8","","8",".",""
"253200070","NOWY RAMUK","2012","11","23",.2,"","W",0,"9",0,"8","","8",".",""
"253200070","NOWY RAMUK","2012","11","24",1.9,"","W",0,"9",0,"8","","8",".",""
"253200070","NOWY RAMUK","2012","11","25",.7,"","W",0,"9",0,"8","","8",".",""
"253200070","NOWY RAMUK","2012","11","26",.2,"","W",0,"9",0,"8","","8",".",""
"253200070","NOWY RAMUK","2012","11","27",3.4,"","W",0,"9",0,"8","","8",".",""
"253200070","NOWY RAMUK","2012","11","28",5.5,"","W",0,"9",0,"8","","8",".",""
"253200070","NOWY RAMUK","2012","11","29",8.6,"","W",0,"9",0,"8","","8",".",""
"253200070","NOWY RAMUK","2012","11","30",.2,"","W",0,"9",0,"8","","8",".",""
"253200080","JEMIO£OWO","2012","11","01",3.1,"","W",0,"9",0,"8","","8",".",""
"253200080","JEMIO£OWO","2012","11","02",.2,"","W",0,"9",0,"8","","8",".",""
"253200080","JEMIO£OWO","2012","11","03",1.7,"","W",0,"9",0,"8","","8",".",""
"253200080","JEMIO£OWO","2012","11","04",2.5,"","W",0,"9",0,"8","","8",".",""
"253200080","JEMIO£OWO","2012","11","05",1.3,"","W",0,"9",0,"8","","8",".",""
"253200080","JEMIO£OWO","2012","11","06",4.1,"","W",0,"9",0,"8","","8",".",""
"253200080","JEMIO£OWO","2012","11","07",.6,"","W",0,"9",0,"8","","8",".",""
"253200080","JEMIO£OWO","2012","11","08",7.7,"","W",0,"9",0,"8","","8",".",""
"253200080","JEMIO£OWO","2012","11","11",.8,"","W",0,"9",0,"8","","8",".",""
"253200080","JEMIO£OWO","2012","11","22",.3,"","W",0,"9",0,"8","","8",".",""
"253200080","JEMIO£OWO","2012","11","23",1.0,"","W",0,"9",0,"8","","8",".",""
"253200080","JEMIO£OWO","2012","11","24",3.1,"","W",0,"9",0,"8","","8",".",""
"253200080","JEMIO£OWO","2012","11","25",.8,"","W",0,"9",0,"8","","8",".",""
"253200080","JEMIO£OWO","2012","11","27",2.9,"","W",0,"9",0,"8","","8",".",""
"253200080","JEMIO£OWO","2012","11","28",4.7,"","W",0,"9",0,"8","","8",".",""
"253200080","JEMIO£OWO","2012","11","29",11.8,"","W",0,"9",0,"8","","8",".",""
"253200080","JEMIO£OWO","2012","11","30",2.5,"","W",0,"9",0,"8","","8",".",""
"253200090","MA£SZEWO","2012","11","01",2.9,"","W",0,"9",0,"8","","8",".",""
"253200090","MA£SZEWO","2012","11","03",2.4,"","W",0,"9",0,"8","","8",".",""
"253200090","MA£SZEWO","2012","11","04",5.0,"","W",0,"9",0,"8","","8",".",""
"253200090","MA£SZEWO","2012","11","05",3.8,"","W",0,"9",0,"8","","8",".",""
"253200090","MA£SZEWO","2012","11","06",4.5,"","W",0,"9",0,"8","","8",".",""
"253200090","MA£SZEWO","2012","11","07",1.4,"","W",0,"9",0,"8","","8",".",""
"253200090","MA£SZEWO","2012","11","08",6.0,"","W",0,"9",0,"8","","8",".",""
"253200090","MA£SZEWO","2012","11","24",2.9,"","W",0,"9",0,"8","","8",".",""
"253200090","MA£SZEWO","2012","11","27",4.2,"","W",0,"9",0,"8","","8",".",""
"253200090","MA£SZEWO","2012","11","28",3.2,"","W",0,"9",0,"8","","8",".",""
"253200090","MA£SZEWO","2012","11","29",7.3,"","W",0,"9",0,"8","","8",".",""
"253200090","MA£SZEWO","2012","11","30",1.5,"","W",0,"9",0,"8","","8",".",""
"253200120","FR•KNOWO","2012","11","01",3.5,"","W",0,"9",0,"8","","8",".",""
"253200120","FR•KNOWO","2012","11","03",2.5,"","W",0,"9",0,"8","","8",".",""
"253200120","FR•KNOWO","2012","11","04",3.6,"","W",0,"9",0,"8","","8",".",""
"253200120","FR•KNOWO","2012","11","05",3.1,"","W",0,"9",0,"8","","8",".",""
"253200120","FR•KNOWO","2012","11","06",6.0,"","W",0,"9",0,"8","","8",".",""
"253200120","FR•KNOWO","2012","11","07",.8,"","W",0,"9",0,"8","","8",".",""
"253200120","FR•KNOWO","2012","11","08",4.0,"","W",0,"9",0,"8","","8",".",""
"253200120","FR•KNOWO","2012","11","11",1.2,"","W",0,"9",0,"8","","8",".",""
"253200120","FR•KNOWO","2012","11","22",.3,"","W",0,"9",0,"8","","8",".",""
"253200120","FR•KNOWO","2012","11","24",2.6,"","W",0,"9",0,"8","","8",".",""
"253200120","FR•KNOWO","2012","11","27",4.2,"","W",0,"9",0,"8","","8",".",""
"253200120","FR•KNOWO","2012","11","28",5.6,"","W",0,"9",0,"8","","8",".",""
"253200120","FR•KNOWO","2012","11","29",7.8,"","W",0,"9",0,"8","","8",".",""
"253200120","FR•KNOWO","2012","11","30",3.2,"","W",0,"9",0,"8","","8",".",""
"253200130","WA£Y","2012","11","01",4.0,"","W",0,"9",0,"8","","8",".",""
"253200130","WA£Y","2012","11","02",.3,"","W",0,"9",0,"8","","8",".",""
"253200130","WA£Y","2012","11","03",1.9,"","W",0,"9",0,"8","","8",".",""
"253200130","WA£Y","2012","11","04",3.7,"","W",0,"9",0,"8","","8",".",""
"253200130","WA£Y","2012","11","05",2.3,"","W",0,"9",0,"8","","8",".",""
"253200130","WA£Y","2012","11","06",4.3,"","W",0,"9",0,"8","","8",".",""
"253200130","WA£Y","2012","11","07",1.0,"","W",0,"9",0,"8","","8",".",""
"253200130","WA£Y","2012","11","08",3.5,"","W",0,"9",0,"8","","8",".",""
"253200130","WA£Y","2012","11","11",.8,"","W",0,"9",0,"8","","8",".",""
"253200130","WA£Y","2012","11","20",.1,"","W",0,"9",0,"8","","8",".",""
"253200130","WA£Y","2012","11","22",.1,"","W",0,"9",0,"8","","8",".",""
"253200130","WA£Y","2012","11","23",.0,"","W",0,"9",0,"8","","8",".",""
"253200130","WA£Y","2012","11","24",1.5,"","W",0,"9",0,"8","","8",".",""
"253200130","WA£Y","2012","11","25",.9,"","W",0,"9",0,"8","","8",".",""
"253200130","WA£Y","2012","11","26",.1,"","W",0,"9",0,"8","","8",".",""
"253200130","WA£Y","2012","11","27",6.8,"","W",0,"9",0,"8","","8",".",""
"253200130","WA£Y","2012","11","28",2.4,"","W",0,"9",0,"8","","8",".",""
"253200130","WA£Y","2012","11","29",4.2,"","W",0,"9",0,"8","","8",".",""
"253200130","WA£Y","2012","11","30",.7,"","W",0,"9",0,"8","","8",".",""
"253200140","WIELBARK","2012","11","01",3.1,"","W",0,"9",0,"8","","8",".",""
"253200140","WIELBARK","2012","11","02",.0,"","W",0,"9",0,"8","","8",".",""
"253200140","WIELBARK","2012","11","03",1.7,"","W",0,"9",0,"8","","8",".",""
"253200140","WIELBARK","2012","11","04",3.2,"","W",0,"9",0,"8","","8",".",""
"253200140","WIELBARK","2012","11","05",5.2,"","W",0,"9",0,"8","","8",".",""
"253200140","WIELBARK","2012","11","06",4.1,"","W",0,"9",0,"8","","8",".",""
"253200140","WIELBARK","2012","11","07",.4,"","W",0,"9",0,"8","","8",".",""
"253200140","WIELBARK","2012","11","08",3.1,"","W",0,"9",0,"8","","8",".",""
"253200140","WIELBARK","2012","11","24",3.4,"","W",0,"9",0,"8","","8",".",""
"253200140","WIELBARK","2012","11","27",10.7,"","W",0,"9",0,"8","","8",".",""
"253200140","WIELBARK","2012","11","29",5.6,"","W",0,"9",0,"8","","8",".",""
"253200140","WIELBARK","2012","11","30",.5,"","W",0,"9",0,"8","","8",".",""
"253200150","S£AWKOWO","2012","11","01",2.1,"","W",0,"9",0,"8","","8",".",""
"253200150","S£AWKOWO","2012","11","02",.0,"","W",0,"9",0,"8","","8",".",""
"253200150","S£AWKOWO","2012","11","03",1.8,"","W",0,"9",0,"8","","8",".",""
"253200150","S£AWKOWO","2012","11","04",2.5,"","W",0,"9",0,"8","","8",".",""
"253200150","S£AWKOWO","2012","11","05",.5,"","W",0,"9",0,"8","","8",".",""
"253200150","S£AWKOWO","2012","11","06",5.5,"","W",0,"9",0,"8","","8",".",""
"253200150","S£AWKOWO","2012","11","07",.5,"","W",0,"9",0,"8","","8",".",""
"253200150","S£AWKOWO","2012","11","08",.2,"","W",0,"9",0,"8","","8",".",""
"253200150","S£AWKOWO","2012","11","11",1.1,"","W",0,"9",0,"8","","8",".",""
"253200150","S£AWKOWO","2012","11","24",2.2,"","W",0,"9",0,"8","","8",".",""
"253200150","S£AWKOWO","2012","11","27",3.3,"","W",0,"9",0,"8","","8",".",""
"253200150","S£AWKOWO","2012","11","28",7.7,"","W",0,"9",0,"8","","8",".",""
"253200150","S£AWKOWO","2012","11","29",6.2,"","W",0,"9",0,"8","","8",".",""
"253200150","S£AWKOWO","2012","11","30",1.0,"","S",0,"9",0,"8","","8",".",""
"253200160","R”G","2012","11","01",4.9,"","W",0,"9",0,"8","","8",".",""
"253200160","R”G","2012","11","03",1.8,"","W",0,"9",0,"8","","8",".",""
"253200160","R”G","2012","11","04",3.3,"","W",0,"9",0,"8","","8",".",""
"253200160","R”G","2012","11","05",3.2,"","W",0,"9",0,"8","","8",".",""
"253200160","R”G","2012","11","06",5.3,"","W",0,"9",0,"8","","8",".",""
"253200160","R”G","2012","11","07",1.8,"","W",0,"9",0,"8","","8",".",""
"253200160","R”G","2012","11","08",2.2,"","W",0,"9",0,"8","","8",".",""
"253200160","R”G","2012","11","11",1.8,"","W",0,"9",0,"8","","8",".",""
"253200160","R”G","2012","11","24",2.8,"","W",0,"9",0,"8","","8",".",""
"253200160","R”G","2012","11","27",5.2,"","W",0,"9",0,"8","","8",".",""
"253200160","R”G","2012","11","28",9.5,"","W",0,"9",0,"8","","8",".",""
"253200160","R”G","2012","11","29",4.0,"","W",0,"9",0,"8","","8",".",""
"253200160","R”G","2012","11","30",.8,"","W",0,"9",0,"8","","8",".",""
"253200180","CHORZELE","2012","11","01",2.6,"","W",0,"9",0,"8","","8","PL",""
"253200180","CHORZELE","2012","11","02",.2,"","W",0,"9",0,"8","","8","PL",""
"253200180","CHORZELE","2012","11","03",.4,"","W",0,"9",0,"8","","8",".",""
"253200180","CHORZELE","2012","11","04",4.1,"","W",0,"9",0,"8","","8",".",""
"253200180","CHORZELE","2012","11","05",3.9,"","W",0,"9",0,"8","","8",".",""
"253200180","CHORZELE","2012","11","06",2.2,"","W",0,"9",0,"8","","8",".",""
"253200180","CHORZELE","2012","11","07",.6,"","W",0,"9",0,"8","","8",".",""
"253200180","CHORZELE","2012","11","08",1.1,"","W",0,"9",0,"8","","8",".",""
"253200180","CHORZELE","2012","11","19",.1,"","W",0,"9",0,"8","","8",".",""
"253200180","CHORZELE","2012","11","20",.0,"","W",0,"9",0,"8","","8",".",""
"253200180","CHORZELE","2012","11","21",.0,"","W",0,"9",0,"8","","8",".",""
"253200180","CHORZELE","2012","11","22",.0,"","W",0,"9",0,"8","","8",".",""
"253200180","CHORZELE","2012","11","23",.0,"","W",0,"9",0,"8","","8",".",""
"253200180","CHORZELE","2012","11","24",2.3,"","W",0,"9",0,"8","","8",".",""
"253200180","CHORZELE","2012","11","25",.1,"","W",0,"9",0,"8","","8",".",""
"253200180","CHORZELE","2012","11","26",.1,"","W",0,"9",0,"8","","8",".",""
"253200180","CHORZELE","2012","11","27",8.3,"","W",0,"9",0,"8","","8",".",""
"253200180","CHORZELE","2012","11","28",2.3,"","W",0,"9",0,"8","","8",".",""
"253200180","CHORZELE","2012","11","29",3.4,"","W",0,"9",0,"8","","8",".",""
"253200180","CHORZELE","2012","11","30",.7,"","W",0,"9",0,"8","","8",".",""
"253200210","KRZYNOW£OGA MA£A","2012","11","01",4.1,"","W",0,"9",0,"8","","8",".",""
"253200210","KRZYNOW£OGA MA£A","2012","11","03",.3,"","W",0,"9",0,"8","","8",".",""
"253200210","KRZYNOW£OGA MA£A","2012","11","04",4.2,"","W",0,"9",0,"8","","8",".",""
"253200210","KRZYNOW£OGA MA£A","2012","11","05",5.1,"","W",0,"9",0,"8","","8",".",""
"253200210","KRZYNOW£OGA MA£A","2012","11","06",2.1,"","W",0,"9",0,"8","","8",".",""
"253200210","KRZYNOW£OGA MA£A","2012","11","07",1.6,"","W",0,"9",0,"8","","8",".",""
"253200210","KRZYNOW£OGA MA£A","2012","11","08",2.2,"","W",0,"9",0,"8","","8",".",""
"253200210","KRZYNOW£OGA MA£A","2012","11","24",2.5,"","W",0,"9",0,"8","","8",".",""
"253200210","KRZYNOW£OGA MA£A","2012","11","25",.6,"","W",0,"9",0,"8","","8",".",""
"253200210","KRZYNOW£OGA MA£A","2012","11","27",7.6,"","W",0,"9",0,"8","","8",".",""
"253200210","KRZYNOW£OGA MA£A","2012","11","28",3.3,"","W",0,"9",0,"8","","8",".",""
"253200210","KRZYNOW£OGA MA£A","2012","11","29",2.8,"","W",0,"9",0,"8","","8",".",""
"253200210","KRZYNOW£OGA MA£A","2012","11","30",.7,"","W",0,"9",0,"8","","8",".",""
"253200220","GRUDUSK","2012","11","01",4.5,"","W",0,"9",0,"8","","8",".",""
"253200220","GRUDUSK","2012","11","02",.5,"","W",0,"9",0,"8","","8",".",""
"253200220","GRUDUSK","2012","11","03",1.0,"","W",0,"9",0,"8","","8",".",""
"253200220","GRUDUSK","2012","11","04",5.6,"","W",0,"9",0,"8","","8",".",""
"253200220","GRUDUSK","2012","11","05",2.2,"","W",0,"9",0,"8","","8",".",""
"253200220","GRUDUSK","2012","11","06",.5,"","W",0,"9",0,"8","","8",".",""
"253200220","GRUDUSK","2012","11","07",.9,"","W",0,"9",0,"8","","8",".",""
"253200220","GRUDUSK","2012","11","08",3.9,"","W",0,"9",0,"8","","8",".",""
"253200220","GRUDUSK","2012","11","24",2.7,"","W",0,"9",0,"8","","8",".",""
"253200220","GRUDUSK","2012","11","25",.3,"","W",0,"9",0,"8","","8",".",""
"253200220","GRUDUSK","2012","11","27",7.3,"","W",0,"9",0,"8","","8",".",""
"253200220","GRUDUSK","2012","11","28",1.8,"","W",0,"9",0,"8","","8",".",""
"253200220","GRUDUSK","2012","11","29",2.5,"","W",0,"9",0,"8","","8",".",""
"253200220","GRUDUSK","2012","11","30",.9,"","W",0,"9",0,"8","","8",".",""
"253210010","SIEDLISKA","2012","11","01",4.1,"","W",0,"9",0,"8","","8",".",""
"253210010","SIEDLISKA","2012","11","02",2.8,"","W",0,"9",0,"8","","8",".",""
"253210010","SIEDLISKA","2012","11","03",.9,"","W",0,"9",0,"8","","8",".",""
"253210010","SIEDLISKA","2012","11","05",9.9,"","W",0,"9",0,"8","","8",".",""
"253210010","SIEDLISKA","2012","11","06",6.8,"","W",0,"9",0,"8","","8",".",""
"253210010","SIEDLISKA","2012","11","07",1.9,"","W",0,"9",0,"8","","8",".",""
"253210010","SIEDLISKA","2012","11","08",2.1,"","W",0,"9",0,"8","","8",".",""
"253210010","SIEDLISKA","2012","11","09",2.3,"","W",0,"9",0,"8","","8",".",""
"253210010","SIEDLISKA","2012","11","11",1.1,"","W",0,"9",0,"8","","8",".",""
"253210010","SIEDLISKA","2012","11","22",2.1,"","W",0,"9",0,"8","","8",".",""
"253210010","SIEDLISKA","2012","11","24",5.6,"","W",0,"9",0,"8","","8",".",""
"253210010","SIEDLISKA","2012","11","26",.0,"","W",0,"9",0,"8","","8",".",""
"253210010","SIEDLISKA","2012","11","27",3.8,"","W",0,"9",0,"8","","8",".",""
"253210010","SIEDLISKA","2012","11","28",4.0,"","W",0,"9",0,"8","","8",".",""
"253210010","SIEDLISKA","2012","11","29",5.3,"","W",0,"9",0,"8","","8",".",""
"253210010","SIEDLISKA","2012","11","30",.8,"","W",0,"9",0,"8","","8",".",""
"253210020","£ ØANY","2012","11","01",1.4,"","W",0,"9",0,"8","","8",".",""
"253210020","£ ØANY","2012","11","03",1.9,"","W",0,"9",0,"8","","8",".",""
"253210020","£ ØANY","2012","11","04",5.1,"","W",0,"9",0,"8","","8",".",""
"253210020","£ ØANY","2012","11","05",1.7,"","W",0,"9",0,"8","","8",".",""
"253210020","£ ØANY","2012","11","06",5.8,"","W",0,"9",0,"8","","8",".",""
"253210020","£ ØANY","2012","11","07",5.0,"","W",0,"9",0,"8","","8",".",""
"253210020","£ ØANY","2012","11","08",1.4,"","W",0,"9",0,"8","","8",".",""
"253210020","£ ØANY","2012","11","09",2.0,"","W",0,"9",0,"8","","8",".",""
"253210020","£ ØANY","2012","11","18",1.7,"","W",0,"9",0,"8","","8",".",""
"253210020","£ ØANY","2012","11","19",.2,"","W",0,"9",0,"8","","8",".",""
"253210020","£ ØANY","2012","11","22",.1,"","W",0,"9",0,"8","","8",".",""
"253210020","£ ØANY","2012","11","24",1.3,"","W",0,"9",0,"8","","8",".",""
"253210020","£ ØANY","2012","11","25",1.2,"","W",0,"9",0,"8","","8",".",""
"253210020","£ ØANY","2012","11","26",.6,"","W",0,"9",0,"8","","8",".",""
"253210020","£ ØANY","2012","11","27",3.0,"","W",0,"9",0,"8","","8",".",""
"253210020","£ ØANY","2012","11","28",3.5,"","W",0,"9",0,"8","","8",".",""
"253210020","£ ØANY","2012","11","29",8.9,"","W",0,"9",0,"8","","8",".",""
"253210020","£ ØANY","2012","11","30",2.0,"","W",0,"9",0,"8","","8",".",""
"253210030","RYN","2012","11","01",2.1,"","W",0,"9",0,"8","","8",".",""
"253210030","RYN","2012","11","03",2.6,"","W",0,"9",0,"8","","8",".",""
"253210030","RYN","2012","11","04",4.0,"","W",0,"9",0,"8","","8",".",""
"253210030","RYN","2012","11","05",4.6,"","W",0,"9",0,"8","","8",".",""
"253210030","RYN","2012","11","06",4.3,"","W",0,"9",0,"8","","8",".",""
"253210030","RYN","2012","11","07",3.3,"","W",0,"9",0,"8","","8",".",""
"253210030","RYN","2012","11","08",1.6,"","W",0,"9",0,"8","","8",".",""
"253210030","RYN","2012","11","09",1.4,"","W",0,"9",0,"8","","8",".",""
"253210030","RYN","2012","11","15",1.6,"","W",0,"9",0,"8","","8",".",""
"253210030","RYN","2012","11","20",.0,"","W",0,"9",0,"8","","8",".",""
"253210030","RYN","2012","11","24",3.1,"","W",0,"9",0,"8","","8",".",""
"253210030","RYN","2012","11","26",1.3,"","W",0,"9",0,"8","","8",".",""
"253210030","RYN","2012","11","27",3.2,"","W",0,"9",0,"8","","8",".",""
"253210030","RYN","2012","11","28",4.2,"","W",0,"9",0,"8","","8",".",""
"253210030","RYN","2012","11","29",6.0,"","W",0,"9",0,"8","","8",".",""
"253210030","RYN","2012","11","30",1.0,"","W",0,"9",0,"8","","8",".",""
"253210040","M£YNOWO","2012","11","01",2.2,"","W",0,"9",0,"8","","8",".",""
"253210040","M£YNOWO","2012","11","03",2.1,"","W",0,"9",0,"8","","8",".",""
"253210040","M£YNOWO","2012","11","04",2.2,"","W",0,"9",0,"8","","8",".",""
"253210040","M£YNOWO","2012","11","05",4.2,"","W",0,"9",0,"8","","8",".",""
"253210040","M£YNOWO","2012","11","06",4.1,"","W",0,"9",0,"8","","8",".",""
"253210040","M£YNOWO","2012","11","07",3.1,"","W",0,"9",0,"8","","8",".",""
"253210040","M£YNOWO","2012","11","08",2.3,"","W",0,"9",0,"8","","8",".",""
"253210040","M£YNOWO","2012","11","09",3.1,"","W",0,"9",0,"8","","8",".",""
"253210040","M£YNOWO","2012","11","11",1.7,"","W",0,"9",0,"8","","8",".",""
"253210040","M£YNOWO","2012","11","18",.2,"","W",0,"9",0,"8","","8",".",""
"253210040","M£YNOWO","2012","11","22",.3,"","W",0,"9",0,"8","","8",".",""
"253210040","M£YNOWO","2012","11","23",.4,"","W",0,"9",0,"8","","8",".",""
"253210040","M£YNOWO","2012","11","24",2.2,"","W",0,"9",0,"8","","8",".",""
"253210040","M£YNOWO","2012","11","26",1.8,"","W",0,"9",0,"8","","8",".",""
"253210040","M£YNOWO","2012","11","27",3.2,"","W",0,"9",0,"8","","8",".",""
"253210040","M£YNOWO","2012","11","28",2.8,"","W",0,"9",0,"8","","8",".",""
"253210040","M£YNOWO","2012","11","29",7.2,"","W",0,"9",0,"8","","8",".",""
"253210040","M£YNOWO","2012","11","30",2.6,"","S",0,"9",0,"8","","8",".",""
"253210050","SZYMONKA","2012","11","01",2.0,"","W",0,"9",0,"8","","8",".",""
"253210050","SZYMONKA","2012","11","03",1.6,"","W",0,"9",0,"8","","8",".",""
"253210050","SZYMONKA","2012","11","04",3.6,"","W",0,"9",0,"8","","8",".",""
"253210050","SZYMONKA","2012","11","05",6.4,"","W",0,"9",0,"8","","8",".",""
"253210050","SZYMONKA","2012","11","06",2.6,"","W",0,"9",0,"8","","8",".",""
"253210050","SZYMONKA","2012","11","07",2.9,"","W",0,"9",0,"8","","8",".",""
"253210050","SZYMONKA","2012","11","08",.9,"","W",0,"9",0,"8","","8",".",""
"253210050","SZYMONKA","2012","11","09",.0,"","W",0,"9",0,"8","","8",".",""
"253210050","SZYMONKA","2012","11","15",.0,"","W",0,"9",0,"8","","8",".",""
"253210050","SZYMONKA","2012","11","16",.0,"","W",0,"9",0,"8","","8",".",""
"253210050","SZYMONKA","2012","11","20",.8,"","W",0,"9",0,"8","","8",".",""
"253210050","SZYMONKA","2012","11","21",.0,"","W",0,"9",0,"8","","8",".",""
"253210050","SZYMONKA","2012","11","22",.3,"","W",0,"9",0,"8","","8",".",""
"253210050","SZYMONKA","2012","11","23",.4,"","W",0,"9",0,"8","","8",".",""
"253210050","SZYMONKA","2012","11","24",3.3,"","W",0,"9",0,"8","","8",".",""
"253210050","SZYMONKA","2012","11","26",.3,"","W",0,"9",0,"8","","8",".",""
"253210050","SZYMONKA","2012","11","27",4.8,"","W",0,"9",0,"8","","8",".",""
"253210050","SZYMONKA","2012","11","28",3.7,"","W",0,"9",0,"8","","8",".",""
"253210050","SZYMONKA","2012","11","29",4.8,"","W",0,"9",0,"8","","8",".",""
"253210050","SZYMONKA","2012","11","30",.2,"","W",0,"9",0,"8","","8",".",""
"253210060","MARADKI","2012","11","01",2.4,"","W",0,"9",0,"8","","8",".",""
"253210060","MARADKI","2012","11","02",.3,"","W",0,"9",0,"8","","8",".",""
"253210060","MARADKI","2012","11","03",2.5,"","W",0,"9",0,"8","","8",".",""
"253210060","MARADKI","2012","11","04",2.3,"","W",0,"9",0,"8","","8",".",""
"253210060","MARADKI","2012","11","05",4.4,"","W",0,"9",0,"8","","8",".",""
"253210060","MARADKI","2012","11","06",5.0,"","W",0,"9",0,"8","","8",".",""
"253210060","MARADKI","2012","11","07",1.0,"","W",0,"9",0,"8","","8",".",""
"253210060","MARADKI","2012","11","08",4.8,"","W",0,"9",0,"8","","8",".",""
"253210060","MARADKI","2012","11","09",2.8,"","W",0,"9",0,"8","","8",".",""
"253210060","MARADKI","2012","11","10",.1,"","W",0,"9",0,"8","","8",".",""
"253210060","MARADKI","2012","11","11",1.2,"","W",0,"9",0,"8","","8",".",""
"253210060","MARADKI","2012","11","12",.1,"","W",0,"9",0,"8","","8",".",""
"253210060","MARADKI","2012","11","15",.1,"","W",0,"9",0,"8","","8",".",""
"253210060","MARADKI","2012","11","16",.5,"","W",0,"9",0,"8","","8",".",""
"253210060","MARADKI","2012","11","17",.4,"","W",0,"9",0,"8","","8",".",""
"253210060","MARADKI","2012","11","20",.0,"","W",0,"9",0,"8","","8",".",""
"253210060","MARADKI","2012","11","21",.0,"","W",0,"9",0,"8","","8",".",""
"253210060","MARADKI","2012","11","22",.2,"","W",0,"9",0,"8","","8",".",""
"253210060","MARADKI","2012","11","24",2.5,"","W",0,"9",0,"8","","8",".",""
"253210060","MARADKI","2012","11","25",1.9,"","W",0,"9",0,"8","","8",".",""
"253210060","MARADKI","2012","11","26",.6,"","W",0,"9",0,"8","","8",".",""
"253210060","MARADKI","2012","11","27",3.5,"","W",0,"9",0,"8","","8",".",""
"253210060","MARADKI","2012","11","28",4.0,"","W",0,"9",0,"8","","8",".",""
"253210060","MARADKI","2012","11","29",6.3,"","W",0,"9",0,"8","","8",".",""
"253210060","MARADKI","2012","11","30",2.0,"","W",0,"9",0,"8","","8",".",""
"253210070","ORZYSZ","2012","11","01",3.5,"","W",0,"9",0,"8","","8",".",""
"253210070","ORZYSZ","2012","11","02",2.6,"","W",0,"9",0,"8","","8",".",""
"253210070","ORZYSZ","2012","11","03",1.0,"","W",0,"9",0,"8","","8",".",""
"253210070","ORZYSZ","2012","11","04",3.6,"","W",0,"9",0,"8","","8",".",""
"253210070","ORZYSZ","2012","11","05",6.4,"","W",0,"9",0,"8","","8",".",""
"253210070","ORZYSZ","2012","11","06",2.3,"","W",0,"9",0,"8","","8",".",""
"253210070","ORZYSZ","2012","11","07",6.7,"","W",0,"9",0,"8","","8",".",""
"253210070","ORZYSZ","2012","11","08",3.5,"","W",0,"9",0,"8","","8",".",""
"253210070","ORZYSZ","2012","11","09",1.0,"","W",0,"9",0,"8","","8",".",""
"253210070","ORZYSZ","2012","11","11",.8,"","W",0,"9",0,"8","","8",".",""
"253210070","ORZYSZ","2012","11","20",.7,"","W",0,"9",0,"8","","8",".",""
"253210070","ORZYSZ","2012","11","21",.2,"","W",0,"9",0,"8","","8",".",""
"253210070","ORZYSZ","2012","11","22",.2,"","W",0,"9",0,"8","","8",".",""
"253210070","ORZYSZ","2012","11","24",4.3,"","W",0,"9",0,"8","","8",".",""
"253210070","ORZYSZ","2012","11","25",1.9,"","W",0,"9",0,"8","","8",".",""
"253210070","ORZYSZ","2012","11","26",.3,"","W",0,"9",0,"8","","8",".",""
"253210070","ORZYSZ","2012","11","27",9.0,"","W",0,"9",0,"8","","8",".",""
"253210070","ORZYSZ","2012","11","28",1.3,"","W",0,"9",0,"8","","8",".",""
"253210070","ORZYSZ","2012","11","29",2.9,"","W",0,"9",0,"8","","8",".",""
"253210070","ORZYSZ","2012","11","30",.4,"","W",0,"9",0,"8","","8",".",""
"253210080","BABI TA","2012","11","01",3.2,"","W",0,"9",0,"8","","8",".",""
"253210080","BABI TA","2012","11","02",.0,"","W",0,"9",0,"8","","8",".",""
"253210080","BABI TA","2012","11","03",2.1,"","W",0,"9",0,"8","","8",".",""
"253210080","BABI TA","2012","11","04",3.5,"","W",0,"9",0,"8","","8",".",""
"253210080","BABI TA","2012","11","05",8.0,"","W",0,"9",0,"8","","8",".",""
"253210080","BABI TA","2012","11","06",4.8,"","W",0,"9",0,"8","","8",".",""
"253210080","BABI TA","2012","11","07",2.5,"","W",0,"9",0,"8","","8",".",""
"253210080","BABI TA","2012","11","08",4.0,"","W",0,"9",0,"8","","8",".",""
"253210080","BABI TA","2012","11","09",2.1,"","W",0,"9",0,"8","","8",".",""
"253210080","BABI TA","2012","11","11",1.5,"","W",0,"9",0,"8","","8",".",""
"253210080","BABI TA","2012","11","24",2.6,"","W",0,"9",0,"8","","8",".",""
"253210080","BABI TA","2012","11","25",1.4,"","W",0,"9",0,"8","","8",".",""
"253210080","BABI TA","2012","11","27",6.5,"","W",0,"9",0,"8","","8",".",""
"253210080","BABI TA","2012","11","28",3.2,"","W",0,"9",0,"8","","8",".",""
"253210080","BABI TA","2012","11","29",3.4,"","W",0,"9",0,"8","","8",".",""
"253210080","BABI TA","2012","11","30",2.6,"","W",0,"9",0,"8","","8",".",""
"253210090","SZEROKI B”R","2012","11","01",2.6,"","W",0,"9",0,"8","","8",".",""
"253210090","SZEROKI B”R","2012","11","03",2.1,"","W",0,"9",0,"8","","8",".",""
"253210090","SZEROKI B”R","2012","11","04",3.3,"","W",0,"9",0,"8","","8",".",""
"253210090","SZEROKI B”R","2012","11","05",10.4,"","W",0,"9",0,"8","","8",".",""
"253210090","SZEROKI B”R","2012","11","06",2.9,"","W",0,"9",0,"8","","8",".",""
"253210090","SZEROKI B”R","2012","11","07",.7,"","W",0,"9",0,"8","","8",".",""
"253210090","SZEROKI B”R","2012","11","08",2.1,"","W",0,"9",0,"8","","8",".",""
"253210090","SZEROKI B”R","2012","11","09",3.0,"","W",0,"9",0,"8","","8",".",""
"253210090","SZEROKI B”R","2012","11","15",2.4,"","W",0,"9",0,"8","","8",".",""
"253210090","SZEROKI B”R","2012","11","23",.9,"","W",0,"9",0,"8","","8",".",""
"253210090","SZEROKI B”R","2012","11","24",3.2,"","W",0,"9",0,"8","","8",".",""
"253210090","SZEROKI B”R","2012","11","26",.6,"","W",0,"9",0,"8","","8",".",""
"253210090","SZEROKI B”R","2012","11","27",10.8,"","W",0,"9",0,"8","","8",".",""
"253210090","SZEROKI B”R","2012","11","28",3.4,"","W",0,"9",0,"8","","8",".",""
"253210090","SZEROKI B”R","2012","11","29",2.9,"","W",0,"9",0,"8","","8",".",""
"253210110","PISZ","2012","11","01",2.2,"","S",0,"9",0,"8","","8",".",""
"253210110","PISZ","2012","11","03",1.6,"","W",0,"9",0,"8","","8",".",""
"253210110","PISZ","2012","11","04",4.5,"","W",0,"9",0,"8","","8",".",""
"253210110","PISZ","2012","11","05",9.0,"","W",0,"9",0,"8","","8",".",""
"253210110","PISZ","2012","11","06",3.8,"","W",0,"9",0,"8","","8",".",""
"253210110","PISZ","2012","11","07",1.7,"","W",0,"9",0,"8","","8",".",""
"253210110","PISZ","2012","11","08",2.4,"","W",0,"9",0,"8","","8",".",""
"253210110","PISZ","2012","11","09",2.6,"","W",0,"9",0,"8","","8",".",""
"253210110","PISZ","2012","11","23",.9,"","W",0,"9",0,"8","","8",".",""
"253210110","PISZ","2012","11","24",5.2,"","W",0,"9",0,"8","","8",".",""
"253210110","PISZ","2012","11","26",.2,"","W",0,"9",0,"8","","8",".",""
"253210110","PISZ","2012","11","27",10.7,"","W",0,"9",0,"8","","8",".",""
"253210110","PISZ","2012","11","28",.5,"","W",0,"9",0,"8","","8",".",""
"253210110","PISZ","2012","11","29",2.7,"","W",0,"9",0,"8","","8",".",""
"253210140","TUROWO","2012","11","01",2.3,"","W",0,"9",0,"8","","8",".",""
"253210140","TUROWO","2012","11","02",1.5,"","W",0,"9",0,"8","","8",".",""
"253210140","TUROWO","2012","11","03",1.7,"","W",0,"9",0,"8","","8",".",""
"253210140","TUROWO","2012","11","04",4.0,"","W",0,"9",0,"8","","8",".",""
"253210140","TUROWO","2012","11","05",10.5,"","W",0,"9",0,"8","","8",".",""
"253210140","TUROWO","2012","11","06",1.7,"","W",0,"9",0,"8","","8",".",""
"253210140","TUROWO","2012","11","07",1.8,"","W",0,"9",0,"8","","8",".",""
"253210140","TUROWO","2012","11","08",2.6,"","W",0,"9",0,"8","","8",".",""
"253210140","TUROWO","2012","11","09",2.3,"","W",0,"9",0,"8","","8",".",""
"253210140","TUROWO","2012","11","20",.9,"","W",0,"9",0,"8","","8",".",""
"253210140","TUROWO","2012","11","22",.3,"","W",0,"9",0,"8","","8",".",""
"253210140","TUROWO","2012","11","24",3.5,"","W",0,"9",0,"8","","8",".",""
"253210140","TUROWO","2012","11","25",1.4,"","W",0,"9",0,"8","","8",".",""
"253210140","TUROWO","2012","11","27",10.0,"","W",0,"9",0,"8","","8",".",""
"253210140","TUROWO","2012","11","28",1.5,"","W",0,"9",0,"8","","8",".",""
"253210140","TUROWO","2012","11","29",2.5,"","W",0,"9",0,"8","","8",".",""
"253210140","TUROWO","2012","11","30",.9,"","W",0,"9",0,"8","","8",".",""
"253210160","TUROåL","2012","11","01",2.2,"","W",0,"9",0,"8","","8",".",""
"253210160","TUROåL","2012","11","02",1.2,"","W",0,"9",0,"8","","8",".",""
"253210160","TUROåL","2012","11","03",1.5,"","W",0,"9",0,"8","","8",".",""
"253210160","TUROåL","2012","11","04",4.3,"","W",0,"9",0,"8","","8",".",""
"253210160","TUROåL","2012","11","05",7.3,"","W",0,"9",0,"8","","8",".",""
"253210160","TUROåL","2012","11","06",4.2,"","W",0,"9",0,"8","","8",".",""
"253210160","TUROåL","2012","11","07",.8,"","W",0,"9",0,"8","","8",".",""
"253210160","TUROåL","2012","11","08",2.3,"","W",0,"9",0,"8","","8",".",""
"253210160","TUROåL","2012","11","09",1.7,"","W",0,"9",0,"8","","8",".",""
"253210160","TUROåL","2012","11","24",4.1,"","W",0,"9",0,"8","","8",".",""
"253210160","TUROåL","2012","11","27",11.2,"","W",0,"9",0,"8","","8",".",""
"253210160","TUROåL","2012","11","28",1.4,"","W",0,"9",0,"8","","8",".",""
"253210160","TUROåL","2012","11","29",2.1,"","W",0,"9",0,"8","","8",".",""
"253210170","ROZOGI","2012","11","01",1.7,"","W",0,"",0,"9","5","","SL",""
"253210170","ROZOGI","2012","11","02",.8,"","W",0,"9",0,"9","","9",".",""
"253210170","ROZOGI","2012","11","03",1.4,"","W",0,"9",0,"9","","9",".",""
"253210170","ROZOGI","2012","11","04",1.8,"","W",0,"9",0,"9","","9",".",""
"253210170","ROZOGI","2012","11","05",9.0,"","W",0,"9",0,"9","","9",".",""
"253210170","ROZOGI","2012","11","06",1.6,"","W",0,"9",0,"9","","9",".",""
"253210170","ROZOGI","2012","11","07",1.4,"","W",0,"9",0,"9","","9",".",""
"253210170","ROZOGI","2012","11","08",4.2,"","W",0,"9",0,"9","","9",".",""
"253210170","ROZOGI","2012","11","09",.1,"","W",0,"9",0,"9","","9",".",""
"253210170","ROZOGI","2012","11","11",.2,"","W",0,"9",0,"9","","9",".",""
"253210170","ROZOGI","2012","11","13",.1,"","W",0,"9",0,"9","","9",".",""
"253210170","ROZOGI","2012","11","15",.1,"","W",0,"9",0,"9","","9",".",""
"253210170","ROZOGI","2012","11","16",.0,"","W",0,"9",0,"9","","9",".",""
"253210170","ROZOGI","2012","11","20",.1,"","W",0,"9",0,"9","","9",".",""
"253210170","ROZOGI","2012","11","21",.0,"","W",0,"9",0,"9","","9",".",""
"253210170","ROZOGI","2012","11","22",.0,"","W",0,"9",0,"9","","9",".",""
"253210170","ROZOGI","2012","11","23",.0,"","W",0,"9",0,"9","","9",".",""
"253210170","ROZOGI","2012","11","24",3.2,"","W",0,"9",0,"9","","9",".",""
"253210170","ROZOGI","2012","11","25",1.6,"","W",0,"9",0,"9","","9",".",""
"253210170","ROZOGI","2012","11","26",.1,"","W",0,"9",0,"9","","9",".",""
"253210170","ROZOGI","2012","11","27",10.0,"","W",0,"9",0,"9","","9",".",""
"253210170","ROZOGI","2012","11","28",1.2,"","W",0,"9",0,"9","","9",".",""
"253210170","ROZOGI","2012","11","29",2.8,"","W",0,"9",0,"9","","9",".",""
"253210170","ROZOGI","2012","11","30",1.0,"","W",0,"9",0,"9","","9",".",""
"253210180","PTAKI","2012","11","01",2.8,"","W",0,"9",0,"9","","9",".",""
"253210180","PTAKI","2012","11","03",2.6,"","W",0,"9",0,"9","","9",".",""
"253210180","PTAKI","2012","11","04",5.8,"","W",0,"9",0,"9","","9",".",""
"253210180","PTAKI","2012","11","05",12.0,"","W",0,"9",0,"9","","9",".",""
"253210180","PTAKI","2012","11","06",.8,"","W",0,"9",0,"9","","9",".",""
"253210180","PTAKI","2012","11","07",1.2,"","W",0,"9",0,"9","","9",".",""
"253210180","PTAKI","2012","11","08",3.2,"","W",0,"9",0,"9","","9",".",""
"253210180","PTAKI","2012","11","09",3.3,"","W",0,"9",0,"9","","9",".",""
"253210180","PTAKI","2012","11","20",.5,"","W",0,"9",0,"9","","9",".",""
"253210180","PTAKI","2012","11","24",3.2,"","W",0,"9",0,"9","","9",".",""
"253210180","PTAKI","2012","11","25",1.6,"","W",0,"9",0,"9","","9",".",""
"253210180","PTAKI","2012","11","27",10.7,"","W",0,"9",0,"9","","9",".",""
"253210180","PTAKI","2012","11","28",.9,"","W",0,"9",0,"9","","9",".",""
"253210180","PTAKI","2012","11","29",2.2,"","W",0,"9",0,"9","","9",".",""
"253210180","PTAKI","2012","11","30",.8,"","W",0,"9",0,"9","","9",".",""
"253210190","LESINY WIELKIE","2012","11","01",2.6,"","W",0,"9",0,"8","","8",".",""
"253210190","LESINY WIELKIE","2012","11","02",.4,"","W",0,"9",0,"8","","8",".",""
"253210190","LESINY WIELKIE","2012","11","03",1.0,"","W",0,"9",0,"8","","8",".",""
"253210190","LESINY WIELKIE","2012","11","04",3.3,"","W",0,"9",0,"8","","8",".",""
"253210190","LESINY WIELKIE","2012","11","05",8.5,"","W",0,"9",0,"8","","8",".",""
"253210190","LESINY WIELKIE","2012","11","06",2.4,"","W",0,"9",0,"8","","8",".",""
"253210190","LESINY WIELKIE","2012","11","07",.4,"","W",0,"9",0,"8","","8",".",""
"253210190","LESINY WIELKIE","2012","11","08",3.0,"","W",0,"9",0,"8","","8",".",""
"253210190","LESINY WIELKIE","2012","11","15",.5,"","W",0,"9",0,"8","","8",".",""
"253210190","LESINY WIELKIE","2012","11","21",.2,"","W",0,"9",0,"8","","8",".",""
"253210190","LESINY WIELKIE","2012","11","22",.0,"","W",0,"9",0,"8","","8",".",""
"253210190","LESINY WIELKIE","2012","11","23",.0,"","W",0,"9",0,"8","","8",".",""
"253210190","LESINY WIELKIE","2012","11","24",3.1,"","W",0,"9",0,"8","","8",".",""
"253210190","LESINY WIELKIE","2012","11","25",.8,"","W",0,"9",0,"8","","8",".",""
"253210190","LESINY WIELKIE","2012","11","27",9.6,"","W",0,"9",0,"8","","8",".",""
"253210190","LESINY WIELKIE","2012","11","28",1.6,"","W",0,"9",0,"8","","8",".",""
"253210190","LESINY WIELKIE","2012","11","29",2.6,"","W",0,"9",0,"8","","8",".",""
"253210190","LESINY WIELKIE","2012","11","30",1.8,"","W",0,"9",0,"8","","8",".",""
"253210220","DOBRYLAS","2012","11","01",1.5,"","W",0,"9",0,"8","","8",".",""
"253210220","DOBRYLAS","2012","11","02",2.2,"","W",0,"9",0,"8","","8",".",""
"253210220","DOBRYLAS","2012","11","03",1.6,"","W",0,"9",0,"8","","8",".",""
"253210220","DOBRYLAS","2012","11","04",5.2,"","W",0,"9",0,"8","","8",".",""
"253210220","DOBRYLAS","2012","11","05",12.2,"","W",0,"9",0,"8","","8",".",""
"253210220","DOBRYLAS","2012","11","06",.1,"","W",0,"9",0,"8","","8",".",""
"253210220","DOBRYLAS","2012","11","07",.3,"","W",0,"9",0,"8","","8",".",""
"253210220","DOBRYLAS","2012","11","08",.9,"","W",0,"9",0,"8","","8",".",""
"253210220","DOBRYLAS","2012","11","09",.1,"","W",0,"9",0,"8","","8",".",""
"253210220","DOBRYLAS","2012","11","11",.0,"","W",0,"9",0,"8","","8",".",""
"253210220","DOBRYLAS","2012","11","24",3.2,"","W",0,"9",0,"8","","8",".",""
"253210220","DOBRYLAS","2012","11","25",.2,"","W",0,"9",0,"8","","8",".",""
"253210220","DOBRYLAS","2012","11","27",8.2,"","W",0,"9",0,"8","","8",".",""
"253210220","DOBRYLAS","2012","11","28",1.3,"","W",0,"9",0,"8","","8",".",""
"253210220","DOBRYLAS","2012","11","29",1.4,"","W",0,"9",0,"8","","8",".",""
"253210220","DOBRYLAS","2012","11","30",.3,"","W",0,"9",0,"8","","8",".",""
"253210230","KADZID£O","2012","11","01",2.0,"","W",0,"9",0,"8","","8",".",""
"253210230","KADZID£O","2012","11","02",1.0,"","W",0,"9",0,"8","","8",".",""
"253210230","KADZID£O","2012","11","03",1.2,"","W",0,"9",0,"8","","8",".",""
"253210230","KADZID£O","2012","11","04",4.8,"","W",0,"9",0,"8","","8",".",""
"253210230","KADZID£O","2012","11","05",10.7,"","W",0,"9",0,"8","","8",".",""
"253210230","KADZID£O","2012","11","06",1.9,"","W",0,"9",0,"8","","8",".",""
"253210230","KADZID£O","2012","11","07",.8,"","W",0,"9",0,"8","","8",".",""
"253210230","KADZID£O","2012","11","08",.6,"","W",0,"9",0,"8","","8",".",""
"253210230","KADZID£O","2012","11","09",.4,"","W",0,"9",0,"8","","8",".",""
"253210230","KADZID£O","2012","11","13",.3,"","W",0,"9",0,"8","","8",".",""
"253210230","KADZID£O","2012","11","14",.0,"","W",0,"9",0,"8","","8",".",""
"253210230","KADZID£O","2012","11","21",.0,"","W",0,"9",0,"8","","8",".",""
"253210230","KADZID£O","2012","11","22",.1,"","W",0,"9",0,"8","","8",".",""
"253210230","KADZID£O","2012","11","24",3.0,"","W",0,"9",0,"8","","8",".",""
"253210230","KADZID£O","2012","11","25",.1,"","W",0,"9",0,"8","","8",".",""
"253210230","KADZID£O","2012","11","27",8.8,"","W",0,"9",0,"8","","8",".",""
"253210230","KADZID£O","2012","11","28",1.2,"","W",0,"9",0,"8","","8",".",""
"253210230","KADZID£O","2012","11","29",2.2,"","W",0,"9",0,"8","","8",".",""
"253210240","CIERPI TA","2012","11","01",3.0,"","W",0,"9",0,"8","","8",".",""
"253210240","CIERPI TA","2012","11","02",1.8,"","W",0,"9",0,"8","","8",".",""
"253210240","CIERPI TA","2012","11","04",6.8,"","W",0,"9",0,"8","","8",".",""
"253210240","CIERPI TA","2012","11","05",9.4,"","W",0,"9",0,"8","","8",".",""
"253210240","CIERPI TA","2012","11","06",3.6,"","W",0,"9",0,"8","","8",".",""
"253210240","CIERPI TA","2012","11","07",1.8,"","W",0,"9",0,"8","","8",".",""
"253210240","CIERPI TA","2012","11","08",2.0,"","W",0,"9",0,"8","","8",".",""
"253210240","CIERPI TA","2012","11","24",1.7,"","W",0,"9",0,"8","","8",".",""
"253210240","CIERPI TA","2012","11","25",.6,"","W",0,"9",0,"8","","8",".",""
"253210240","CIERPI TA","2012","11","27",11.1,"","W",0,"9",0,"8","","8",".",""
"253210240","CIERPI TA","2012","11","28",2.7,"","W",0,"9",0,"8","","8",".",""
"253210240","CIERPI TA","2012","11","29",2.2,"","W",0,"9",0,"8","","8",".",""
"253210240","CIERPI TA","2012","11","30",.7,"","W",0,"9",0,"8","","8",".",""
"253210250","JEDNOROØEC","2012","11","01",5.6,"","W",0,"9",0,"8","","8",".",""
"253210250","JEDNOROØEC","2012","11","02",1.5,"","W",0,"9",0,"8","","8",".",""
"253210250","JEDNOROØEC","2012","11","04",6.8,"","W",0,"9",0,"8","","8",".",""
"253210250","JEDNOROØEC","2012","11","05",8.2,"","W",0,"9",0,"8","","8",".",""
"253210250","JEDNOROØEC","2012","11","06",2.4,"","W",0,"9",0,"8","","8",".",""
"253210250","JEDNOROØEC","2012","11","07",1.6,"","W",0,"9",0,"8","","8",".",""
"253210250","JEDNOROØEC","2012","11","08",2.2,"","W",0,"9",0,"8","","8",".",""
"253210250","JEDNOROØEC","2012","11","24",1.8,"","W",0,"9",0,"8","","8",".",""
"253210250","JEDNOROØEC","2012","11","25",.7,"","W",0,"9",0,"8","","8",".",""
"253210250","JEDNOROØEC","2012","11","27",9.3,"","W",0,"9",0,"8","","8",".",""
"253210250","JEDNOROØEC","2012","11","28",2.8,"","W",0,"9",0,"8","","8",".",""
"253210250","JEDNOROØEC","2012","11","29",2.3,"","W",0,"9",0,"8","","8",".",""
"253210250","JEDNOROØEC","2012","11","30",1.2,"","W",0,"9",0,"8","","8",".",""
"253210270","KURPIE","2012","11","01",2.5,"","W",0,"9",0,"8","","8",".",""
"253210270","KURPIE","2012","11","02",1.5,"","W",0,"9",0,"8","","8",".",""
"253210270","KURPIE","2012","11","03",.9,"","W",0,"9",0,"8","","8",".",""
"253210270","KURPIE","2012","11","04",10.1,"","W",0,"9",0,"8","","8",".",""
"253210270","KURPIE","2012","11","05",8.4,"","W",0,"9",0,"8","","8",".",""
"253210270","KURPIE","2012","11","06",1.0,"","W",0,"9",0,"8","","8",".",""
"253210270","KURPIE","2012","11","07",1.6,"","W",0,"9",0,"8","","8",".",""
"253210270","KURPIE","2012","11","08",2.5,"","W",0,"9",0,"8","","8",".",""
"253210270","KURPIE","2012","11","24",4.5,"","W",0,"9",0,"8","","8",".",""
"253210270","KURPIE","2012","11","25",.5,"","W",0,"9",0,"8","","8",".",""
"253210270","KURPIE","2012","11","27",8.5,"","W",0,"9",0,"8","","8",".",""
"253210270","KURPIE","2012","11","28",1.2,"","W",0,"9",0,"8","","8",".",""
"253210270","KURPIE","2012","11","29",.8,"","W",0,"9",0,"8","","8",".",""
"253210270","KURPIE","2012","11","30",1.2,"","W",0,"9",0,"8","","8",".",""
"253220010","GIØE","2012","11","01",4.1,"","W",0,"9",0,"8","","8",".",""
"253220010","GIØE","2012","11","02",3.9,"","W",0,"9",0,"8","","8",".",""
"253220010","GIØE","2012","11","03",1.3,"","W",0,"9",0,"8","","8",".",""
"253220010","GIØE","2012","11","04",3.0,"","W",0,"9",0,"8","","8",".",""
"253220010","GIØE","2012","11","05",7.4,"","W",0,"9",0,"8","","8",".",""
"253220010","GIØE","2012","11","06",5.7,"","W",0,"9",0,"8","","8",".",""
"253220010","GIØE","2012","11","07",2.4,"","W",0,"9",0,"8","","8",".",""
"253220010","GIØE","2012","11","08",2.3,"","W",0,"9",0,"8","","8",".",""
"253220010","GIØE","2012","11","09",.8,"","W",0,"9",0,"8","","8",".",""
"253220010","GIØE","2012","11","11",2.0,"","W",0,"9",0,"8","","8",".",""
"253220010","GIØE","2012","11","12",1.4,"","W",0,"9",0,"8","","8",".",""
"253220010","GIØE","2012","11","18",1.1,"","W",0,"9",0,"8","","8",".",""
"253220010","GIØE","2012","11","22",.6,"","W",0,"9",0,"8","","8",".",""
"253220010","GIØE","2012","11","24",3.2,"","W",0,"9",0,"8","","8",".",""
"253220010","GIØE","2012","11","25",1.7,"","W",0,"9",0,"8","","8",".",""
"253220010","GIØE","2012","11","26",.2,"","W",0,"9",0,"8","","8",".",""
"253220010","GIØE","2012","11","27",6.9,"","W",0,"9",0,"8","","8",".",""
"253220010","GIØE","2012","11","28",2.1,"","W",0,"9",0,"8","","8",".",""
"253220010","GIØE","2012","11","29",1.8,"","W",0,"9",0,"8","","8",".",""
"253220010","GIØE","2012","11","30",.2,"","W",0,"9",0,"8","","8",".",""
"253220020","RACZKI","2012","11","01",1.2,"","W",0,"9",0,"8","","8","PL",""
"253220020","RACZKI","2012","11","02",2.3,"","W",0,"9",0,"8","","8",".",""
"253220020","RACZKI","2012","11","03",1.9,"","W",0,"9",0,"8","","8",".",""
"253220020","RACZKI","2012","11","05",5.2,"","W",0,"9",0,"8","","8",".",""
"253220020","RACZKI","2012","11","06",5.6,"","W",0,"9",0,"8","","8",".",""
"253220020","RACZKI","2012","11","07",2.3,"","W",0,"9",0,"8","","8",".",""
"253220020","RACZKI","2012","11","08",2.1,"","W",0,"9",0,"8","","8",".",""
"253220020","RACZKI","2012","11","09",1.0,"","W",0,"9",0,"8","","8",".",""
"253220020","RACZKI","2012","11","11",.0,"","W",0,"9",0,"8","","8",".",""
"253220020","RACZKI","2012","11","24",2.8,"","W",0,"9",0,"8","","8",".",""
"253220020","RACZKI","2012","11","25",1.5,"","W",0,"9",0,"8","","8",".",""
"253220020","RACZKI","2012","11","27",8.5,"","W",0,"9",0,"8","","8",".",""
"253220020","RACZKI","2012","11","28",1.2,"","W",0,"9",0,"8","","8",".",""
"253220020","RACZKI","2012","11","29",3.5,"","W",0,"9",0,"8","","8",".",""
"253220030","E£K","2012","11","01",2.2,"","W",0,"9",0,"8","","8",".",""
"253220030","E£K","2012","11","02",2.9,"","W",0,"9",0,"8","","8",".",""
"253220030","E£K","2012","11","03",.9,"","W",0,"9",0,"8","","8",".",""
"253220030","E£K","2012","11","04",1.0,"","W",0,"9",0,"8","","8",".",""
"253220030","E£K","2012","11","05",9.8,"","W",0,"9",0,"8","","8",".",""
"253220030","E£K","2012","11","06",4.5,"","W",0,"9",0,"8","","8",".",""
"253220030","E£K","2012","11","07",1.6,"","W",0,"9",0,"8","","8",".",""
"253220030","E£K","2012","11","08",2.8,"","W",0,"9",0,"8","","8",".",""
"253220030","E£K","2012","11","09",3.0,"","W",0,"9",0,"8","","8",".",""
"253220030","E£K","2012","11","11",.6,"","W",0,"9",0,"8","","8",".",""
"253220030","E£K","2012","11","16",.2,"","W",0,"9",0,"8","","8",".",""
"253220030","E£K","2012","11","17",.0,"","W",0,"9",0,"8","","8",".",""
"253220030","E£K","2012","11","18",.0,"","W",0,"9",0,"8","","8",".",""
"253220030","E£K","2012","11","20",.2,"","W",0,"9",0,"8","","8",".",""
"253220030","E£K","2012","11","21",.1,"","W",0,"9",0,"8","","8",".",""
"253220030","E£K","2012","11","22",.0,"","W",0,"9",0,"8","","8",".",""
"253220030","E£K","2012","11","23",.0,"","W",0,"9",0,"8","","8",".",""
"253220030","E£K","2012","11","24",3.6,"","W",0,"9",0,"8","","8",".",""
"253220030","E£K","2012","11","25",1.9,"","W",0,"9",0,"8","","8",".",""
"253220030","E£K","2012","11","26",.3,"","W",0,"9",0,"8","","8",".",""
"253220030","E£K","2012","11","27",10.1,"","W",0,"9",0,"8","","8",".",""
"253220030","E£K","2012","11","28",1.2,"","W",0,"9",0,"8","","8",".",""
"253220030","E£K","2012","11","29",2.9,"","W",0,"9",0,"8","","8",".",""
"253220030","E£K","2012","11","30",.8,"","W",0,"9",0,"8","","8",".",""
"253220040","BIA£OBRZEGI","2012","11","01",2.8,"","W",0,"",0,"","5","","SL",""
"253220040","BIA£OBRZEGI","2012","11","02",4.2,"","W",0,"9",0,"9","","9",".",""
"253220040","BIA£OBRZEGI","2012","11","03",1.0,"","W",0,"9",0,"9","","9",".",""
"253220040","BIA£OBRZEGI","2012","11","05",11.8,"","W",0,"9",0,"9","","9",".",""
"253220040","BIA£OBRZEGI","2012","11","06",3.8,"","W",0,"9",0,"9","","9",".",""
"253220040","BIA£OBRZEGI","2012","11","07",1.8,"","W",0,"9",0,"9","","9",".",""
"253220040","BIA£OBRZEGI","2012","11","08",1.4,"","W",0,"9",0,"9","","9",".",""
"253220040","BIA£OBRZEGI","2012","11","09",1.0,"","W",0,"9",0,"9","","9",".",""
"253220040","BIA£OBRZEGI","2012","11","11",.2,"","W",0,"9",0,"9","","9",".",""
"253220040","BIA£OBRZEGI","2012","11","21",.0,"","W",0,"9",0,"9","","9",".",""
"253220040","BIA£OBRZEGI","2012","11","24",2.5,"","W",0,"9",0,"9","","9",".",""
"253220040","BIA£OBRZEGI","2012","11","25",2.1,"","W",0,"9",0,"9","","9",".",""
"253220040","BIA£OBRZEGI","2012","11","26",.1,"","W",0,"9",0,"9","","9",".",""
"253220040","BIA£OBRZEGI","2012","11","27",7.0,"","W",0,"9",0,"9","","9",".",""
"253220040","BIA£OBRZEGI","2012","11","28",1.5,"","W",0,"9",0,"9","","9",".",""
"253220040","BIA£OBRZEGI","2012","11","29",.9,"","W",0,"9",0,"9","","9",".",""
"253220040","BIA£OBRZEGI","2012","11","30",.8,"","W",0,"9",0,"9","","9",".",""
"253220050","DRYGA£Y","2012","11","01",3.6,"","W",0,"9",0,"8","","8",".",""
"253220050","DRYGA£Y","2012","11","02",2.4,"","W",0,"9",0,"8","","8",".",""
"253220050","DRYGA£Y","2012","11","03",1.6,"","W",0,"9",0,"8","","8",".",""
"253220050","DRYGA£Y","2012","11","04",2.1,"","W",0,"9",0,"8","","8",".",""
"253220050","DRYGA£Y","2012","11","05",10.8,"","W",0,"9",0,"8","","8",".",""
"253220050","DRYGA£Y","2012","11","06",1.3,"","W",0,"9",0,"8","","8",".",""
"253220050","DRYGA£Y","2012","11","07",3.4,"","W",0,"9",0,"8","","8",".",""
"253220050","DRYGA£Y","2012","11","08",4.7,"","W",0,"9",0,"8","","8",".",""
"253220050","DRYGA£Y","2012","11","09",2.6,"","W",0,"9",0,"8","","8",".",""
"253220050","DRYGA£Y","2012","11","11",.5,"","W",0,"9",0,"8","","8",".",""
"253220050","DRYGA£Y","2012","11","21",.6,"","W",0,"9",0,"8","","8",".",""
"253220050","DRYGA£Y","2012","11","23",.6,"","W",0,"9",0,"8","","8",".",""
"253220050","DRYGA£Y","2012","11","24",3.8,"","W",0,"9",0,"8","","8",".",""
"253220050","DRYGA£Y","2012","11","25",.7,"","W",0,"9",0,"8","","8",".",""
"253220050","DRYGA£Y","2012","11","26",.3,"","W",0,"9",0,"8","","8",".",""
"253220050","DRYGA£Y","2012","11","27",9.2,"","W",0,"9",0,"8","","8",".",""
"253220050","DRYGA£Y","2012","11","28",1.2,"","W",0,"9",0,"8","","8",".",""
"253220050","DRYGA£Y","2012","11","29",2.6,"","W",0,"9",0,"8","","8",".",""
"253220050","DRYGA£Y","2012","11","30",.5,"","W",0,"9",0,"8","","8",".",""
"253220060","PROSTKI","2012","11","01",2.1,"","W",0,"9",0,"8","","8",".",""
"253220060","PROSTKI","2012","11","02",3.3,"","W",0,"9",0,"8","","8",".",""
"253220060","PROSTKI","2012","11","03",1.3,"","W",0,"9",0,"8","","8",".",""
"253220060","PROSTKI","2012","11","04",2.6,"","W",0,"9",0,"8","","8",".",""
"253220060","PROSTKI","2012","11","05",9.5,"","W",0,"9",0,"8","","8",".",""
"253220060","PROSTKI","2012","11","06",1.4,"","W",0,"9",0,"8","","8",".",""
"253220060","PROSTKI","2012","11","07",2.7,"","W",0,"9",0,"8","","8",".",""
"253220060","PROSTKI","2012","11","08",3.4,"","W",0,"9",0,"8","","8",".",""
"253220060","PROSTKI","2012","11","09",.8,"","W",0,"9",0,"8","","8",".",""
"253220060","PROSTKI","2012","11","15",.0,"","W",0,"9",0,"8","","8",".",""
"253220060","PROSTKI","2012","11","20",.2,"","W",0,"9",0,"8","","8",".",""
"253220060","PROSTKI","2012","11","24",3.3,"","W",0,"9",0,"8","","8",".",""
"253220060","PROSTKI","2012","11","25",.5,"","W",0,"9",0,"8","","8",".",""
"253220060","PROSTKI","2012","11","26",.7,"","W",0,"9",0,"8","","8",".",""
"253220060","PROSTKI","2012","11","27",9.1,"","W",0,"9",0,"8","","8",".",""
"253220060","PROSTKI","2012","11","28",2.0,"","W",0,"9",0,"8","","8",".",""
"253220060","PROSTKI","2012","11","29",4.6,"","W",0,"9",0,"8","","8",".",""
"253220060","PROSTKI","2012","11","30",.4,"","W",0,"9",0,"8","","8",".",""
"253220080","D BOWO","2012","11","01",2.5,"","W",0,"9",0,"8","","8",".",""
"253220080","D BOWO","2012","11","02",3.7,"","W",0,"9",0,"8","","8",".",""
"253220080","D BOWO","2012","11","03",1.2,"","W",0,"9",0,"8","","8",".",""
"253220080","D BOWO","2012","11","04",.5,"","W",0,"9",0,"8","","8",".",""
"253220080","D BOWO","2012","11","05",14.4,"","W",0,"9",0,"8","","8",".",""
"253220080","D BOWO","2012","11","06",1.4,"","W",0,"9",0,"8","","8",".",""
"253220080","D BOWO","2012","11","07",1.9,"","W",0,"9",0,"8","","8",".",""
"253220080","D BOWO","2012","11","08",3.5,"","W",0,"9",0,"8","","8",".",""
"253220080","D BOWO","2012","11","09",1.9,"","W",0,"9",0,"8","","8",".",""
"253220080","D BOWO","2012","11","24",3.6,"","W",0,"9",0,"8","","8",".",""
"253220080","D BOWO","2012","11","25",.4,"","W",0,"9",0,"8","","8",".",""
"253220080","D BOWO","2012","11","27",7.5,"","W",0,"9",0,"8","","8",".",""
"253220080","D BOWO","2012","11","28",1.6,"","W",0,"9",0,"8","","8",".",""
"253220080","D BOWO","2012","11","29",1.8,"","W",0,"9",0,"8","","8",".",""
"253220080","D BOWO","2012","11","30",.5,"","W",0,"9",0,"8","","8",".",""
"253220120","OSOWIEC","2012","11","01",3.4,"","W",0,"9",0,"8","","8",".",""
"253220120","OSOWIEC","2012","11","02",3.2,"","W",0,"9",0,"8","","8",".",""
"253220120","OSOWIEC","2012","11","03",1.3,"","W",0,"9",0,"8","","8",".",""
"253220120","OSOWIEC","2012","11","04",1.4,"","W",0,"9",0,"8","","8",".",""
"253220120","OSOWIEC","2012","11","05",13.6,"","W",0,"9",0,"8","","8",".",""
"253220120","OSOWIEC","2012","11","06",1.7,"","W",0,"9",0,"8","","8",".",""
"253220120","OSOWIEC","2012","11","07",1.7,"","W",0,"9",0,"8","","8",".",""
"253220120","OSOWIEC","2012","11","08",1.7,"","W",0,"9",0,"8","","8",".",""
"253220120","OSOWIEC","2012","11","09",.5,"","W",0,"9",0,"8","","8",".",""
"253220120","OSOWIEC","2012","11","22",.2,"","W",0,"9",0,"8","","8",".",""
"253220120","OSOWIEC","2012","11","24",3.0,"","W",0,"9",0,"8","","8",".",""
"253220120","OSOWIEC","2012","11","25",.2,"","W",0,"9",0,"8","","8",".",""
"253220120","OSOWIEC","2012","11","26",.1,"","W",0,"9",0,"8","","8",".",""
"253220120","OSOWIEC","2012","11","27",7.4,"","W",0,"9",0,"8","","8",".",""
"253220120","OSOWIEC","2012","11","28",1.6,"","W",0,"9",0,"8","","8",".",""
"253220120","OSOWIEC","2012","11","29",.4,"","W",0,"9",0,"8","","8",".",""
"253220130","RADZI£”W","2012","11","01",2.4,"","W",0,"9",0,"8","","8",".",""
"253220130","RADZI£”W","2012","11","02",2.8,"","W",0,"9",0,"8","","8",".",""
"253220130","RADZI£”W","2012","11","03",1.2,"","W",0,"9",0,"8","","8",".",""
"253220130","RADZI£”W","2012","11","04",4.7,"","W",0,"9",0,"8","","8",".",""
"253220130","RADZI£”W","2012","11","05",9.1,"","W",0,"9",0,"8","","8",".",""
"253220130","RADZI£”W","2012","11","06",1.2,"","W",0,"9",0,"8","","8",".",""
"253220130","RADZI£”W","2012","11","07",.4,"","W",0,"9",0,"8","","8",".",""
"253220130","RADZI£”W","2012","11","08",1.4,"","W",0,"9",0,"8","","8",".",""
"253220130","RADZI£”W","2012","11","09",1.0,"","W",0,"9",0,"8","","8",".",""
"253220130","RADZI£”W","2012","11","20",.5,"","W",0,"9",0,"8","","8",".",""
"253220130","RADZI£”W","2012","11","24",2.6,"","W",0,"9",0,"8","","8",".",""
"253220130","RADZI£”W","2012","11","25",.5,"","W",0,"9",0,"8","","8",".",""
"253220130","RADZI£”W","2012","11","26",.1,"","W",0,"9",0,"8","","8",".",""
"253220130","RADZI£”W","2012","11","27",6.9,"","W",0,"9",0,"8","","8",".",""
"253220130","RADZI£”W","2012","11","28",1.4,"","W",0,"9",0,"8","","8",".",""
"253220130","RADZI£”W","2012","11","29",2.8,"","W",0,"9",0,"8","","8",".",""
"253220130","RADZI£”W","2012","11","30",.2,"","W",0,"9",0,"8","","8",".",""
"253220140","STAWISKI","2012","11","01",2.5,"","W",0,"9",0,"8","","8","PL",""
"253220140","STAWISKI","2012","11","02",1.2,"","W",0,"9",0,"8","","8",".",""
"253220140","STAWISKI","2012","11","03",2.4,"","W",0,"9",0,"8","","8",".",""
"253220140","STAWISKI","2012","11","04",3.6,"","W",0,"9",0,"8","","8",".",""
"253220140","STAWISKI","2012","11","05",11.8,"","W",0,"9",0,"8","","8",".",""
"253220140","STAWISKI","2012","11","06",3.4,"","W",0,"9",0,"8","","8",".",""
"253220140","STAWISKI","2012","11","07",.4,"","W",0,"9",0,"8","","8",".",""
"253220140","STAWISKI","2012","11","08",3.2,"","W",0,"9",0,"8","","8",".",""
"253220140","STAWISKI","2012","11","09",2.5,"","W",0,"9",0,"8","","8",".",""
"253220140","STAWISKI","2012","11","20",1.2,"","W",0,"9",0,"8","","8",".",""
"253220140","STAWISKI","2012","11","24",2.8,"","W",0,"9",0,"8","","8",".",""
"253220140","STAWISKI","2012","11","25",1.4,"","W",0,"9",0,"8","","8",".",""
"253220140","STAWISKI","2012","11","26",.2,"","W",0,"9",0,"8","","8",".",""
"253220140","STAWISKI","2012","11","27",6.8,"","W",0,"9",0,"8","","8",".",""
"253220140","STAWISKI","2012","11","28",1.8,"","W",0,"9",0,"8","","8",".",""
"253220140","STAWISKI","2012","11","29",1.3,"","W",0,"9",0,"8","","8",".",""
"253220140","STAWISKI","2012","11","30",.9,"","W",0,"9",0,"8","","8",".",""
"253220150","MO—KI","2012","11","01",2.8,"","W",0,"9",0,"9","","9","PL",""
"253220150","MO—KI","2012","11","02",3.3,"","W",0,"",0,"9","5","","SL",""
"253220150","MO—KI","2012","11","03",1.4,"","W",0,"9",0,"9","","9",".",""
"253220150","MO—KI","2012","11","04",3.5,"","W",0,"9",0,"9","","9",".",""
"253220150","MO—KI","2012","11","05",13.9,"","W",0,"9",0,"9","","9",".",""
"253220150","MO—KI","2012","11","06",2.6,"","W",0,"9",0,"9","","9",".",""
"253220150","MO—KI","2012","11","07",2.4,"","W",0,"9",0,"9","","9",".",""
"253220150","MO—KI","2012","11","08",1.6,"","W",0,"9",0,"9","","9",".",""
"253220150","MO—KI","2012","11","09",.4,"","W",0,"9",0,"9","","9",".",""
"253220150","MO—KI","2012","11","12",.0,"","W",0,"9",0,"9","","9",".",""
"253220150","MO—KI","2012","11","13",.0,"","W",0,"9",0,"9","","9",".",""
"253220150","MO—KI","2012","11","14",.2,"","W",0,"9",0,"9","","9",".",""
"253220150","MO—KI","2012","11","21",.5,"","W",0,"9",0,"9","","9",".",""
"253220150","MO—KI","2012","11","22",.0,"","W",0,"9",0,"9","","9",".",""
"253220150","MO—KI","2012","11","24",2.6,"","W",0,"9",0,"9","","9",".",""
"253220150","MO—KI","2012","11","25",.6,"","W",0,"9",0,"9","","9",".",""
"253220150","MO—KI","2012","11","26",.2,"","W",0,"9",0,"9","","9",".",""
"253220150","MO—KI","2012","11","27",8.9,"","W",0,"9",0,"9","","9",".",""
"253220150","MO—KI","2012","11","28",.8,"","W",0,"9",0,"9","","9",".",""
"253220150","MO—KI","2012","11","29",.6,"","W",0,"9",0,"9","","9",".",""
"253220150","MO—KI","2012","11","30",.2,"","W",0,"9",0,"9","","9",".",""
"253220160","BURZYN","2012","11","01",1.6,"","W",0,"9",0,"8","","8","PL",""
"253220160","BURZYN","2012","11","02",2.1,"","W",0,"9",0,"8","","8",".",""
"253220160","BURZYN","2012","11","03",1.2,"","W",0,"9",0,"8","","8",".",""
"253220160","BURZYN","2012","11","04",4.1,"","W",0,"9",0,"8","","8",".",""
"253220160","BURZYN","2012","11","05",16.7,"","W",0,"9",0,"8","","8",".",""
"253220160","BURZYN","2012","11","06",1.0,"","W",0,"9",0,"8","","8",".",""
"253220160","BURZYN","2012","11","07",.4,"","W",0,"9",0,"8","","8",".",""
"253220160","BURZYN","2012","11","08",3.5,"","W",0,"9",0,"8","","8",".",""
"253220160","BURZYN","2012","11","09",1.1,"","W",0,"9",0,"8","","8",".",""
"253220160","BURZYN","2012","11","20",.5,"","W",0,"9",0,"8","","8",".",""
"253220160","BURZYN","2012","11","21",.2,"","W",0,"9",0,"8","","8",".",""
"253220160","BURZYN","2012","11","24",2.1,"","W",0,"9",0,"8","","8",".",""
"253220160","BURZYN","2012","11","25",.3,"","W",0,"9",0,"8","","8",".",""
"253220160","BURZYN","2012","11","27",6.9,"","W",0,"9",0,"8","","8",".",""
"253220160","BURZYN","2012","11","28",.9,"","W",0,"9",0,"8","","8",".",""
"253220160","BURZYN","2012","11","29",.7,"","W",0,"9",0,"8","","8",".",""
"253220160","BURZYN","2012","11","30",.2,"","W",0,"9",0,"8","","8",".",""
"253220170","KRYPNO KOåCIELNE","2012","11","01",2.1,"","W",0,"9",0,"8","","8","PL",""
"253220170","KRYPNO KOåCIELNE","2012","11","02",2.8,"","W",0,"9",0,"8","","8",".",""
"253220170","KRYPNO KOåCIELNE","2012","11","03",.4,"","W",0,"9",0,"8","","8",".",""
"253220170","KRYPNO KOåCIELNE","2012","11","04",6.5,"","W",0,"9",0,"8","","8",".",""
"253220170","KRYPNO KOåCIELNE","2012","11","05",17.4,"","W",0,"9",0,"8","","8",".",""
"253220170","KRYPNO KOåCIELNE","2012","11","06",3.5,"","W",0,"9",0,"8","","8",".",""
"253220170","KRYPNO KOåCIELNE","2012","11","07",.3,"","W",0,"9",0,"8","","8",".",""
"253220170","KRYPNO KOåCIELNE","2012","11","08",1.5,"","W",0,"9",0,"8","","8",".",""
"253220170","KRYPNO KOåCIELNE","2012","11","21",.4,"","W",0,"9",0,"8","","8",".",""
"253220170","KRYPNO KOåCIELNE","2012","11","23",.3,"","W",0,"9",0,"8","","8",".",""
"253220170","KRYPNO KOåCIELNE","2012","11","24",1.3,"","W",0,"9",0,"8","","8",".",""
"253220170","KRYPNO KOåCIELNE","2012","11","25",1.2,"","W",0,"9",0,"8","","8",".",""
"253220170","KRYPNO KOåCIELNE","2012","11","26",.1,"","W",0,"9",0,"8","","8",".",""
"253220170","KRYPNO KOåCIELNE","2012","11","27",8.3,"","W",0,"9",0,"8","","8",".",""
"253220170","KRYPNO KOåCIELNE","2012","11","28",.5,"","W",0,"9",0,"8","","8",".",""
"253220170","KRYPNO KOåCIELNE","2012","11","29",.8,"","W",0,"9",0,"8","","8",".",""
"253220170","KRYPNO KOåCIELNE","2012","11","30",.2,"","W",0,"9",0,"8","","8",".",""
"253220190","WIZNA","2012","11","01",2.0,"","W",0,"9",0,"8","","8",".",""
"253220190","WIZNA","2012","11","02",2.3,"","W",0,"9",0,"8","","8",".",""
"253220190","WIZNA","2012","11","03",.8,"","W",0,"9",0,"8","","8",".",""
"253220190","WIZNA","2012","11","04",4.6,"","W",0,"9",0,"8","","8",".",""
"253220190","WIZNA","2012","11","05",14.2,"","W",0,"9",0,"8","","8",".",""
"253220190","WIZNA","2012","11","06",.7,"","W",0,"9",0,"8","","8",".",""
"253220190","WIZNA","2012","11","07",.5,"","W",0,"9",0,"8","","8",".",""
"253220190","WIZNA","2012","11","08",5.1,"","W",0,"9",0,"8","","8",".",""
"253220190","WIZNA","2012","11","20",.6,"","W",0,"9",0,"8","","8",".",""
"253220190","WIZNA","2012","11","24",4.3,"","W",0,"9",0,"8","","8",".",""
"253220190","WIZNA","2012","11","27",6.2,"","W",0,"9",0,"8","","8",".",""
"253220210","TYKOCIN","2012","11","01",1.5,"","W",0,"9",0,"8","","8","PL",""
"253220210","TYKOCIN","2012","11","02",2.4,"","W",0,"9",0,"8","","8",".",""
"253220210","TYKOCIN","2012","11","03",.3,"","W",0,"9",0,"8","","8",".",""
"253220210","TYKOCIN","2012","11","04",4.0,"","W",0,"9",0,"8","","8",".",""
"253220210","TYKOCIN","2012","11","05",10.6,"","W",0,"9",0,"8","","8",".",""
"253220210","TYKOCIN","2012","11","06",.6,"","W",0,"9",0,"8","","8",".",""
"253220210","TYKOCIN","2012","11","07",1.1,"","W",0,"9",0,"8","","8",".",""
"253220210","TYKOCIN","2012","11","08",3.5,"","W",0,"9",0,"8","","8",".",""
"253220210","TYKOCIN","2012","11","09",.5,"","W",0,"9",0,"8","","8",".",""
"253220210","TYKOCIN","2012","11","10",.1,"","W",0,"9",0,"8","","8",".",""
"253220210","TYKOCIN","2012","11","13",.1,"","W",0,"9",0,"8","","8",".",""
"253220210","TYKOCIN","2012","11","14",.2,"","W",0,"9",0,"8","","8",".",""
"253220210","TYKOCIN","2012","11","20",.3,"","W",0,"9",0,"8","","8",".",""
"253220210","TYKOCIN","2012","11","23",.0,"","W",0,"9",0,"8","","8",".",""
"253220210","TYKOCIN","2012","11","24",1.5,"","W",0,"9",0,"8","","8",".",""
"253220210","TYKOCIN","2012","11","25",.4,"","W",0,"9",0,"8","","8",".",""
"253220210","TYKOCIN","2012","11","26",.1,"","W",0,"9",0,"8","","8",".",""
"253220210","TYKOCIN","2012","11","27",8.0,"","W",0,"9",0,"8","","8",".",""
"253220210","TYKOCIN","2012","11","28",.4,"","W",0,"9",0,"8","","8",".",""
"253220210","TYKOCIN","2012","11","29",.8,"","W",0,"9",0,"8","","8",".",""
"253220210","TYKOCIN","2012","11","30",.2,"","W",0,"9",0,"8","","8",".",""
"253220230","PODG”RZE","2012","11","01",2.7,"","W",0,"9",0,"8","","8",".",""
"253220230","PODG”RZE","2012","11","02",1.5,"","W",0,"9",0,"8","","8",".",""
"253220230","PODG”RZE","2012","11","03",.9,"","W",0,"9",0,"8","","8",".",""
"253220230","PODG”RZE","2012","11","04",9.5,"","W",0,"9",0,"8","","8",".",""
"253220230","PODG”RZE","2012","11","05",5.6,"","W",0,"9",0,"8","","8",".",""
"253220230","PODG”RZE","2012","11","06",3.3,"","W",0,"9",0,"8","","8",".",""
"253220230","PODG”RZE","2012","11","07",1.3,"","W",0,"9",0,"8","","8",".",""
"253220230","PODG”RZE","2012","11","08",1.8,"","W",0,"9",0,"8","","8",".",""
"253220230","PODG”RZE","2012","11","13",.6,"","W",0,"9",0,"8","","8",".",""
"253220230","PODG”RZE","2012","11","21",.3,"","W",0,"9",0,"8","","8",".",""
"253220230","PODG”RZE","2012","11","24",2.4,"","W",0,"9",0,"8","","8",".",""
"253220230","PODG”RZE","2012","11","27",7.1,"","W",0,"9",0,"8","","8",".",""
"253220230","PODG”RZE","2012","11","28",1.1,"","W",0,"9",0,"8","","8",".",""
"253220230","PODG”RZE","2012","11","29",2.3,"","W",0,"9",0,"8","","8",".",""
"253220230","PODG”RZE","2012","11","30",.5,"","W",0,"9",0,"8","","8",".",""
"253220240","M ØENIN","2012","11","01",3.6,"","W",0,"9",0,"8","","8",".",""
"253220240","M ØENIN","2012","11","02",2.0,"","W",0,"9",0,"8","","8",".",""
"253220240","M ØENIN","2012","11","04",4.3,"","W",0,"9",0,"8","","8",".",""
"253220240","M ØENIN","2012","11","05",13.1,"","W",0,"9",0,"8","","8",".",""
"253220240","M ØENIN","2012","11","06",.2,"","W",0,"9",0,"8","","8",".",""
"253220240","M ØENIN","2012","11","07",2.0,"","W",0,"9",0,"8","","8",".",""
"253220240","M ØENIN","2012","11","08",1.8,"","W",0,"9",0,"8","","8",".",""
"253220240","M ØENIN","2012","11","09",1.3,"","W",0,"9",0,"8","","8",".",""
"253220240","M ØENIN","2012","11","24",3.6,"","W",0,"9",0,"8","","8",".",""
"253220240","M ØENIN","2012","11","25",.5,"","W",0,"9",0,"8","","8",".",""
"253220240","M ØENIN","2012","11","27",6.9,"","W",0,"9",0,"8","","8",".",""
"253220260","BACIUTY","2012","11","01",2.2,"","W",0,"9",0,"8","","8","PL",""
"253220260","BACIUTY","2012","11","02",2.8,"","W",0,"9",0,"8","","8",".",""
"253220260","BACIUTY","2012","11","04",7.3,"","W",0,"9",0,"8","","8",".",""
"253220260","BACIUTY","2012","11","05",15.3,"","W",0,"9",0,"8","","8",".",""
"253220260","BACIUTY","2012","11","07",1.0,"","W",0,"9",0,"8","","8",".",""
"253220260","BACIUTY","2012","11","08",2.2,"","W",0,"9",0,"8","","8",".",""
"253220260","BACIUTY","2012","11","09",.9,"","W",0,"9",0,"8","","8",".",""
"253220260","BACIUTY","2012","11","24",2.5,"","W",0,"9",0,"8","","8",".",""
"253220260","BACIUTY","2012","11","27",6.2,"","W",0,"9",0,"8","","8",".",""
"253220260","BACIUTY","2012","11","29",.8,"","W",0,"9",0,"8","","8",".",""
"253220260","BACIUTY","2012","11","30",.1,"","W",0,"9",0,"8","","8",".",""
"253230030","JAN”W","2012","11","01",2.4,"","W",0,"9",0,"8","","8","PL",""
"253230030","JAN”W","2012","11","02",3.3,"","W",0,"9",0,"8","","8",".",""
"253230030","JAN”W","2012","11","03",.9,"","W",0,"9",0,"8","","8",".",""
"253230030","JAN”W","2012","11","04",4.8,"","W",0,"9",0,"8","","8",".",""
"253230030","JAN”W","2012","11","05",11.7,"","W",0,"9",0,"8","","8",".",""
"253230030","JAN”W","2012","11","06",1.2,"","W",0,"9",0,"8","","8",".",""
"253230030","JAN”W","2012","11","07",2.4,"","W",0,"9",0,"8","","8",".",""
"253230030","JAN”W","2012","11","08",2.5,"","W",0,"9",0,"8","","8",".",""
"253230030","JAN”W","2012","11","09",.5,"","W",0,"9",0,"8","","8",".",""
"253230030","JAN”W","2012","11","15",.4,"","W",0,"9",0,"8","","8",".",""
"253230030","JAN”W","2012","11","17",.1,"","W",0,"9",0,"8","","8",".",""
"253230030","JAN”W","2012","11","24",3.0,"","W",0,"9",0,"8","","8",".",""
"253230030","JAN”W","2012","11","25",.6,"","W",0,"9",0,"8","","8",".",""
"253230030","JAN”W","2012","11","27",7.0,"","W",0,"9",0,"8","","8",".",""
"253230030","JAN”W","2012","11","28",.3,"","W",0,"9",0,"8","","8",".",""
"253230030","JAN”W","2012","11","29",1.4,"","W",0,"9",0,"8","","8",".",""
"253230030","JAN”W","2012","11","30",.8,"","W",0,"9",0,"8","","8",".",""
"253230040","KAMIONKA","2012","11","01",3.2,"","W",0,"9",0,"8","","8","PL",""
"253230040","KAMIONKA","2012","11","02",2.7,"","W",0,"9",0,"8","","8",".",""
"253230040","KAMIONKA","2012","11","03",1.0,"","W",0,"9",0,"8","","8",".",""
"253230040","KAMIONKA","2012","11","04",3.8,"","W",0,"9",0,"8","","8",".",""
"253230040","KAMIONKA","2012","11","05",15.4,"","W",0,"9",0,"8","","8",".",""
"253230040","KAMIONKA","2012","11","06",1.2,"","W",0,"9",0,"8","","8",".",""
"253230040","KAMIONKA","2012","11","07",5.5,"","W",0,"9",0,"8","","8",".",""
"253230040","KAMIONKA","2012","11","08",1.6,"","W",0,"9",0,"8","","8",".",""
"253230040","KAMIONKA","2012","11","09",.3,"","W",0,"9",0,"8","","8",".",""
"253230040","KAMIONKA","2012","11","24",2.8,"","W",0,"9",0,"8","","8",".",""
"253230040","KAMIONKA","2012","11","25",1.0,"","W",0,"9",0,"8","","8",".",""
"253230040","KAMIONKA","2012","11","26",.3,"","W",0,"9",0,"8","","8",".",""
"253230040","KAMIONKA","2012","11","27",5.4,"","W",0,"9",0,"8","","8",".",""
"253230040","KAMIONKA","2012","11","28",.6,"","W",0,"9",0,"8","","8",".",""
"253230040","KAMIONKA","2012","11","29",1.7,"","W",0,"9",0,"8","","8",".",""
"253230040","KAMIONKA","2012","11","30",.3,"","W",0,"9",0,"8","","8",".",""
"253230060","JA£”WKA","2012","11","01",1.7,"","W",0,"",0,"","5","","SL",""
"253230060","JA£”WKA","2012","11","02",3.5,"","W",0,"9",0,"9","","9",".",""
"253230060","JA£”WKA","2012","11","03",.4,"","W",0,"9",0,"9","","9",".",""
"253230060","JA£”WKA","2012","11","04",3.4,"","W",0,"9",0,"9","","9",".",""
"253230060","JA£”WKA","2012","11","05",18.3,"","W",0,"9",0,"9","","9",".",""
"253230060","JA£”WKA","2012","11","06",2.2,"","W",0,"9",0,"9","","9",".",""
"253230060","JA£”WKA","2012","11","07",4.5,"","W",0,"9",0,"9","","9",".",""
"253230060","JA£”WKA","2012","11","08",2.1,"","W",0,"9",0,"9","","9",".",""
"253230060","JA£”WKA","2012","11","09",1.8,"","W",0,"9",0,"9","","9",".",""
"253230060","JA£”WKA","2012","11","11",.2,"","W",0,"9",0,"9","","9",".",""
"253230060","JA£”WKA","2012","11","13",.1,"","W",0,"9",0,"9","","9",".",""
"253230060","JA£”WKA","2012","11","24",2.5,"","W",0,"9",0,"9","","9",".",""
"253230060","JA£”WKA","2012","11","25",.9,"","W",0,"9",0,"9","","9",".",""
"253230060","JA£”WKA","2012","11","26",.1,"","W",0,"9",0,"9","","9",".",""
"253230060","JA£”WKA","2012","11","27",6.3,"","W",0,"9",0,"9","","9",".",""
"253230060","JA£”WKA","2012","11","28",.4,"","W",0,"9",0,"9","","9",".",""
"253230060","JA£”WKA","2012","11","29",1.1,"","W",0,"9",0,"9","","9",".",""
"253230060","JA£”WKA","2012","11","30",1.7,"","W",0,"9",0,"9","","9",".",""
"253230070","SZUDZIA£OWO","2012","11","01",2.8,"","W",0,"",0,"","5","","SL",""
"253230070","SZUDZIA£OWO","2012","11","02",3.0,"","W",0,"9",0,"9","","9",".",""
"253230070","SZUDZIA£OWO","2012","11","03",.5,"","W",0,"9",0,"9","","9",".",""
"253230070","SZUDZIA£OWO","2012","11","04",3.3,"","W",0,"9",0,"9","","9",".",""
"253230070","SZUDZIA£OWO","2012","11","05",17.5,"","W",0,"9",0,"9","","9",".",""
"253230070","SZUDZIA£OWO","2012","11","06",1.8,"","W",0,"9",0,"9","","9",".",""
"253230070","SZUDZIA£OWO","2012","11","07",4.0,"","W",0,"9",0,"9","","9",".",""
"253230070","SZUDZIA£OWO","2012","11","08",.2,"","W",0,"9",0,"9","","9",".",""
"253230070","SZUDZIA£OWO","2012","11","12",.1,"","W",0,"9",0,"9","","9",".",""
"253230070","SZUDZIA£OWO","2012","11","24",3.8,"","W",0,"9",0,"9","","9",".",""
"253230070","SZUDZIA£OWO","2012","11","25",.6,"","W",0,"9",0,"9","","9",".",""
"253230070","SZUDZIA£OWO","2012","11","27",5.8,"","W",0,"9",0,"9","","9",".",""
"253230070","SZUDZIA£OWO","2012","11","28",.4,"","W",0,"9",0,"9","","9",".",""
"253230070","SZUDZIA£OWO","2012","11","29",1.7,"","W",0,"9",0,"9","","9",".",""
"253230070","SZUDZIA£OWO","2012","11","30",3.3,"","W",0,"9",0,"9","","9",".",""
"253230090","SUPRAåL","2012","11","01",2.5,"","W",5,"",0,"","5","","*",""
"253230090","SUPRAåL","2012","11","02",3.3,"","W",0,"9",0,"9","","9",".",""
"253230090","SUPRAåL","2012","11","03",.3,"","W",0,"9",0,"9","","9",".",""
"253230090","SUPRAåL","2012","11","04",5.1,"","W",0,"9",0,"9","","9",".",""
"253230090","SUPRAåL","2012","11","05",21.6,"","W",0,"9",0,"9","","9",".",""
"253230090","SUPRAåL","2012","11","06",3.7,"","W",0,"9",0,"9","","9",".",""
"253230090","SUPRAåL","2012","11","07",2.5,"","W",0,"9",0,"9","","9",".",""
"253230090","SUPRAåL","2012","11","08",3.0,"","W",0,"9",0,"9","","9",".",""
"253230090","SUPRAåL","2012","11","09",.7,"","W",0,"9",0,"9","","9",".",""
"253230090","SUPRAåL","2012","11","24",2.5,"","W",0,"9",0,"9","","9",".",""
"253230090","SUPRAåL","2012","11","25",.3,"","W",0,"9",0,"9","","9",".",""
"253230090","SUPRAåL","2012","11","27",6.0,"","W",0,"9",0,"9","","9",".",""
"253230090","SUPRAåL","2012","11","28",.4,"","W",0,"9",0,"9","","9",".",""
"253230090","SUPRAåL","2012","11","29",2.5,"","W",0,"9",0,"9","","9",".",""
"253230090","SUPRAåL","2012","11","30",1.2,"","W",0,"9",0,"9","","9",".",""
"253230110","FASTY","2012","11","01",3.4,"","W",1,"",0,"","5","","*PRZ",""
"253230110","FASTY","2012","11","02",3.3,"","W",0,"9",0,"9","","9",".",""
"253230110","FASTY","2012","11","03",.4,"","W",0,"9",0,"9","","9",".",""
"253230110","FASTY","2012","11","04",5.5,"","W",0,"9",0,"9","","9",".",""
"253230110","FASTY","2012","11","05",15.1,"","W",0,"9",0,"9","","9",".",""
"253230110","FASTY","2012","11","06",1.3,"","W",0,"9",0,"9","","9",".",""
"253230110","FASTY","2012","11","07",.7,"","W",0,"9",0,"9","","9",".",""
"253230110","FASTY","2012","11","08",3.4,"","W",0,"9",0,"9","","9",".",""
"253230110","FASTY","2012","11","09",.0,"","W",0,"9",0,"9","","9",".",""
"253230110","FASTY","2012","11","24",2.6,"","W",0,"9",0,"9","","9",".",""
"253230110","FASTY","2012","11","25",.1,"","W",0,"9",0,"9","","9",".",""
"253230110","FASTY","2012","11","27",5.9,"","W",0,"9",0,"9","","9",".",""
"253230110","FASTY","2012","11","28",.3,"","W",0,"9",0,"9","","9",".",""
"253230110","FASTY","2012","11","29",1.1,"","W",0,"9",0,"9","","9",".",""
"253230110","FASTY","2012","11","30",.5,"","W",0,"9",0,"9","","9",".",""
"253230130","GR”DEK","2012","11","01",3.1,"","W",5,"",0,"","5","","*PRZ",""
"253230130","GR”DEK","2012","11","02",1.2,"","W",0,"9",0,"9","","9",".",""
"253230130","GR”DEK","2012","11","04",6.4,"","W",0,"9",0,"9","","9",".",""
"253230130","GR”DEK","2012","11","05",16.8,"","W",0,"9",0,"9","","9",".",""
"253230130","GR”DEK","2012","11","06",2.1,"","W",0,"9",0,"9","","9",".",""
"253230130","GR”DEK","2012","11","07",.3,"","W",0,"9",0,"9","","9",".",""
"253230130","GR”DEK","2012","11","08",2.2,"","W",0,"9",0,"9","","9",".",""
"253230130","GR”DEK","2012","11","09",.8,"","W",0,"9",0,"9","","9",".",""
"253230130","GR”DEK","2012","11","13",.2,"","W",0,"9",0,"9","","9",".",""
"253230130","GR”DEK","2012","11","24",2.8,"","W",0,"9",0,"9","","9",".",""
"253230130","GR”DEK","2012","11","27",5.9,"","W",0,"9",0,"9","","9",".",""
"253230130","GR”DEK","2012","11","28",.7,"","W",0,"9",0,"9","","9",".",""
"253230130","GR”DEK","2012","11","29",2.4,"","W",0,"9",0,"9","","9",".",""
"253230130","GR”DEK","2012","11","30",2.1,"","W",0,"9",0,"9","","9",".",""
"253230140","ZAB£UD”W","2012","11","01",1.7,"","W",0,"9",0,"8","","8","PL",""
"253230140","ZAB£UD”W","2012","11","02",1.9,"","W",0,"9",0,"8","","8",".",""
"253230140","ZAB£UD”W","2012","11","04",7.5,"","W",0,"9",0,"8","","8",".",""
"253230140","ZAB£UD”W","2012","11","05",18.7,"","W",0,"9",0,"8","","8",".",""
"253230140","ZAB£UD”W","2012","11","06",.5,"","W",0,"9",0,"8","","8",".",""
"253230140","ZAB£UD”W","2012","11","07",1.4,"","W",0,"9",0,"8","","8",".",""
"253230140","ZAB£UD”W","2012","11","08",2.4,"","W",0,"9",0,"8","","8",".",""
"253230140","ZAB£UD”W","2012","11","09",.6,"","W",0,"9",0,"8","","8",".",""
"253230140","ZAB£UD”W","2012","11","24",2.6,"","W",0,"9",0,"8","","8",".",""
"253230140","ZAB£UD”W","2012","11","27",5.4,"","W",0,"9",0,"8","","8",".",""
"253230140","ZAB£UD”W","2012","11","29",3.6,"","W",0,"9",0,"8","","8",".",""
"253230180","DRAHLE","2012","11","01",1.5,"","W",0,"",0,"","5","","SL",""
"253230180","DRAHLE","2012","11","02",3.0,"","W",0,"9",0,"9","","9",".",""
"253230180","DRAHLE","2012","11","03",.1,"","W",0,"9",0,"9","","9",".",""
"253230180","DRAHLE","2012","11","04",1.7,"","W",0,"9",0,"9","","9",".",""
"253230180","DRAHLE","2012","11","05",17.0,"","W",0,"9",0,"9","","9",".",""
"253230180","DRAHLE","2012","11","06",.5,"","W",0,"9",0,"9","","9",".",""
"253230180","DRAHLE","2012","11","07",1.7,"","W",0,"9",0,"9","","9",".",""
"253230180","DRAHLE","2012","11","08",1.3,"","W",0,"9",0,"9","","9",".",""
"253230180","DRAHLE","2012","11","09",.1,"","W",0,"9",0,"9","","9",".",""
"253230180","DRAHLE","2012","11","11",.1,"","W",0,"9",0,"9","","9",".",""
"253230180","DRAHLE","2012","11","24",1.9,"","W",0,"9",0,"9","","9",".",""
"253230180","DRAHLE","2012","11","25",.3,"","W",0,"9",0,"9","","9",".",""
"253230180","DRAHLE","2012","11","27",6.0,"","W",0,"9",0,"9","","9",".",""
"253230180","DRAHLE","2012","11","28",.3,"","W",0,"9",0,"9","","9",".",""
"253230180","DRAHLE","2012","11","29",.6,"","W",0,"9",0,"9","","9",".",""
"253230180","DRAHLE","2012","11","30",1.2,"","W",0,"9",0,"9","","9",".",""
"254150010","DYGOWO","2012","11","01",1.9,"","W",0,"9",0,"8","","8",".",""
"254150010","DYGOWO","2012","11","02",2.3,"","W",0,"9",0,"8","","8",".",""
"254150010","DYGOWO","2012","11","03",5.7,"","W",0,"9",0,"8","","8",".",""
"254150010","DYGOWO","2012","11","04",1.3,"","W",0,"9",0,"8","","8",".",""
"254150010","DYGOWO","2012","11","05",12.9,"","W",0,"9",0,"8","","8",".",""
"254150010","DYGOWO","2012","11","06",4.6,"","W",0,"9",0,"8","","8",".",""
"254150010","DYGOWO","2012","11","07",3.6,"","W",0,"9",0,"8","","8",".",""
"254150010","DYGOWO","2012","11","08",4.9,"","W",0,"9",0,"8","","8",".",""
"254150010","DYGOWO","2012","11","09",1.6,"","W",0,"9",0,"8","","8",".",""
"254150010","DYGOWO","2012","11","10",.9,"","W",0,"9",0,"8","","8",".",""
"254150010","DYGOWO","2012","11","18",1.1,"","W",0,"9",0,"8","","8",".",""
"254150010","DYGOWO","2012","11","21",.8,"","W",0,"9",0,"8","","8",".",""
"254150010","DYGOWO","2012","11","24",.7,"","W",0,"9",0,"8","","8",".",""
"254150010","DYGOWO","2012","11","25",.3,"","W",0,"9",0,"8","","8",".",""
"254150010","DYGOWO","2012","11","26",2.0,"","W",0,"9",0,"8","","8",".",""
"254150010","DYGOWO","2012","11","27",.1,"","W",0,"9",0,"8","","8",".",""
"254150010","DYGOWO","2012","11","28",3.0,"","W",0,"9",0,"8","","8",".",""
"254150010","DYGOWO","2012","11","29",12.2,"","W",0,"9",0,"8","","8",".",""
"254150010","DYGOWO","2012","11","30",9.5,"","S",0,"9",0,"8","","8",".",""
"254150020","TRZEBIAT”W","2012","11","01",2.6,"","W",0,"9",0,"8","","8",".",""
"254150020","TRZEBIAT”W","2012","11","02",2.4,"","W",0,"9",0,"8","","8",".",""
"254150020","TRZEBIAT”W","2012","11","03",5.2,"","W",0,"9",0,"8","","8",".",""
"254150020","TRZEBIAT”W","2012","11","04",5.9,"","W",0,"9",0,"8","","8",".",""
"254150020","TRZEBIAT”W","2012","11","05",10.5,"","W",0,"9",0,"8","","8",".",""
"254150020","TRZEBIAT”W","2012","11","06",5.0,"","W",0,"9",0,"8","","8",".",""
"254150020","TRZEBIAT”W","2012","11","07",1.1,"","W",0,"9",0,"8","","8",".",""
"254150020","TRZEBIAT”W","2012","11","08",4.6,"","W",0,"9",0,"8","","8",".",""
"254150020","TRZEBIAT”W","2012","11","09",.7,"","W",0,"9",0,"8","","8",".",""
"254150020","TRZEBIAT”W","2012","11","18",2.7,"","W",0,"9",0,"8","","8",".",""
"254150020","TRZEBIAT”W","2012","11","22",.4,"","W",0,"9",0,"8","","8",".",""
"254150020","TRZEBIAT”W","2012","11","23",1.7,"","W",0,"9",0,"8","","8",".",""
"254150020","TRZEBIAT”W","2012","11","24",.3,"","W",0,"9",0,"8","","8",".",""
"254150020","TRZEBIAT”W","2012","11","25",.3,"","W",0,"9",0,"8","","8",".",""
"254150020","TRZEBIAT”W","2012","11","26",3.6,"","W",0,"9",0,"8","","8",".",""
"254150020","TRZEBIAT”W","2012","11","27",.3,"","W",0,"9",0,"8","","8",".",""
"254150020","TRZEBIAT”W","2012","11","28",1.6,"","W",0,"9",0,"8","","8",".",""
"254150020","TRZEBIAT”W","2012","11","29",6.2,"","W",0,"9",0,"8","","8",".",""
"254150020","TRZEBIAT”W","2012","11","30",10.5,"","S",0,"9",0,"8","","8",".",""
"254160010","BRUSKOWO MA£E","2012","11","01",.1,"","W",0,"9",0,"8","","8",".",""
"254160010","BRUSKOWO MA£E","2012","11","02",4.1,"","W",0,"9",0,"8","","8",".",""
"254160010","BRUSKOWO MA£E","2012","11","03",5.5,"","W",0,"9",0,"8","","8",".",""
"254160010","BRUSKOWO MA£E","2012","11","04",8.1,"","W",0,"9",0,"8","","8",".",""
"254160010","BRUSKOWO MA£E","2012","11","05",8.1,"","W",0,"9",0,"8","","8",".",""
"254160010","BRUSKOWO MA£E","2012","11","06",5.7,"","W",0,"9",0,"8","","8",".",""
"254160010","BRUSKOWO MA£E","2012","11","07",5.1,"","W",0,"9",0,"8","","8",".",""
"254160010","BRUSKOWO MA£E","2012","11","08",7.6,"","W",0,"9",0,"8","","8",".",""
"254160010","BRUSKOWO MA£E","2012","11","09",1.8,"","W",0,"9",0,"8","","8",".",""
"254160010","BRUSKOWO MA£E","2012","11","10",1.6,"","W",0,"9",0,"8","","8",".",""
"254160010","BRUSKOWO MA£E","2012","11","12",.0,"","W",0,"9",0,"8","","8",".",""
"254160010","BRUSKOWO MA£E","2012","11","18",.8,"","W",0,"9",0,"8","","8",".",""
"254160010","BRUSKOWO MA£E","2012","11","22",.5,"","W",0,"9",0,"8","","8",".",""
"254160010","BRUSKOWO MA£E","2012","11","23",1.7,"","W",0,"9",0,"8","","8",".",""
"254160010","BRUSKOWO MA£E","2012","11","24",.7,"","W",0,"9",0,"8","","8",".",""
"254160010","BRUSKOWO MA£E","2012","11","25",.6,"","W",0,"9",0,"8","","8",".",""
"254160010","BRUSKOWO MA£E","2012","11","26",3.7,"","W",0,"9",0,"8","","8",".",""
"254160010","BRUSKOWO MA£E","2012","11","27",.1,"","W",0,"9",0,"8","","8",".",""
"254160010","BRUSKOWO MA£E","2012","11","28",2.7,"","W",0,"9",0,"8","","8",".",""
"254160010","BRUSKOWO MA£E","2012","11","29",13.5,"","W",0,"9",0,"8","","8",".",""
"254160010","BRUSKOWO MA£E","2012","11","30",5.2,"","S",0,"9",0,"8","","8",".",""
"254160030","S£AWNO","2012","11","01",1.6,"","W",0,"9",0,"8","","8",".",""
"254160030","S£AWNO","2012","11","02",3.0,"","W",0,"9",0,"8","","8",".",""
"254160030","S£AWNO","2012","11","03",5.9,"","W",0,"9",0,"8","","8",".",""
"254160030","S£AWNO","2012","11","04",8.4,"","W",0,"9",0,"8","","8",".",""
"254160030","S£AWNO","2012","11","05",8.3,"","W",0,"9",0,"8","","8",".",""
"254160030","S£AWNO","2012","11","06",8.7,"","W",0,"9",0,"8","","8",".",""
"254160030","S£AWNO","2012","11","07",3.0,"","W",0,"9",0,"8","","8",".",""
"254160030","S£AWNO","2012","11","08",11.1,"","W",0,"9",0,"8","","8",".",""
"254160030","S£AWNO","2012","11","09",1.5,"","W",0,"9",0,"8","","8",".",""
"254160030","S£AWNO","2012","11","10",1.4,"","W",0,"9",0,"8","","8",".",""
"254160030","S£AWNO","2012","11","18",.9,"","W",0,"9",0,"8","","8",".",""
"254160030","S£AWNO","2012","11","22",.6,"","W",0,"9",0,"8","","8",".",""
"254160030","S£AWNO","2012","11","23",1.7,"","W",0,"9",0,"8","","8",".",""
"254160030","S£AWNO","2012","11","25",.6,"","W",0,"9",0,"8","","8",".",""
"254160030","S£AWNO","2012","11","26",3.7,"","W",0,"9",0,"8","","8",".",""
"254160030","S£AWNO","2012","11","28",3.3,"","W",0,"9",0,"8","","8",".",""
"254160030","S£AWNO","2012","11","29",13.4,"","W",0,"9",0,"8","","8",".",""
"254160030","S£AWNO","2012","11","30",14.1,"","S",0,"9",0,"8","","8",".",""
"254160040","JEØYCZKI","2012","11","02",3.0,"","W",0,"9",0,"8","","8",".",""
"254160040","JEØYCZKI","2012","11","03",12.0,"","W",0,"9",0,"8","","8",".",""
"254160040","JEØYCZKI","2012","11","04",8.2,"","W",0,"9",0,"8","","8",".",""
"254160040","JEØYCZKI","2012","11","05",7.5,"","W",0,"9",0,"8","","8",".",""
"254160040","JEØYCZKI","2012","11","06",4.3,"","W",0,"9",0,"8","","8",".",""
"254160040","JEØYCZKI","2012","11","07",1.5,"","W",0,"9",0,"8","","8",".",""
"254160040","JEØYCZKI","2012","11","08",8.0,"","W",0,"9",0,"8","","8",".",""
"254160040","JEØYCZKI","2012","11","09",2.2,"","W",0,"9",0,"8","","8",".",""
"254160040","JEØYCZKI","2012","11","10",1.0,"","W",0,"9",0,"8","","8",".",""
"254160040","JEØYCZKI","2012","11","18",1.0,"","W",0,"9",0,"8","","8",".",""
"254160040","JEØYCZKI","2012","11","22",1.1,"","W",0,"9",0,"8","","8",".",""
"254160040","JEØYCZKI","2012","11","23",1.5,"","W",0,"9",0,"8","","8",".",""
"254160040","JEØYCZKI","2012","11","24",.1,"","W",0,"9",0,"8","","8",".",""
"254160040","JEØYCZKI","2012","11","26",4.3,"","W",0,"9",0,"8","","8",".",""
"254160040","JEØYCZKI","2012","11","27",.0,"","W",0,"9",0,"8","","8",".",""
"254160040","JEØYCZKI","2012","11","28",2.2,"","W",0,"9",0,"8","","8",".",""
"254160040","JEØYCZKI","2012","11","29",8.5,"","W",0,"9",0,"8","","8",".",""
"254160040","JEØYCZKI","2012","11","30",8.0,"","S",0,"9",0,"8","","8",".",""
"254160060","SIERAKOWO","2012","11","01",1.5,"","W",0,"9",0,"8","","8",".",""
"254160060","SIERAKOWO","2012","11","02",2.5,"","W",0,"9",0,"8","","8",".",""
"254160060","SIERAKOWO","2012","11","03",8.5,"","W",0,"9",0,"8","","8",".",""
"254160060","SIERAKOWO","2012","11","04",7.0,"","W",0,"9",0,"8","","8",".",""
"254160060","SIERAKOWO","2012","11","05",5.8,"","W",0,"9",0,"8","","8",".",""
"254160060","SIERAKOWO","2012","11","06",5.0,"","W",0,"9",0,"8","","8",".",""
"254160060","SIERAKOWO","2012","11","07",3.6,"","W",0,"9",0,"8","","8",".",""
"254160060","SIERAKOWO","2012","11","08",11.1,"","W",0,"9",0,"8","","8",".",""
"254160060","SIERAKOWO","2012","11","09",.5,"","W",0,"9",0,"8","","8",".",""
"254160060","SIERAKOWO","2012","11","10",1.3,"","W",0,"9",0,"8","","8",".",""
"254160060","SIERAKOWO","2012","11","12",.1,"","W",0,"9",0,"8","","8",".",""
"254160060","SIERAKOWO","2012","11","22",1.5,"","W",0,"9",0,"8","","8",".",""
"254160060","SIERAKOWO","2012","11","23",1.9,"","W",0,"9",0,"8","","8",".",""
"254160060","SIERAKOWO","2012","11","25",.5,"","W",0,"9",0,"8","","8",".",""
"254160060","SIERAKOWO","2012","11","26",3.2,"","W",0,"9",0,"8","","8",".",""
"254160060","SIERAKOWO","2012","11","27",.2,"","W",0,"9",0,"8","","8",".",""
"254160060","SIERAKOWO","2012","11","28",4.0,"","W",0,"9",0,"8","","8",".",""
"254160060","SIERAKOWO","2012","11","29",14.7,"","W",0,"9",0,"8","","8",".",""
"254160060","SIERAKOWO","2012","11","30",9.0,"","S",0,"9",0,"8","","8",".",""
"254160080","POLAN”W","2012","11","01",.4,"","W",0,"9",0,"8","","8",".",""
"254160080","POLAN”W","2012","11","02",5.5,"","W",0,"9",0,"8","","8",".",""
"254160080","POLAN”W","2012","11","03",3.8,"","W",0,"9",0,"8","","8",".",""
"254160080","POLAN”W","2012","11","04",5.3,"","W",0,"9",0,"8","","8",".",""
"254160080","POLAN”W","2012","11","05",5.7,"","W",0,"9",0,"8","","8",".",""
"254160080","POLAN”W","2012","11","06",7.2,"","W",0,"9",0,"8","","8",".",""
"254160080","POLAN”W","2012","11","07",1.6,"","W",0,"9",0,"8","","8",".",""
"254160080","POLAN”W","2012","11","08",11.9,"","W",0,"9",0,"8","","8",".",""
"254160080","POLAN”W","2012","11","11",1.6,"","W",0,"9",0,"8","","8",".",""
"254160080","POLAN”W","2012","11","18",1.0,"","W",0,"9",0,"8","","8",".",""
"254160080","POLAN”W","2012","11","23",3.5,"","W",0,"9",0,"8","","8",".",""
"254160080","POLAN”W","2012","11","24",.3,"","W",0,"9",0,"8","","8",".",""
"254160080","POLAN”W","2012","11","25",.1,"","W",0,"9",0,"8","","8",".",""
"254160080","POLAN”W","2012","11","26",3.5,"","W",0,"9",0,"8","","8",".",""
"254160080","POLAN”W","2012","11","27",.0,"","W",0,"9",0,"8","","8",".",""
"254160080","POLAN”W","2012","11","28",5.4,"","W",0,"9",0,"8","","8",".",""
"254160080","POLAN”W","2012","11","29",22.0,"","W",0,"9",0,"8","","8",".",""
"254160080","POLAN”W","2012","11","30",4.9,"","S",0,"9",0,"8","","8",".",""
"254160090","GRZYBNICA","2012","11","02",6.0,"","W",0,"9",0,"8","","8",".",""
"254160090","GRZYBNICA","2012","11","03",3.9,"","W",0,"9",0,"8","","8",".",""
"254160090","GRZYBNICA","2012","11","04",5.1,"","W",0,"9",0,"8","","8",".",""
"254160090","GRZYBNICA","2012","11","05",11.5,"","W",0,"9",0,"8","","8",".",""
"254160090","GRZYBNICA","2012","11","06",5.8,"","W",0,"9",0,"8","","8",".",""
"254160090","GRZYBNICA","2012","11","07",2.2,"","W",0,"9",0,"8","","8",".",""
"254160090","GRZYBNICA","2012","11","08",9.8,"","W",0,"9",0,"8","","8",".",""
"254160090","GRZYBNICA","2012","11","09",.9,"","W",0,"9",0,"8","","8",".",""
"254160090","GRZYBNICA","2012","11","10",1.5,"","W",0,"9",0,"8","","8",".",""
"254160090","GRZYBNICA","2012","11","11",.3,"","W",0,"9",0,"8","","8",".",""
"254160090","GRZYBNICA","2012","11","18",1.3,"","W",0,"9",0,"8","","8",".",""
"254160090","GRZYBNICA","2012","11","19",.1,"","W",0,"9",0,"8","","8",".",""
"254160090","GRZYBNICA","2012","11","25",.5,"","W",0,"9",0,"8","","8",".",""
"254160090","GRZYBNICA","2012","11","26",3.2,"","W",0,"9",0,"8","","8",".",""
"254160090","GRZYBNICA","2012","11","28",4.0,"","W",0,"9",0,"8","","8",".",""
"254160090","GRZYBNICA","2012","11","29",6.1,"","W",0,"9",0,"8","","8",".",""
"254160090","GRZYBNICA","2012","11","30",1.1,"","S",0,"9",0,"8","","8",".",""
"254170010","ØELAZNO","2012","11","02",1.0,"","W",0,"9",0,"8","","8",".",""
"254170010","ØELAZNO","2012","11","03",7.2,"","W",0,"9",0,"8","","8",".",""
"254170010","ØELAZNO","2012","11","04",5.7,"","W",0,"9",0,"8","","8",".",""
"254170010","ØELAZNO","2012","11","05",8.0,"","W",0,"9",0,"8","","8",".",""
"254170010","ØELAZNO","2012","11","06",6.6,"","W",0,"9",0,"8","","8",".",""
"254170010","ØELAZNO","2012","11","07",7.2,"","W",0,"9",0,"8","","8",".",""
"254170010","ØELAZNO","2012","11","08",12.5,"","W",0,"9",0,"8","","8",".",""
"254170010","ØELAZNO","2012","11","09",2.7,"","W",0,"9",0,"8","","8",".",""
"254170010","ØELAZNO","2012","11","10",.8,"","W",0,"9",0,"8","","8",".",""
"254170010","ØELAZNO","2012","11","11",1.2,"","W",0,"9",0,"8","","8",".",""
"254170010","ØELAZNO","2012","11","12",1.3,"","W",0,"9",0,"8","","8",".",""
"254170010","ØELAZNO","2012","11","22",1.5,"","W",0,"9",0,"8","","8",".",""
"254170010","ØELAZNO","2012","11","24",1.8,"","W",0,"9",0,"8","","8",".",""
"254170010","ØELAZNO","2012","11","25",1.7,"","W",0,"9",0,"8","","8",".",""
"254170010","ØELAZNO","2012","11","26",1.8,"","W",0,"9",0,"8","","8",".",""
"254170010","ØELAZNO","2012","11","27",1.0,"","W",0,"9",0,"8","","8",".",""
"254170010","ØELAZNO","2012","11","28",5.4,"","W",0,"9",0,"8","","8",".",""
"254170010","ØELAZNO","2012","11","29",23.0,"","W",0,"9",0,"8","","8",".",""
"254170010","ØELAZNO","2012","11","30",10.6,"","S",0,"9",0,"8","","8",".",""
"254170020","SMO£DZINO","2012","11","03",8.2,"","W",0,"9",0,"8","","8",".",""
"254170020","SMO£DZINO","2012","11","04",6.6,"","W",0,"9",0,"8","","8",".",""
"254170020","SMO£DZINO","2012","11","05",7.5,"","W",0,"9",0,"8","","8",".",""
"254170020","SMO£DZINO","2012","11","06",12.7,"","W",0,"9",0,"8","","8",".",""
"254170020","SMO£DZINO","2012","11","07",4.3,"","W",0,"9",0,"8","","8",".",""
"254170020","SMO£DZINO","2012","11","08",10.8,"","W",0,"9",0,"8","","8",".",""
"254170020","SMO£DZINO","2012","11","09",1.5,"","W",0,"9",0,"8","","8",".",""
"254170020","SMO£DZINO","2012","11","10",1.4,"","W",0,"9",0,"8","","8",".",""
"254170020","SMO£DZINO","2012","11","23",1.1,"","W",0,"9",0,"8","","8",".",""
"254170020","SMO£DZINO","2012","11","26",2.9,"","W",0,"9",0,"8","","8",".",""
"254170020","SMO£DZINO","2012","11","27",1.0,"","W",0,"9",0,"8","","8",".",""
"254170020","SMO£DZINO","2012","11","28",1.8,"","W",0,"9",0,"8","","8",".",""
"254170020","SMO£DZINO","2012","11","29",12.2,"","W",0,"9",0,"8","","8",".",""
"254170020","SMO£DZINO","2012","11","30",2.8,"","S",0,"9",0,"8","","8",".",""
"254170030","OBJAZDA","2012","11","01",.1,"","W",0,"9",0,"8","","8",".",""
"254170030","OBJAZDA","2012","11","02",1.4,"","W",0,"9",0,"8","","8",".",""
"254170030","OBJAZDA","2012","11","03",7.3,"","W",0,"9",0,"8","","8",".",""
"254170030","OBJAZDA","2012","11","04",8.1,"","W",0,"9",0,"8","","8",".",""
"254170030","OBJAZDA","2012","11","05",13.4,"","W",0,"9",0,"8","","8",".",""
"254170030","OBJAZDA","2012","11","06",7.7,"","W",0,"9",0,"8","","8",".",""
"254170030","OBJAZDA","2012","11","07",5.6,"","W",0,"9",0,"8","","8",".",""
"254170030","OBJAZDA","2012","11","08",10.2,"","W",0,"9",0,"8","","8",".",""
"254170030","OBJAZDA","2012","11","09",1.0,"","W",0,"9",0,"8","","8",".",""
"254170030","OBJAZDA","2012","11","10",1.8,"","W",0,"9",0,"8","","8",".",""
"254170030","OBJAZDA","2012","11","12",.4,"","W",0,"9",0,"8","","8",".",""
"254170030","OBJAZDA","2012","11","18",1.5,"","W",0,"9",0,"8","","8",".",""
"254170030","OBJAZDA","2012","11","22",.5,"","W",0,"9",0,"8","","8",".",""
"254170030","OBJAZDA","2012","11","23",1.5,"","W",0,"9",0,"8","","8",".",""
"254170030","OBJAZDA","2012","11","24",.4,"","W",0,"9",0,"8","","8",".",""
"254170030","OBJAZDA","2012","11","25",1.2,"","W",0,"9",0,"8","","8",".",""
"254170030","OBJAZDA","2012","11","26",4.2,"","W",0,"9",0,"8","","8",".",""
"254170030","OBJAZDA","2012","11","27",.2,"","W",0,"9",0,"8","","8",".",""
"254170030","OBJAZDA","2012","11","28",3.6,"","W",0,"9",0,"8","","8",".",""
"254170030","OBJAZDA","2012","11","29",12.6,"","W",0,"9",0,"8","","8",".",""
"254170030","OBJAZDA","2012","11","30",3.1,"","S",0,"9",0,"8","","8",".",""
"254170060","MIKOROWO","2012","11","02",2.3,"","W",0,"9",0,"8","","8",".",""
"254170060","MIKOROWO","2012","11","03",2.2,"","W",0,"9",0,"8","","8",".",""
"254170060","MIKOROWO","2012","11","04",7.5,"","W",0,"9",0,"8","","8",".",""
"254170060","MIKOROWO","2012","11","05",7.0,"","W",0,"9",0,"8","","8",".",""
"254170060","MIKOROWO","2012","11","06",9.2,"","W",0,"9",0,"8","","8",".",""
"254170060","MIKOROWO","2012","11","07",2.6,"","W",0,"9",0,"8","","8",".",""
"254170060","MIKOROWO","2012","11","08",9.2,"","W",0,"9",0,"8","","8",".",""
"254170060","MIKOROWO","2012","11","09",2.8,"","W",0,"9",0,"8","","8",".",""
"254170060","MIKOROWO","2012","11","10",1.0,"","W",0,"9",0,"8","","8",".",""
"254170060","MIKOROWO","2012","11","11",.6,"","W",0,"9",0,"8","","8",".",""
"254170060","MIKOROWO","2012","11","18",1.0,"","W",0,"9",0,"8","","8",".",""
"254170060","MIKOROWO","2012","11","22",.3,"","W",0,"9",0,"8","","8",".",""
"254170060","MIKOROWO","2012","11","23",2.0,"","W",0,"9",0,"8","","8",".",""
"254170060","MIKOROWO","2012","11","24",.5,"","W",0,"9",0,"8","","8",".",""
"254170060","MIKOROWO","2012","11","25",1.7,"","W",0,"9",0,"8","","8",".",""
"254170060","MIKOROWO","2012","11","26",2.8,"","W",0,"9",0,"8","","8",".",""
"254170060","MIKOROWO","2012","11","28",9.0,"","W",0,"9",0,"8","","8",".",""
"254170060","MIKOROWO","2012","11","29",26.5,"","W",0,"9",0,"8","","8",".",""
"254170060","MIKOROWO","2012","11","30",6.2,"","S",0,"9",0,"8","","8",".",""
"254170070","BUKOWINA","2012","11","02",2.5,"","W",0,"9",0,"8","","8",".",""
"254170070","BUKOWINA","2012","11","03",8.1,"","W",0,"9",0,"8","","8",".",""
"254170070","BUKOWINA","2012","11","04",6.8,"","W",0,"9",0,"8","","8",".",""
"254170070","BUKOWINA","2012","11","05",4.7,"","W",0,"9",0,"8","","8",".",""
"254170070","BUKOWINA","2012","11","06",5.8,"","W",0,"9",0,"8","","8",".",""
"254170070","BUKOWINA","2012","11","07",2.8,"","W",0,"9",0,"8","","8",".",""
"254170070","BUKOWINA","2012","11","08",9.5,"","W",0,"9",0,"8","","8",".",""
"254170070","BUKOWINA","2012","11","09",1.7,"","W",0,"9",0,"8","","8",".",""
"254170070","BUKOWINA","2012","11","10",.6,"","W",0,"9",0,"8","","8",".",""
"254170070","BUKOWINA","2012","11","11",2.6,"","W",0,"9",0,"8","","8",".",""
"254170070","BUKOWINA","2012","11","12",.7,"","W",0,"9",0,"8","","8",".",""
"254170070","BUKOWINA","2012","11","18",.8,"","W",0,"9",0,"8","","8",".",""
"254170070","BUKOWINA","2012","11","21",.2,"","W",0,"9",0,"8","","8",".",""
"254170070","BUKOWINA","2012","11","22",.3,"","W",0,"9",0,"8","","8",".",""
"254170070","BUKOWINA","2012","11","23",2.3,"","W",0,"9",0,"8","","8",".",""
"254170070","BUKOWINA","2012","11","24",.8,"","W",0,"9",0,"8","","8",".",""
"254170070","BUKOWINA","2012","11","25",1.2,"","W",0,"9",0,"8","","8",".",""
"254170070","BUKOWINA","2012","11","26",2.4,"","W",0,"9",0,"8","","8",".",""
"254170070","BUKOWINA","2012","11","27",.3,"","W",0,"9",0,"8","","8",".",""
"254170070","BUKOWINA","2012","11","28",10.1,"","W",0,"9",0,"8","","8",".",""
"254170070","BUKOWINA","2012","11","29",24.0,"","W",0,"9",0,"8","","8",".",""
"254170070","BUKOWINA","2012","11","30",2.2,"","S",0,"9",0,"8","","8",".",""
"254170080","ULISZKOWICE","2012","11","01",.7,"","W",0,"9",0,"8","","8",".",""
"254170080","ULISZKOWICE","2012","11","02",2.7,"","W",0,"9",0,"8","","8",".",""
"254170080","ULISZKOWICE","2012","11","03",6.6,"","W",0,"9",0,"8","","8",".",""
"254170080","ULISZKOWICE","2012","11","04",5.7,"","W",0,"9",0,"8","","8",".",""
"254170080","ULISZKOWICE","2012","11","05",4.2,"","W",0,"9",0,"8","","8",".",""
"254170080","ULISZKOWICE","2012","11","06",9.4,"","W",0,"9",0,"8","","8",".",""
"254170080","ULISZKOWICE","2012","11","07",2.2,"","W",0,"9",0,"8","","8",".",""
"254170080","ULISZKOWICE","2012","11","08",16.2,"","W",0,"9",0,"8","","8",".",""
"254170080","ULISZKOWICE","2012","11","09",2.5,"","W",0,"9",0,"8","","8",".",""
"254170080","ULISZKOWICE","2012","11","10",1.5,"","W",0,"9",0,"8","","8",".",""
"254170080","ULISZKOWICE","2012","11","11",.9,"","W",0,"9",0,"8","","8",".",""
"254170080","ULISZKOWICE","2012","11","18",.8,"","W",0,"9",0,"8","","8",".",""
"254170080","ULISZKOWICE","2012","11","22",1.4,"","W",0,"9",0,"8","","8",".",""
"254170080","ULISZKOWICE","2012","11","23",3.6,"","W",0,"9",0,"8","","8",".",""
"254170080","ULISZKOWICE","2012","11","24",1.4,"","W",0,"9",0,"8","","8",".",""
"254170080","ULISZKOWICE","2012","11","25",1.1,"","W",0,"9",0,"8","","8",".",""
"254170080","ULISZKOWICE","2012","11","26",3.8,"","W",0,"9",0,"8","","8",".",""
"254170080","ULISZKOWICE","2012","11","27",.5,"","W",0,"9",0,"8","","8",".",""
"254170080","ULISZKOWICE","2012","11","28",7.5,"","W",0,"9",0,"8","","8",".",""
"254170080","ULISZKOWICE","2012","11","29",21.2,"","W",0,"9",0,"8","","8",".",""
"254170080","ULISZKOWICE","2012","11","30",7.1,"","S",0,"9",0,"8","","8",".",""
"254170090","£UPAWSKO","2012","11","02",2.3,"","W",0,"9",0,"8","","8",".",""
"254170090","£UPAWSKO","2012","11","03",7.5,"","W",0,"9",0,"8","","8",".",""
"254170090","£UPAWSKO","2012","11","04",4.0,"","W",0,"9",0,"8","","8",".",""
"254170090","£UPAWSKO","2012","11","05",6.8,"","W",0,"9",0,"8","","8",".",""
"254170090","£UPAWSKO","2012","11","06",8.0,"","W",0,"9",0,"8","","8",".",""
"254170090","£UPAWSKO","2012","11","07",7.5,"","W",0,"9",0,"8","","8",".",""
"254170090","£UPAWSKO","2012","11","08",9.5,"","W",0,"9",0,"8","","8",".",""
"254170090","£UPAWSKO","2012","11","09",1.5,"","W",0,"9",0,"8","","8",".",""
"254170090","£UPAWSKO","2012","11","11",2.0,"","W",0,"9",0,"8","","8",".",""
"254170090","£UPAWSKO","2012","11","23",4.5,"","W",0,"9",0,"8","","8",".",""
"254170090","£UPAWSKO","2012","11","24",.6,"","W",0,"9",0,"8","","8",".",""
"254170090","£UPAWSKO","2012","11","26",4.5,"","W",0,"9",0,"8","","8",".",""
"254170090","£UPAWSKO","2012","11","27",.8,"","W",0,"9",0,"8","","8",".",""
"254170090","£UPAWSKO","2012","11","28",11.0,"","W",0,"9",0,"8","","8",".",""
"254170090","£UPAWSKO","2012","11","29",16.0,"","W",0,"9",0,"8","","8",".",""
"254170090","£UPAWSKO","2012","11","30",8.0,"","S",0,"9",0,"8","","8",".",""
"254170120","£OBZOWO","2012","11","01",3.9,"","W",0,"9",0,"8","","8",".",""
"254170120","£OBZOWO","2012","11","02",2.6,"","W",0,"9",0,"8","","8",".",""
"254170120","£OBZOWO","2012","11","03",2.9,"","W",0,"9",0,"8","","8",".",""
"254170120","£OBZOWO","2012","11","04",6.2,"","W",0,"9",0,"8","","8",".",""
"254170120","£OBZOWO","2012","11","05",2.1,"","W",0,"9",0,"8","","8",".",""
"254170120","£OBZOWO","2012","11","06",9.3,"","W",0,"9",0,"8","","8",".",""
"254170120","£OBZOWO","2012","11","07",2.4,"","W",0,"9",0,"8","","8",".",""
"254170120","£OBZOWO","2012","11","08",16.2,"","W",0,"9",0,"8","","8",".",""
"254170120","£OBZOWO","2012","11","09",1.6,"","W",0,"9",0,"8","","8",".",""
"254170120","£OBZOWO","2012","11","10",.6,"","W",0,"9",0,"8","","8",".",""
"254170120","£OBZOWO","2012","11","18",.6,"","W",0,"9",0,"8","","8",".",""
"254170120","£OBZOWO","2012","11","21",.4,"","W",0,"9",0,"8","","8",".",""
"254170120","£OBZOWO","2012","11","23",2.9,"","W",0,"9",0,"8","","8",".",""
"254170120","£OBZOWO","2012","11","26",2.1,"","W",0,"9",0,"8","","8",".",""
"254170120","£OBZOWO","2012","11","27",.2,"","W",0,"9",0,"8","","8",".",""
"254170120","£OBZOWO","2012","11","28",8.6,"","W",0,"9",0,"8","","8",".",""
"254170120","£OBZOWO","2012","11","29",23.8,"","W",0,"9",0,"8","","8",".",""
"254170120","£OBZOWO","2012","11","30",2.6,"","S",0,"9",0,"8","","8",".",""
"254170130","NIEZABYSZEWO","2012","11","01",1.2,"","W",0,"9",0,"8","","8",".",""
"254170130","NIEZABYSZEWO","2012","11","02",1.8,"","W",0,"9",0,"8","","8",".",""
"254170130","NIEZABYSZEWO","2012","11","03",2.4,"","W",0,"9",0,"8","","8",".",""
"254170130","NIEZABYSZEWO","2012","11","04",7.0,"","W",0,"9",0,"8","","8",".",""
"254170130","NIEZABYSZEWO","2012","11","05",1.8,"","W",0,"9",0,"8","","8",".",""
"254170130","NIEZABYSZEWO","2012","11","06",7.8,"","W",0,"9",0,"8","","8",".",""
"254170130","NIEZABYSZEWO","2012","11","07",.8,"","W",0,"9",0,"8","","8",".",""
"254170130","NIEZABYSZEWO","2012","11","08",11.4,"","W",0,"9",0,"8","","8",".",""
"254170130","NIEZABYSZEWO","2012","11","09",1.2,"","W",0,"9",0,"8","","8",".",""
"254170130","NIEZABYSZEWO","2012","11","10",.8,"","W",0,"9",0,"8","","8",".",""
"254170130","NIEZABYSZEWO","2012","11","11",2.0,"","W",0,"9",0,"8","","8",".",""
"254170130","NIEZABYSZEWO","2012","11","18",.5,"","W",0,"9",0,"8","","8",".",""
"254170130","NIEZABYSZEWO","2012","11","22",.2,"","W",0,"9",0,"8","","8",".",""
"254170130","NIEZABYSZEWO","2012","11","23",3.1,"","W",0,"9",0,"8","","8",".",""
"254170130","NIEZABYSZEWO","2012","11","24",.9,"","W",0,"9",0,"8","","8",".",""
"254170130","NIEZABYSZEWO","2012","11","25",.5,"","W",0,"9",0,"8","","8",".",""
"254170130","NIEZABYSZEWO","2012","11","26",1.9,"","W",0,"9",0,"8","","8",".",""
"254170130","NIEZABYSZEWO","2012","11","27",.2,"","W",0,"9",0,"8","","8",".",""
"254170130","NIEZABYSZEWO","2012","11","28",9.5,"","W",0,"9",0,"8","","8",".",""
"254170130","NIEZABYSZEWO","2012","11","29",23.2,"","W",0,"9",0,"8","","8",".",""
"254170130","NIEZABYSZEWO","2012","11","30",2.5,"","S",0,"9",0,"8","","8",".",""
"254170150","KARPNO","2012","11","01",1.5,"","W",0,"9",0,"8","","8",".",""
"254170150","KARPNO","2012","11","02",1.9,"","W",0,"9",0,"8","","8",".",""
"254170150","KARPNO","2012","11","03",1.7,"","W",0,"9",0,"8","","8",".",""
"254170150","KARPNO","2012","11","04",8.4,"","W",0,"9",0,"8","","8",".",""
"254170150","KARPNO","2012","11","05",6.1,"","W",0,"9",0,"8","","8",".",""
"254170150","KARPNO","2012","11","06",2.9,"","W",0,"9",0,"8","","8",".",""
"254170150","KARPNO","2012","11","07",3.1,"","W",0,"9",0,"8","","8",".",""
"254170150","KARPNO","2012","11","08",9.9,"","W",0,"9",0,"8","","8",".",""
"254170150","KARPNO","2012","11","09",2.3,"","W",0,"9",0,"8","","8",".",""
"254170150","KARPNO","2012","11","11",4.4,"","W",0,"9",0,"8","","8",".",""
"254170150","KARPNO","2012","11","18",.8,"","W",0,"9",0,"8","","8",".",""
"254170150","KARPNO","2012","11","23",2.0,"","W",0,"9",0,"8","","8",".",""
"254170150","KARPNO","2012","11","24",.7,"","W",0,"9",0,"8","","8",".",""
"254170150","KARPNO","2012","11","25",2.4,"","W",0,"9",0,"8","","8",".",""
"254170150","KARPNO","2012","11","26",.8,"","W",0,"9",0,"8","","8",".",""
"254170150","KARPNO","2012","11","27",2.9,"","W",0,"9",0,"8","","8",".",""
"254170150","KARPNO","2012","11","28",14.9,"","W",0,"9",0,"8","","8",".",""
"254170150","KARPNO","2012","11","29",18.5,"","W",0,"9",0,"8","","8",".",""
"254170150","KARPNO","2012","11","30",2.9,"","S",0,"9",0,"8","","8",".",""
"254170160","SOMINY","2012","11","01",1.6,"","W",0,"9",0,"8","","8",".",""
"254170160","SOMINY","2012","11","02",2.0,"","W",0,"9",0,"8","","8",".",""
"254170160","SOMINY","2012","11","03",1.9,"","W",0,"9",0,"8","","8",".",""
"254170160","SOMINY","2012","11","04",8.1,"","W",0,"9",0,"8","","8",".",""
"254170160","SOMINY","2012","11","05",3.2,"","W",0,"9",0,"8","","8",".",""
"254170160","SOMINY","2012","11","06",6.8,"","W",0,"9",0,"8","","8",".",""
"254170160","SOMINY","2012","11","07",2.6,"","W",0,"9",0,"8","","8",".",""
"254170160","SOMINY","2012","11","08",10.5,"","W",0,"9",0,"8","","8",".",""
"254170160","SOMINY","2012","11","09",1.7,"","W",0,"9",0,"8","","8",".",""
"254170160","SOMINY","2012","11","10",.5,"","W",0,"9",0,"8","","8",".",""
"254170160","SOMINY","2012","11","11",4.3,"","W",0,"9",0,"8","","8",".",""
"254170160","SOMINY","2012","11","18",.3,"","W",0,"9",0,"8","","8",".",""
"254170160","SOMINY","2012","11","19",.2,"","W",0,"9",0,"8","","8",".",""
"254170160","SOMINY","2012","11","22",.3,"","W",0,"9",0,"8","","8",".",""
"254170160","SOMINY","2012","11","23",3.8,"","W",0,"9",0,"8","","8",".",""
"254170160","SOMINY","2012","11","24",.3,"","W",0,"9",0,"8","","8",".",""
"254170160","SOMINY","2012","11","25",.8,"","W",0,"9",0,"8","","8",".",""
"254170160","SOMINY","2012","11","26",1.3,"","W",0,"9",0,"8","","8",".",""
"254170160","SOMINY","2012","11","27",.2,"","W",0,"9",0,"8","","8",".",""
"254170160","SOMINY","2012","11","28",13.5,"","W",0,"9",0,"8","","8",".",""
"254170160","SOMINY","2012","11","29",24.6,"","W",0,"9",0,"8","","8",".",""
"254170160","SOMINY","2012","11","30",1.8,"","S",0,"9",0,"8","","8",".",""
"254170170","KLUKI","2012","11","01",.6,"","W",0,"9",0,"8","","8",".",""
"254170170","KLUKI","2012","11","02",4.2,"","W",0,"9",0,"8","","8",".",""
"254170170","KLUKI","2012","11","03",6.3,"","W",0,"9",0,"8","","8",".",""
"254170170","KLUKI","2012","11","04",5.4,"","W",0,"9",0,"8","","8",".",""
"254170170","KLUKI","2012","11","05",10.8,"","W",0,"9",0,"8","","8",".",""
"254170170","KLUKI","2012","11","06",6.7,"","W",0,"9",0,"8","","8",".",""
"254170170","KLUKI","2012","11","07",4.0,"","W",0,"9",0,"8","","8",".",""
"254170170","KLUKI","2012","11","08",9.5,"","W",0,"9",0,"8","","8",".",""
"254170170","KLUKI","2012","11","09",3.3,"","W",0,"9",0,"8","","8",".",""
"254170170","KLUKI","2012","11","12",11.2,"","W",0,"9",0,"8","","8",".",""
"254170170","KLUKI","2012","11","22",.8,"","W",0,"9",0,"8","","8",".",""
"254170170","KLUKI","2012","11","24",2.0,"","W",0,"9",0,"8","","8",".",""
"254170170","KLUKI","2012","11","25",1.2,"","W",0,"9",0,"8","","8",".",""
"254170170","KLUKI","2012","11","26",2.5,"","W",0,"9",0,"8","","8",".",""
"254170170","KLUKI","2012","11","27",1.7,"","W",0,"9",0,"8","","8",".",""
"254170170","KLUKI","2012","11","28",2.7,"","W",0,"9",0,"8","","8",".",""
"254170170","KLUKI","2012","11","29",12.4,"","W",0,"9",0,"8","","8",".",""
"254170170","KLUKI","2012","11","30",4.6,"","S",0,"9",0,"8","","8",".",""
"254170180","IZBICA","2012","11","01",.0,"","W",0,"9",0,"8","","8",".",""
"254170180","IZBICA","2012","11","02",.5,"","W",0,"9",0,"8","","8",".",""
"254170180","IZBICA","2012","11","03",8.2,"","W",0,"9",0,"8","","8",".",""
"254170180","IZBICA","2012","11","04",6.4,"","W",0,"9",0,"8","","8",".",""
"254170180","IZBICA","2012","11","05",11.7,"","W",0,"9",0,"8","","8",".",""
"254170180","IZBICA","2012","11","06",10.0,"","W",0,"9",0,"8","","8",".",""
"254170180","IZBICA","2012","11","07",5.0,"","W",0,"9",0,"8","","8",".",""
"254170180","IZBICA","2012","11","08",9.4,"","W",0,"9",0,"8","","8",".",""
"254170180","IZBICA","2012","11","09",2.1,"","W",0,"9",0,"8","","8",".",""
"254170180","IZBICA","2012","11","11",1.3,"","W",0,"9",0,"8","","8",".",""
"254170180","IZBICA","2012","11","12",12.3,"","W",0,"9",0,"8","","8",".",""
"254170180","IZBICA","2012","11","13",.2,"","W",0,"9",0,"8","","8",".",""
"254170180","IZBICA","2012","11","18",.7,"","W",0,"9",0,"8","","8",".",""
"254170180","IZBICA","2012","11","22",.7,"","W",0,"9",0,"8","","8",".",""
"254170180","IZBICA","2012","11","23",1.5,"","W",0,"9",0,"8","","8",".",""
"254170180","IZBICA","2012","11","24",.3,"","W",0,"9",0,"8","","8",".",""
"254170180","IZBICA","2012","11","25",1.1,"","W",0,"9",0,"8","","8",".",""
"254170180","IZBICA","2012","11","26",3.0,"","W",0,"9",0,"8","","8",".",""
"254170180","IZBICA","2012","11","27",.5,"","W",0,"9",0,"8","","8",".",""
"254170180","IZBICA","2012","11","28",3.2,"","W",0,"9",0,"8","","8",".",""
"254170180","IZBICA","2012","11","29",15.1,"","W",0,"9",0,"8","","8",".",""
"254170180","IZBICA","2012","11","30",3.2,"","W",0,"9",0,"8","","8",".",""
"254170190","S£UPSK","2012","11","01",.1,"","W",0,"9",0,"8","","8",".",""
"254170190","S£UPSK","2012","11","02",1.6,"","W",0,"9",0,"8","","8",".",""
"254170190","S£UPSK","2012","11","03",8.5,"","W",0,"9",0,"8","","8",".",""
"254170190","S£UPSK","2012","11","04",7.8,"","W",0,"9",0,"8","","8",".",""
"254170190","S£UPSK","2012","11","05",4.1,"","W",0,"9",0,"8","","8",".",""
"254170190","S£UPSK","2012","11","06",5.4,"","W",0,"9",0,"8","","8",".",""
"254170190","S£UPSK","2012","11","07",4.3,"","W",0,"9",0,"8","","8",".",""
"254170190","S£UPSK","2012","11","08",8.3,"","W",0,"9",0,"8","","8",".",""
"254170190","S£UPSK","2012","11","09",2.1,"","W",0,"9",0,"8","","8",".",""
"254170190","S£UPSK","2012","11","10",1.4,"","W",0,"9",0,"8","","8",".",""
"254170190","S£UPSK","2012","11","11",.1,"","W",0,"9",0,"8","","8",".",""
"254170190","S£UPSK","2012","11","12",.1,"","W",0,"9",0,"8","","8",".",""
"254170190","S£UPSK","2012","11","18",1.0,"","W",0,"9",0,"8","","8",".",""
"254170190","S£UPSK","2012","11","19",.1,"","W",0,"9",0,"8","","8",".",""
"254170190","S£UPSK","2012","11","22",.4,"","W",0,"9",0,"8","","8",".",""
"254170190","S£UPSK","2012","11","23",1.6,"","W",0,"9",0,"8","","8",".",""
"254170190","S£UPSK","2012","11","24",.7,"","W",0,"9",0,"8","","8",".",""
"254170190","S£UPSK","2012","11","25",.6,"","W",0,"9",0,"8","","8",".",""
"254170190","S£UPSK","2012","11","26",4.2,"","W",0,"9",0,"8","","8",".",""
"254170190","S£UPSK","2012","11","27",.1,"","W",0,"9",0,"8","","8",".",""
"254170190","S£UPSK","2012","11","28",4.0,"","W",0,"9",0,"8","","8",".",""
"254170190","S£UPSK","2012","11","29",13.8,"","W",0,"9",0,"8","","8",".",""
"254170190","S£UPSK","2012","11","30",7.7,"","S",0,"9",0,"8","","8",".",""
"254170220","NIESIO£OWICE-RZEPISKA","2012","11","01",2.2,"","W",0,"9",0,"9","","9",".",""
"254170220","NIESIO£OWICE-RZEPISKA","2012","11","02",2.1,"","W",0,"9",0,"9","","9",".",""
"254170220","NIESIO£OWICE-RZEPISKA","2012","11","03",8.3,"","W",0,"9",0,"9","","9",".",""
"254170220","NIESIO£OWICE-RZEPISKA","2012","11","04",3.8,"","W",0,"9",0,"9","","9",".",""
"254170220","NIESIO£OWICE-RZEPISKA","2012","11","05",7.5,"","W",0,"9",0,"9","","9",".",""
"254170220","NIESIO£OWICE-RZEPISKA","2012","11","06",2.2,"","W",0,"9",0,"9","","9",".",""
"254170220","NIESIO£OWICE-RZEPISKA","2012","11","07",14.5,"","W",0,"9",0,"9","","9",".",""
"254170220","NIESIO£OWICE-RZEPISKA","2012","11","08",2.2,"","W",0,"9",0,"9","","9",".",""
"254170220","NIESIO£OWICE-RZEPISKA","2012","11","09",.6,"","W",0,"9",0,"9","","9",".",""
"254170220","NIESIO£OWICE-RZEPISKA","2012","11","10",4.3,"","W",0,"9",0,"9","","9",".",""
"254170220","NIESIO£OWICE-RZEPISKA","2012","11","17",.5,"","W",0,"9",0,"9","","9",".",""
"254170220","NIESIO£OWICE-RZEPISKA","2012","11","21",.5,"","W",0,"9",0,"9","","9",".",""
"254170220","NIESIO£OWICE-RZEPISKA","2012","11","22",3.8,"","W",0,"9",0,"9","","9",".",""
"254170220","NIESIO£OWICE-RZEPISKA","2012","11","23",.2,"","W",0,"9",0,"9","","9",".",""
"254170220","NIESIO£OWICE-RZEPISKA","2012","11","24",.4,"","W",0,"9",0,"9","","9",".",""
"254170220","NIESIO£OWICE-RZEPISKA","2012","11","25",1.2,"","W",0,"9",0,"9","","9",".",""
"254170220","NIESIO£OWICE-RZEPISKA","2012","11","26",1.0,"","W",0,"9",0,"9","","9",".",""
"254170220","NIESIO£OWICE-RZEPISKA","2012","11","27",11.8,"","W",0,"9",0,"9","","9",".",""
"254170220","NIESIO£OWICE-RZEPISKA","2012","11","28",21.0,"","W",0,"9",0,"9","","9",".",""
"254170220","NIESIO£OWICE-RZEPISKA","2012","11","29",2.2,"","S",3,"",3,"","5","","*",""
"254170220","NIESIO£OWICE-RZEPISKA","2012","11","30",.0,"","S",2,"",0,"","5","","*prz",""
"254180020","WIERZCHUCINO","2012","11","03",7.0,"","W",0,"9",0,"9","","9",".",""
"254180020","WIERZCHUCINO","2012","11","05",20.2,"","W",0,"9",0,"9","","9",".",""
"254180020","WIERZCHUCINO","2012","11","06",9.5,"","W",0,"9",0,"9","","9",".",""
"254180020","WIERZCHUCINO","2012","11","07",9.1,"","W",0,"9",0,"9","","9",".",""
"254180020","WIERZCHUCINO","2012","11","09",1.5,"","W",0,"9",0,"9","","9",".",""
"254180020","WIERZCHUCINO","2012","11","11",2.4,"","W",0,"9",0,"9","","9",".",""
"254180020","WIERZCHUCINO","2012","11","12",1.5,"","W",0,"9",0,"9","","9",".",""
"254180020","WIERZCHUCINO","2012","11","18",.3,"","W",0,"9",0,"9","","9",".",""
"254180020","WIERZCHUCINO","2012","11","19",.1,"","W",0,"9",0,"9","","9",".",""
"254180020","WIERZCHUCINO","2012","11","23",.4,"","W",0,"9",0,"9","","9",".",""
"254180020","WIERZCHUCINO","2012","11","24",2.2,"","W",0,"9",0,"9","","9",".",""
"254180020","WIERZCHUCINO","2012","11","25",2.5,"","W",0,"9",0,"9","","9",".",""
"254180020","WIERZCHUCINO","2012","11","26",2.8,"","W",0,"9",0,"9","","9",".",""
"254180020","WIERZCHUCINO","2012","11","29",22.0,"","W",0,"9",0,"9","","9",".",""
"254180020","WIERZCHUCINO","2012","11","30",9.2,"","S",1,"",1,"","5","","*",""
"254180040","ØELISTRZEWO","2012","11","01",.3,"","W",0,"9",0,"8","","8",".",""
"254180040","ØELISTRZEWO","2012","11","02",.4,"","W",0,"9",0,"8","","8",".",""
"254180040","ØELISTRZEWO","2012","11","03",4.2,"","W",0,"9",0,"8","","8",".",""
"254180040","ØELISTRZEWO","2012","11","04",8.9,"","W",0,"9",0,"8","","8",".",""
"254180040","ØELISTRZEWO","2012","11","05",2.9,"","W",0,"9",0,"8","","8",".",""
"254180040","ØELISTRZEWO","2012","11","06",4.5,"","W",0,"9",0,"8","","8",".",""
"254180040","ØELISTRZEWO","2012","11","07",2.8,"","W",0,"9",0,"8","","8",".",""
"254180040","ØELISTRZEWO","2012","11","08",8.5,"","W",0,"9",0,"8","","8",".",""
"254180040","ØELISTRZEWO","2012","11","09",.6,"","W",0,"9",0,"8","","8",".",""
"254180040","ØELISTRZEWO","2012","11","10",3.9,"","W",0,"9",0,"8","","8",".",""
"254180040","ØELISTRZEWO","2012","11","11",4.8,"","W",0,"9",0,"8","","8",".",""
"254180040","ØELISTRZEWO","2012","11","23",4.5,"","W",0,"9",0,"8","","8",".",""
"254180040","ØELISTRZEWO","2012","11","25",1.3,"","W",0,"9",0,"8","","8",".",""
"254180040","ØELISTRZEWO","2012","11","26",1.6,"","W",0,"9",0,"8","","8",".",""
"254180040","ØELISTRZEWO","2012","11","28",9.5,"","W",0,"9",0,"8","","8",".",""
"254180040","ØELISTRZEWO","2012","11","29",22.1,"","W",0,"9",0,"8","","8",".",""
"254180040","ØELISTRZEWO","2012","11","30",1.5,"","W",0,"9",0,"8","","8",".",""
"254180050","WEJHEROWO","2012","11","03",5.9,"","W",0,"9",0,"8","","8",".",""
"254180050","WEJHEROWO","2012","11","04",6.4,"","W",0,"9",0,"8","","8",".",""
"254180050","WEJHEROWO","2012","11","05",3.2,"","W",0,"9",0,"8","","8",".",""
"254180050","WEJHEROWO","2012","11","06",4.9,"","W",0,"9",0,"8","","8",".",""
"254180050","WEJHEROWO","2012","11","07",4.2,"","W",0,"9",0,"8","","8",".",""
"254180050","WEJHEROWO","2012","11","08",15.5,"","W",0,"9",0,"8","","8",".",""
"254180050","WEJHEROWO","2012","11","09",2.5,"","W",0,"9",0,"8","","8",".",""
"254180050","WEJHEROWO","2012","11","10",.6,"","W",0,"9",0,"8","","8",".",""
"254180050","WEJHEROWO","2012","11","11",3.0,"","W",0,"9",0,"8","","8",".",""
"254180050","WEJHEROWO","2012","11","12",.6,"","W",0,"9",0,"8","","8",".",""
"254180050","WEJHEROWO","2012","11","23",2.7,"","W",0,"9",0,"8","","8",".",""
"254180050","WEJHEROWO","2012","11","24",.5,"","W",0,"9",0,"8","","8",".",""
"254180050","WEJHEROWO","2012","11","25",1.2,"","W",0,"9",0,"8","","8",".",""
"254180050","WEJHEROWO","2012","11","26",1.8,"","W",0,"9",0,"8","","8",".",""
"254180050","WEJHEROWO","2012","11","27",.1,"","W",0,"9",0,"8","","8",".",""
"254180050","WEJHEROWO","2012","11","28",9.6,"","W",0,"9",0,"8","","8",".",""
"254180050","WEJHEROWO","2012","11","29",32.2,"","W",0,"9",0,"8","","8",".",""
"254180050","WEJHEROWO","2012","11","30",3.6,"","S",0,"9",0,"8","","8",".",""
"254180070","T PCZ","2012","11","02",.8,"","W",0,"9",0,"8","","8",".",""
"254180070","T PCZ","2012","11","03",7.0,"","W",0,"9",0,"8","","8",".",""
"254180070","T PCZ","2012","11","04",7.1,"","W",0,"9",0,"8","","8",".",""
"254180070","T PCZ","2012","11","05",5.2,"","W",0,"9",0,"8","","8",".",""
"254180070","T PCZ","2012","11","06",4.2,"","W",0,"9",0,"8","","8",".",""
"254180070","T PCZ","2012","11","07",6.2,"","W",0,"9",0,"8","","8",".",""
"254180070","T PCZ","2012","11","08",12.2,"","W",0,"9",0,"8","","8",".",""
"254180070","T PCZ","2012","11","09",.8,"","W",0,"9",0,"8","","8",".",""
"254180070","T PCZ","2012","11","10",1.4,"","W",0,"9",0,"8","","8",".",""
"254180070","T PCZ","2012","11","11",3.1,"","W",0,"9",0,"8","","8",".",""
"254180070","T PCZ","2012","11","12",6.1,"","W",0,"9",0,"8","","8",".",""
"254180070","T PCZ","2012","11","13",.3,"","W",0,"9",0,"8","","8",".",""
"254180070","T PCZ","2012","11","18",.7,"","W",0,"9",0,"8","","8",".",""
"254180070","T PCZ","2012","11","23",2.2,"","W",0,"9",0,"8","","8",".",""
"254180070","T PCZ","2012","11","24",1.7,"","W",0,"9",0,"8","","8",".",""
"254180070","T PCZ","2012","11","25",1.5,"","W",0,"9",0,"8","","8",".",""
"254180070","T PCZ","2012","11","26",1.6,"","W",0,"9",0,"8","","8",".",""
"254180070","T PCZ","2012","11","27",.3,"","W",0,"9",0,"8","","8",".",""
"254180070","T PCZ","2012","11","28",9.4,"","W",0,"9",0,"8","","8",".",""
"254180070","T PCZ","2012","11","29",24.5,"","W",0,"9",0,"8","","8",".",""
"254180070","T PCZ","2012","11","30",3.0,"","S",0,"9",0,"8","","8",".",""
"254180080","R BISKA","2012","11","01",.2,"","W",0,"9",0,"9","","9",".",""
"254180080","R BISKA","2012","11","02",.9,"","W",0,"9",0,"9","","9",".",""
"254180080","R BISKA","2012","11","03",4.3,"","W",0,"9",0,"9","","9",".",""
"254180080","R BISKA","2012","11","04",8.7,"","W",0,"9",0,"9","","9",".",""
"254180080","R BISKA","2012","11","05",5.6,"","W",0,"9",0,"9","","9",".",""
"254180080","R BISKA","2012","11","06",2.8,"","W",0,"9",0,"9","","9",".",""
"254180080","R BISKA","2012","11","07",4.0,"","W",0,"9",0,"9","","9",".",""
"254180080","R BISKA","2012","11","08",9.3,"","W",0,"9",0,"9","","9",".",""
"254180080","R BISKA","2012","11","09",.3,"","W",0,"9",0,"9","","9",".",""
"254180080","R BISKA","2012","11","11",4.3,"","W",0,"9",0,"9","","9",".",""
"254180080","R BISKA","2012","11","12",3.2,"","W",0,"9",0,"9","","9",".",""
"254180080","R BISKA","2012","11","13",.6,"","W",0,"9",0,"9","","9",".",""
"254180080","R BISKA","2012","11","14",.2,"","W",0,"9",0,"9","","9",".",""
"254180080","R BISKA","2012","11","16",.1,"","W",0,"9",0,"9","","9",".",""
"254180080","R BISKA","2012","11","18",.5,"","W",0,"9",0,"9","","9",".",""
"254180080","R BISKA","2012","11","20",.2,"","W",0,"9",0,"9","","9",".",""
"254180080","R BISKA","2012","11","21",.1,"","W",0,"9",0,"9","","9",".",""
"254180080","R BISKA","2012","11","22",.3,"","W",0,"9",0,"9","","9",".",""
"254180080","R BISKA","2012","11","23",2.6,"","W",0,"9",0,"9","","9",".",""
"254180080","R BISKA","2012","11","24",.7,"","W",0,"9",0,"9","","9",".",""
"254180080","R BISKA","2012","11","25",.9,"","W",0,"9",0,"9","","9",".",""
"254180080","R BISKA","2012","11","26",1.2,"","W",0,"9",0,"9","","9",".",""
"254180080","R BISKA","2012","11","27",.2,"","W",0,"9",0,"9","","9",".",""
"254180080","R BISKA","2012","11","28",12.4,"","W",0,"9",0,"9","","9",".",""
"254180080","R BISKA","2012","11","29",32.8,"","W",0,"9",0,"9","","9",".",""
"254180080","R BISKA","2012","11","30",1.9,"","S",0,"9",0,"9","","9","sl",""
"254180120","B•KOWO","2012","11","01",1.6,"","W",0,"9",0,"8","","8",".",""
"254180120","B•KOWO","2012","11","02",.5,"","W",0,"9",0,"8","","8",".",""
"254180120","B•KOWO","2012","11","03",2.1,"","W",0,"9",0,"8","","8",".",""
"254180120","B•KOWO","2012","11","04",9.2,"","W",0,"9",0,"8","","8",".",""
"254180120","B•KOWO","2012","11","05",2.3,"","W",0,"9",0,"8","","8",".",""
"254180120","B•KOWO","2012","11","06",2.2,"","W",0,"9",0,"8","","8",".",""
"254180120","B•KOWO","2012","11","07",.9,"","W",0,"9",0,"8","","8",".",""
"254180120","B•KOWO","2012","11","08",2.9,"","W",0,"9",0,"8","","8",".",""
"254180120","B•KOWO","2012","11","09",1.9,"","W",0,"9",0,"8","","8",".",""
"254180120","B•KOWO","2012","11","11",6.4,"","W",0,"9",0,"8","","8",".",""
"254180120","B•KOWO","2012","11","13",.2,"","W",0,"9",0,"8","","8",".",""
"254180120","B•KOWO","2012","11","23",2.2,"","W",0,"9",0,"8","","8",".",""
"254180120","B•KOWO","2012","11","24",.1,"","W",0,"9",0,"8","","8",".",""
"254180120","B•KOWO","2012","11","25",.6,"","W",0,"9",0,"8","","8",".",""
"254180120","B•KOWO","2012","11","26",.8,"","W",0,"9",0,"8","","8",".",""
"254180120","B•KOWO","2012","11","28",15.3,"","W",0,"9",0,"8","","8",".",""
"254180120","B•KOWO","2012","11","29",27.1,"","W",0,"9",0,"8","","8",".",""
"254180120","B•KOWO","2012","11","30",.4,"","S",0,"9",0,"8","","8",".",""
"254180130","GOR CZYNO","2012","11","01",.6,"","W",0,"9",0,"8","","8",".",""
"254180130","GOR CZYNO","2012","11","02",.8,"","W",0,"9",0,"8","","8",".",""
"254180130","GOR CZYNO","2012","11","03",3.2,"","W",0,"9",0,"8","","8",".",""
"254180130","GOR CZYNO","2012","11","04",8.3,"","W",0,"9",0,"8","","8",".",""
"254180130","GOR CZYNO","2012","11","05",2.6,"","W",0,"9",0,"8","","8",".",""
"254180130","GOR CZYNO","2012","11","06",6.1,"","W",0,"9",0,"8","","8",".",""
"254180130","GOR CZYNO","2012","11","07",1.2,"","W",0,"9",0,"8","","8",".",""
"254180130","GOR CZYNO","2012","11","08",8.4,"","W",0,"9",0,"8","","8",".",""
"254180130","GOR CZYNO","2012","11","09",1.2,"","W",0,"9",0,"8","","8",".",""
"254180130","GOR CZYNO","2012","11","11",4.5,"","W",0,"9",0,"8","","8",".",""
"254180130","GOR CZYNO","2012","11","12",.4,"","W",0,"9",0,"8","","8",".",""
"254180130","GOR CZYNO","2012","11","18",.8,"","W",0,"9",0,"8","","8",".",""
"254180130","GOR CZYNO","2012","11","22",.5,"","W",0,"9",0,"8","","8",".",""
"254180130","GOR CZYNO","2012","11","23",2.4,"","W",0,"9",0,"8","","8",".",""
"254180130","GOR CZYNO","2012","11","24",.6,"","W",0,"9",0,"8","","8",".",""
"254180130","GOR CZYNO","2012","11","25",1.1,"","W",0,"9",0,"8","","8",".",""
"254180130","GOR CZYNO","2012","11","26",.7,"","W",0,"9",0,"8","","8",".",""
"254180130","GOR CZYNO","2012","11","28",15.2,"","W",0,"9",0,"8","","8",".",""
"254180130","GOR CZYNO","2012","11","29",23.5,"","W",0,"9",0,"8","","8",".",""
"254180130","GOR CZYNO","2012","11","30",1.8,"","S",0,"9",0,"8","","8",".",""
"254180150","TR•BKI WIELKIE","2012","11","01",2.4,"","W",0,"9",0,"8","","8",".",""
"254180150","TR•BKI WIELKIE","2012","11","03",2.2,"","W",0,"9",0,"8","","8",".",""
"254180150","TR•BKI WIELKIE","2012","11","04",10.1,"","W",0,"9",0,"8","","8",".",""
"254180150","TR•BKI WIELKIE","2012","11","05",1.4,"","W",0,"9",0,"8","","8",".",""
"254180150","TR•BKI WIELKIE","2012","11","06",1.4,"","W",0,"9",0,"8","","8",".",""
"254180150","TR•BKI WIELKIE","2012","11","07",.2,"","W",0,"9",0,"8","","8",".",""
"254180150","TR•BKI WIELKIE","2012","11","08",2.8,"","W",0,"9",0,"8","","8",".",""
"254180150","TR•BKI WIELKIE","2012","11","09",.4,"","W",0,"9",0,"8","","8",".",""
"254180150","TR•BKI WIELKIE","2012","11","11",5.9,"","W",0,"9",0,"8","","8",".",""
"254180150","TR•BKI WIELKIE","2012","11","12",.4,"","W",0,"9",0,"8","","8",".",""
"254180150","TR•BKI WIELKIE","2012","11","18",.2,"","W",0,"9",0,"8","","8",".",""
"254180150","TR•BKI WIELKIE","2012","11","23",3.0,"","W",0,"9",0,"8","","8",".",""
"254180150","TR•BKI WIELKIE","2012","11","25",1.8,"","W",0,"9",0,"8","","8",".",""
"254180150","TR•BKI WIELKIE","2012","11","26",.9,"","W",0,"9",0,"8","","8",".",""
"254180150","TR•BKI WIELKIE","2012","11","27",.1,"","W",0,"9",0,"8","","8",".",""
"254180150","TR•BKI WIELKIE","2012","11","28",15.1,"","W",0,"9",0,"8","","8",".",""
"254180150","TR•BKI WIELKIE","2012","11","29",25.4,"","W",0,"9",0,"8","","8",".",""
"254180160","LUBA—","2012","11","02",2.2,"","W",0,"9",0,"8","","8",".",""
"254180160","LUBA—","2012","11","03",1.9,"","W",0,"9",0,"8","","8",".",""
"254180160","LUBA—","2012","11","04",10.0,"","W",0,"9",0,"8","","8",".",""
"254180160","LUBA—","2012","11","05",3.0,"","W",0,"9",0,"8","","8",".",""
"254180160","LUBA—","2012","11","06",4.0,"","W",0,"9",0,"8","","8",".",""
"254180160","LUBA—","2012","11","07",.6,"","W",0,"9",0,"8","","8",".",""
"254180160","LUBA—","2012","11","08",9.1,"","W",0,"9",0,"8","","8",".",""
"254180160","LUBA—","2012","11","09",1.1,"","W",0,"9",0,"8","","8",".",""
"254180160","LUBA—","2012","11","11",5.3,"","W",0,"9",0,"8","","8",".",""
"254180160","LUBA—","2012","11","18",.4,"","W",0,"9",0,"8","","8",".",""
"254180160","LUBA—","2012","11","19",.1,"","W",0,"9",0,"8","","8",".",""
"254180160","LUBA—","2012","11","20",.1,"","W",0,"9",0,"8","","8",".",""
"254180160","LUBA—","2012","11","22",.3,"","W",0,"9",0,"8","","8",".",""
"254180160","LUBA—","2012","11","23",4.0,"","W",0,"9",0,"8","","8",".",""
"254180160","LUBA—","2012","11","24",.2,"","W",0,"9",0,"8","","8",".",""
"254180160","LUBA—","2012","11","25",1.0,"","W",0,"9",0,"8","","8",".",""
"254180160","LUBA—","2012","11","26",.7,"","W",0,"9",0,"8","","8",".",""
"254180160","LUBA—","2012","11","27",.1,"","W",0,"9",0,"8","","8",".",""
"254180160","LUBA—","2012","11","28",13.5,"","W",0,"9",0,"8","","8",".",""
"254180160","LUBA—","2012","11","29",18.5,"","W",0,"9",0,"8","","8",".",""
"254180160","LUBA—","2012","11","30",2.1,"","S",0,"9",0,"8","","8",".",""
"254190020","NOWA PAS£ KA","2012","11","01",1.9,"","W",0,"9",0,"8","","8",".",""
"254190020","NOWA PAS£ KA","2012","11","02",.1,"","W",0,"9",0,"8","","8",".",""
"254190020","NOWA PAS£ KA","2012","11","03",3.6,"","W",0,"9",0,"8","","8",".",""
"254190020","NOWA PAS£ KA","2012","11","04",9.1,"","W",0,"9",0,"8","","8",".",""
"254190020","NOWA PAS£ KA","2012","11","05",4.4,"","W",0,"9",0,"8","","8",".",""
"254190020","NOWA PAS£ KA","2012","11","06",7.3,"","W",0,"9",0,"8","","8",".",""
"254190020","NOWA PAS£ KA","2012","11","07",5.1,"","W",0,"9",0,"8","","8",".",""
"254190020","NOWA PAS£ KA","2012","11","08",5.8,"","W",0,"9",0,"8","","8",".",""
"254190020","NOWA PAS£ KA","2012","11","09",14.6,"","W",0,"9",0,"8","","8",".",""
"254190020","NOWA PAS£ KA","2012","11","11",6.3,"","W",0,"9",0,"8","","8",".",""
"254190020","NOWA PAS£ KA","2012","11","12",.1,"","W",0,"9",0,"8","","8",".",""
"254190020","NOWA PAS£ KA","2012","11","13",.9,"","W",0,"9",0,"8","","8",".",""
"254190020","NOWA PAS£ KA","2012","11","22",.1,"","W",0,"9",0,"8","","8",".",""
"254190020","NOWA PAS£ KA","2012","11","24",4.0,"","W",0,"9",0,"8","","8",".",""
"254190020","NOWA PAS£ KA","2012","11","25",1.3,"","W",0,"9",0,"8","","8",".",""
"254190020","NOWA PAS£ KA","2012","11","26",.9,"","W",0,"9",0,"8","","8",".",""
"254190020","NOWA PAS£ KA","2012","11","27",.1,"","W",0,"9",0,"8","","8",".",""
"254190020","NOWA PAS£ KA","2012","11","28",13.3,"","W",0,"9",0,"8","","8",".",""
"254190020","NOWA PAS£ KA","2012","11","29",13.5,"","W",0,"9",0,"8","","8",".",""
"254190020","NOWA PAS£ KA","2012","11","30",.9,"","W",0,"9",0,"8","","8",".",""
"254190030","KRYNICA MORSKA","2012","11","01",.2,"","W",0,"9",0,"8","","8",".",""
"254190030","KRYNICA MORSKA","2012","11","04",.3,"","W",0,"9",0,"8","","8",".",""
"254190030","KRYNICA MORSKA","2012","11","05",1.2,"","W",0,"9",0,"8","","8",".",""
"254190030","KRYNICA MORSKA","2012","11","06",9.1,"","W",0,"9",0,"8","","8",".",""
"254190030","KRYNICA MORSKA","2012","11","07",1.3,"","W",0,"9",0,"8","","8",".",""
"254190030","KRYNICA MORSKA","2012","11","08",.8,"","W",0,"9",0,"8","","8",".",""
"254190030","KRYNICA MORSKA","2012","11","10",8.2,"","W",0,"9",0,"8","","8",".",""
"254190030","KRYNICA MORSKA","2012","11","11",4.6,"","W",0,"9",0,"8","","8",".",""
"254190030","KRYNICA MORSKA","2012","11","14",.2,"","W",0,"9",0,"8","","8",".",""
"254190030","KRYNICA MORSKA","2012","11","24",1.5,"","W",0,"9",0,"8","","8",".",""
"254190030","KRYNICA MORSKA","2012","11","25",1.8,"","W",0,"9",0,"8","","8",".",""
"254190030","KRYNICA MORSKA","2012","11","26",1.2,"","W",0,"9",0,"8","","8",".",""
"254190030","KRYNICA MORSKA","2012","11","28",11.1,"","W",0,"9",0,"8","","8",".",""
"254190030","KRYNICA MORSKA","2012","11","29",14.2,"","W",0,"9",0,"8","","8",".",""
"254190030","KRYNICA MORSKA","2012","11","30",12.3,"","W",0,"9",0,"8","","8",".",""
"254190040","BRANIEWO","2012","11","01",1.7,"","W",0,"9",0,"8","","8",".",""
"254190040","BRANIEWO","2012","11","02",.8,"","W",0,"9",0,"8","","8",".",""
"254190040","BRANIEWO","2012","11","03",4.0,"","W",0,"9",0,"8","","8",".",""
"254190040","BRANIEWO","2012","11","04",9.0,"","W",0,"9",0,"8","","8",".",""
"254190040","BRANIEWO","2012","11","05",6.2,"","W",0,"9",0,"8","","8",".",""
"254190040","BRANIEWO","2012","11","06",7.0,"","W",0,"9",0,"8","","8",".",""
"254190040","BRANIEWO","2012","11","07",4.1,"","W",0,"9",0,"8","","8",".",""
"254190040","BRANIEWO","2012","11","08",10.2,"","W",0,"9",0,"8","","8",".",""
"254190040","BRANIEWO","2012","11","09",8.8,"","W",0,"9",0,"8","","8",".",""
"254190040","BRANIEWO","2012","11","11",5.0,"","W",0,"9",0,"8","","8",".",""
"254190040","BRANIEWO","2012","11","12",.7,"","W",0,"9",0,"8","","8",".",""
"254190040","BRANIEWO","2012","11","18",.0,"","W",0,"9",0,"8","","8",".",""
"254190040","BRANIEWO","2012","11","19",.0,"","W",0,"9",0,"8","","8",".",""
"254190040","BRANIEWO","2012","11","22",.0,"","W",0,"9",0,"8","","8",".",""
"254190040","BRANIEWO","2012","11","23",.6,"","W",0,"9",0,"8","","8",".",""
"254190040","BRANIEWO","2012","11","24",3.0,"","W",0,"9",0,"8","","8",".",""
"254190040","BRANIEWO","2012","11","25",1.0,"","W",0,"9",0,"8","","8",".",""
"254190040","BRANIEWO","2012","11","26",.7,"","W",0,"9",0,"8","","8",".",""
"254190040","BRANIEWO","2012","11","28",15.0,"","W",0,"9",0,"8","","8",".",""
"254190040","BRANIEWO","2012","11","29",13.8,"","W",0,"9",0,"8","","8",".",""
"254190040","BRANIEWO","2012","11","30",1.0,"","W",0,"9",0,"8","","8",".",""
"254190060","STEGNA","2012","11","01",1.0,"","W",0,"9",0,"8","","8",".",""
"254190060","STEGNA","2012","11","03",8.2,"","W",0,"9",0,"8","","8",".",""
"254190060","STEGNA","2012","11","04",3.1,"","W",0,"9",0,"8","","8",".",""
"254190060","STEGNA","2012","11","05",12.0,"","W",0,"9",0,"8","","8",".",""
"254190060","STEGNA","2012","11","06",7.0,"","W",0,"9",0,"8","","8",".",""
"254190060","STEGNA","2012","11","07",6.8,"","W",0,"9",0,"8","","8",".",""
"254190060","STEGNA","2012","11","08",4.9,"","W",0,"9",0,"8","","8",".",""
"254190060","STEGNA","2012","11","09",.9,"","W",0,"9",0,"8","","8",".",""
"254190060","STEGNA","2012","11","11",8.2,"","W",0,"9",0,"8","","8",".",""
"254190060","STEGNA","2012","11","19",1.1,"","W",0,"9",0,"8","","8",".",""
"254190060","STEGNA","2012","11","25",4.6,"","W",0,"9",0,"8","","8",".",""
"254190060","STEGNA","2012","11","27",.6,"","W",0,"9",0,"8","","8",".",""
"254190060","STEGNA","2012","11","28",15.0,"","W",0,"9",0,"8","","8",".",""
"254190060","STEGNA","2012","11","29",19.5,"","W",0,"9",0,"8","","8",".",""
"254190060","STEGNA","2012","11","30",9.8,"","W",0,"9",0,"8","","8",".",""
"254190070","TOLKMICKO","2012","11","01",1.8,"","W",0,"9",0,"8","","8",".",""
"254190070","TOLKMICKO","2012","11","03",3.6,"","W",0,"9",0,"8","","8",".",""
"254190070","TOLKMICKO","2012","11","04",7.8,"","W",0,"9",0,"8","","8",".",""
"254190070","TOLKMICKO","2012","11","05",6.2,"","W",0,"9",0,"8","","8",".",""
"254190070","TOLKMICKO","2012","11","06",3.7,"","W",0,"9",0,"8","","8",".",""
"254190070","TOLKMICKO","2012","11","07",1.5,"","W",0,"9",0,"8","","8",".",""
"254190070","TOLKMICKO","2012","11","08",3.3,"","W",0,"9",0,"8","","8",".",""
"254190070","TOLKMICKO","2012","11","09",1.0,"","W",0,"9",0,"8","","8",".",""
"254190070","TOLKMICKO","2012","11","12",5.3,"","W",0,"9",0,"8","","8",".",""
"254190070","TOLKMICKO","2012","11","18",.0,"","W",0,"9",0,"8","","8",".",""
"254190070","TOLKMICKO","2012","11","22",.3,"","W",0,"9",0,"8","","8",".",""
"254190070","TOLKMICKO","2012","11","24",.7,"","W",0,"9",0,"8","","8",".",""
"254190070","TOLKMICKO","2012","11","25",1.8,"","W",0,"9",0,"8","","8",".",""
"254190070","TOLKMICKO","2012","11","26",.4,"","W",0,"9",0,"8","","8",".",""
"254190070","TOLKMICKO","2012","11","27",.0,"","W",0,"9",0,"8","","8",".",""
"254190070","TOLKMICKO","2012","11","28",11.0,"","W",0,"9",0,"8","","8",".",""
"254190070","TOLKMICKO","2012","11","29",9.0,"","W",0,"9",0,"8","","8",".",""
"254190070","TOLKMICKO","2012","11","30",2.0,"","W",0,"9",0,"8","","8",".",""
"254190090","KUROWO BRANIEWSKIE","2012","11","01",1.5,"","W",0,"9",0,"8","","8",".",""
"254190090","KUROWO BRANIEWSKIE","2012","11","03",3.8,"","W",0,"9",0,"8","","8",".",""
"254190090","KUROWO BRANIEWSKIE","2012","11","04",10.6,"","W",0,"9",0,"8","","8",".",""
"254190090","KUROWO BRANIEWSKIE","2012","11","05",2.4,"","W",0,"9",0,"8","","8",".",""
"254190090","KUROWO BRANIEWSKIE","2012","11","06",15.3,"","W",0,"9",0,"8","","8",".",""
"254190090","KUROWO BRANIEWSKIE","2012","11","07",2.2,"","W",0,"9",0,"8","","8",".",""
"254190090","KUROWO BRANIEWSKIE","2012","11","08",5.5,"","W",0,"9",0,"8","","8",".",""
"254190090","KUROWO BRANIEWSKIE","2012","11","09",5.0,"","W",0,"9",0,"8","","8",".",""
"254190090","KUROWO BRANIEWSKIE","2012","11","11",4.1,"","W",0,"9",0,"8","","8",".",""
"254190090","KUROWO BRANIEWSKIE","2012","11","24",3.0,"","W",0,"9",0,"8","","8",".",""
"254190090","KUROWO BRANIEWSKIE","2012","11","25",.7,"","W",0,"9",0,"8","","8",".",""
"254190090","KUROWO BRANIEWSKIE","2012","11","26",.9,"","W",0,"9",0,"8","","8",".",""
"254190090","KUROWO BRANIEWSKIE","2012","11","27",.3,"","W",0,"9",0,"8","","8",".",""
"254190090","KUROWO BRANIEWSKIE","2012","11","28",12.8,"","W",0,"9",0,"8","","8",".",""
"254190090","KUROWO BRANIEWSKIE","2012","11","29",18.4,"","W",0,"9",0,"8","","8",".",""
"254190090","KUROWO BRANIEWSKIE","2012","11","30",5.0,"","S",0,"9",0,"8","","8",".",""
"254190110","D£UGOB”R","2012","11","01",4.2,"","W",0,"9",0,"8","","8",".",""
"254190110","D£UGOB”R","2012","11","03",3.6,"","W",0,"9",0,"8","","8",".",""
"254190110","D£UGOB”R","2012","11","04",8.9,"","W",0,"9",0,"8","","8",".",""
"254190110","D£UGOB”R","2012","11","05",6.7,"","W",0,"9",0,"8","","8",".",""
"254190110","D£UGOB”R","2012","11","06",9.5,"","W",0,"9",0,"8","","8",".",""
"254190110","D£UGOB”R","2012","11","07",3.5,"","W",0,"9",0,"8","","8",".",""
"254190110","D£UGOB”R","2012","11","08",5.8,"","W",0,"9",0,"8","","8",".",""
"254190110","D£UGOB”R","2012","11","09",1.6,"","W",0,"9",0,"8","","8",".",""
"254190110","D£UGOB”R","2012","11","11",4.9,"","W",0,"9",0,"8","","8",".",""
"254190110","D£UGOB”R","2012","11","24",4.1,"","W",0,"9",0,"8","","8",".",""
"254190110","D£UGOB”R","2012","11","25",.9,"","W",0,"9",0,"8","","8",".",""
"254190110","D£UGOB”R","2012","11","26",.9,"","W",0,"9",0,"8","","8",".",""
"254190110","D£UGOB”R","2012","11","27",1.0,"","W",0,"9",0,"8","","8",".",""
"254190110","D£UGOB”R","2012","11","28",11.7,"","W",0,"9",0,"8","","8",".",""
"254190110","D£UGOB”R","2012","11","29",15.9,"","W",0,"9",0,"8","","8",".",""
"254190110","D£UGOB”R","2012","11","30",3.4,"","S",0,"9",0,"8","","8",".",""
"254190130","NOWY STAW","2012","11","02",1.3,"","W",0,"9",0,"8","","8",".",""
"254190130","NOWY STAW","2012","11","03",2.3,"","W",0,"9",0,"8","","8",".",""
"254190130","NOWY STAW","2012","11","04",7.1,"","W",0,"9",0,"8","","8",".",""
"254190130","NOWY STAW","2012","11","05",3.5,"","W",0,"9",0,"8","","8",".",""
"254190130","NOWY STAW","2012","11","06",.1,"","W",0,"9",0,"8","","8",".",""
"254190130","NOWY STAW","2012","11","07",.1,"","W",0,"9",0,"8","","8",".",""
"254190130","NOWY STAW","2012","11","08",.2,"","W",0,"9",0,"8","","8",".",""
"254190130","NOWY STAW","2012","11","09",1.0,"","W",0,"9",0,"8","","8",".",""
"254190130","NOWY STAW","2012","11","11",7.0,"","W",0,"9",0,"8","","8",".",""
"254190130","NOWY STAW","2012","11","23",.0,"","W",0,"9",0,"8","","8",".",""
"254190130","NOWY STAW","2012","11","24",2.0,"","W",0,"9",0,"8","","8",".",""
"254190130","NOWY STAW","2012","11","25",1.2,"","W",0,"9",0,"8","","8",".",""
"254190130","NOWY STAW","2012","11","26",.2,"","W",0,"9",0,"8","","8",".",""
"254190130","NOWY STAW","2012","11","27",1.2,"","W",0,"9",0,"8","","8",".",""
"254190130","NOWY STAW","2012","11","28",13.8,"","W",0,"9",0,"8","","8",".",""
"254190130","NOWY STAW","2012","11","29",19.3,"","W",0,"9",0,"8","","8",".",""
"254190130","NOWY STAW","2012","11","30",1.5,"","S",0,"9",0,"8","","8",".",""
"254190140","SZOPY","2012","11","01",1.3,"","W",0,"9",0,"8","","8",".",""
"254190140","SZOPY","2012","11","02",4.5,"","W",0,"9",0,"8","","8",".",""
"254190140","SZOPY","2012","11","03",7.6,"","W",0,"9",0,"8","","8",".",""
"254190140","SZOPY","2012","11","04",.8,"","W",0,"9",0,"8","","8",".",""
"254190140","SZOPY","2012","11","05",3.7,"","W",0,"9",0,"8","","8",".",""
"254190140","SZOPY","2012","11","06",.9,"","W",0,"9",0,"8","","8",".",""
"254190140","SZOPY","2012","11","07",2.7,"","W",0,"9",0,"8","","8",".",""
"254190140","SZOPY","2012","11","08",4.1,"","W",0,"9",0,"8","","8",".",""
"254190140","SZOPY","2012","11","09",.9,"","W",0,"9",0,"8","","8",".",""
"254190140","SZOPY","2012","11","11",1.1,"","W",0,"9",0,"8","","8",".",""
"254190140","SZOPY","2012","11","12",2.9,"","W",0,"9",0,"8","","8",".",""
"254190140","SZOPY","2012","11","21",1.3,"","W",0,"9",0,"8","","8",".",""
"254190140","SZOPY","2012","11","23",.8,"","W",0,"9",0,"8","","8",".",""
"254190140","SZOPY","2012","11","24",.4,"","W",0,"9",0,"8","","8",".",""
"254190140","SZOPY","2012","11","25",2.3,"","W",0,"9",0,"8","","8",".",""
"254190140","SZOPY","2012","11","26",.4,"","W",0,"9",0,"8","","8",".",""
"254190140","SZOPY","2012","11","27",1.0,"","W",0,"9",0,"8","","8",".",""
"254190140","SZOPY","2012","11","28",9.1,"","W",0,"9",0,"8","","8",".",""
"254190140","SZOPY","2012","11","29",21.3,"","W",0,"9",0,"8","","8",".",""
"254190140","SZOPY","2012","11","30",11.4,"","W",0,"9",0,"8","","8",".",""
"254190150","S£OBITY","2012","11","01",2.0,"","W",0,"9",0,"8","","8",".",""
"254190150","S£OBITY","2012","11","02",1.1,"","W",0,"9",0,"8","","8",".",""
"254190150","S£OBITY","2012","11","03",3.4,"","W",0,"9",0,"8","","8",".",""
"254190150","S£OBITY","2012","11","04",12.6,"","W",0,"9",0,"8","","8",".",""
"254190150","S£OBITY","2012","11","05",2.0,"","W",0,"9",0,"8","","8",".",""
"254190150","S£OBITY","2012","11","06",11.5,"","W",0,"9",0,"8","","8",".",""
"254190150","S£OBITY","2012","11","07",3.5,"","W",0,"9",0,"8","","8",".",""
"254190150","S£OBITY","2012","11","08",5.9,"","W",0,"9",0,"8","","8",".",""
"254190150","S£OBITY","2012","11","09",.4,"","W",0,"9",0,"8","","8",".",""
"254190150","S£OBITY","2012","11","11",3.5,"","W",0,"9",0,"8","","8",".",""
"254190150","S£OBITY","2012","11","18",.3,"","W",0,"9",0,"8","","8",".",""
"254190150","S£OBITY","2012","11","19",.1,"","W",0,"9",0,"8","","8",".",""
"254190150","S£OBITY","2012","11","24",2.1,"","W",0,"9",0,"8","","8",".",""
"254190150","S£OBITY","2012","11","25",2.6,"","W",0,"9",0,"8","","8",".",""
"254190150","S£OBITY","2012","11","28",12.1,"","W",0,"9",0,"8","","8",".",""
"254190150","S£OBITY","2012","11","29",16.1,"","W",0,"9",0,"8","","8",".",""
"254190150","S£OBITY","2012","11","30",2.0,"","S",0,"9",0,"8","","8",".",""
"254190160","PAS£ K","2012","11","02",.1,"","W",0,"9",0,"8","","8",".",""
"254190160","PAS£ K","2012","11","03",2.5,"","W",0,"9",0,"8","","8",".",""
"254190160","PAS£ K","2012","11","04",12.4,"","W",0,"9",0,"8","","8",".",""
"254190160","PAS£ K","2012","11","05",1.8,"","W",0,"9",0,"8","","8",".",""
"254190160","PAS£ K","2012","11","06",4.6,"","W",0,"9",0,"8","","8",".",""
"254190160","PAS£ K","2012","11","07",.8,"","W",0,"9",0,"8","","8",".",""
"254190160","PAS£ K","2012","11","08",3.1,"","W",0,"9",0,"8","","8",".",""
"254190160","PAS£ K","2012","11","09",.9,"","W",0,"9",0,"8","","8",".",""
"254190160","PAS£ K","2012","11","11",3.3,"","W",0,"9",0,"8","","8",".",""
"254190160","PAS£ K","2012","11","18",.0,"","W",0,"9",0,"8","","8",".",""
"254190160","PAS£ K","2012","11","22",.1,"","W",0,"9",0,"8","","8",".",""
"254190160","PAS£ K","2012","11","24",1.6,"","W",0,"9",0,"8","","8",".",""
"254190160","PAS£ K","2012","11","25",.3,"","W",0,"9",0,"8","","8",".",""
"254190160","PAS£ K","2012","11","26",1.1,"","W",0,"9",0,"8","","8",".",""
"254190160","PAS£ K","2012","11","27",.4,"","W",0,"9",0,"8","","8",".",""
"254190160","PAS£ K","2012","11","28",9.9,"","W",0,"9",0,"8","","8",".",""
"254190160","PAS£ K","2012","11","29",18.0,"","W",0,"9",0,"8","","8",".",""
"254190160","PAS£ K","2012","11","30",1.2,"","W",0,"9",0,"8","","8",".",""
"254190170","ZWIERZNO","2012","11","02",2.6,"","W",0,"9",0,"8","","8",".",""
"254190170","ZWIERZNO","2012","11","03",.1,"","W",0,"9",0,"8","","8",".",""
"254190170","ZWIERZNO","2012","11","04",1.8,"","W",0,"9",0,"8","","8",".",""
"254190170","ZWIERZNO","2012","11","05",11.9,"","W",0,"9",0,"8","","8",".",""
"254190170","ZWIERZNO","2012","11","06",2.0,"","W",0,"9",0,"8","","8",".",""
"254190170","ZWIERZNO","2012","11","07",.4,"","W",0,"9",0,"8","","8",".",""
"254190170","ZWIERZNO","2012","11","09",2.8,"","W",0,"9",0,"8","","8",".",""
"254190170","ZWIERZNO","2012","11","12",3.5,"","W",0,"9",0,"8","","8",".",""
"254190170","ZWIERZNO","2012","11","24",.2,"","W",0,"9",0,"8","","8",".",""
"254190170","ZWIERZNO","2012","11","25",.3,"","W",0,"9",0,"8","","8",".",""
"254190170","ZWIERZNO","2012","11","26",1.9,"","W",0,"9",0,"8","","8",".",""
"254190170","ZWIERZNO","2012","11","27",.1,"","W",0,"9",0,"8","","8",".",""
"254190170","ZWIERZNO","2012","11","28",2.2,"","W",0,"9",0,"8","","8",".",""
"254190170","ZWIERZNO","2012","11","29",11.2,"","W",0,"9",0,"8","","8",".",""
"254190170","ZWIERZNO","2012","11","30",18.7,"","W",0,"9",0,"8","","8",".",""
"254200010","LELKOWO","2012","11","01",4.1,"","W",0,"9",0,"8","","8",".",""
"254200010","LELKOWO","2012","11","03",3.1,"","W",0,"9",0,"8","","8",".",""
"254200010","LELKOWO","2012","11","04",10.9,"","W",0,"9",0,"8","","8",".",""
"254200010","LELKOWO","2012","11","05",6.1,"","W",0,"9",0,"8","","8",".",""
"254200010","LELKOWO","2012","11","06",9.9,"","W",0,"9",0,"8","","8",".",""
"254200010","LELKOWO","2012","11","07",7.6,"","W",0,"9",0,"8","","8",".",""
"254200010","LELKOWO","2012","11","08",7.0,"","W",0,"9",0,"8","","8",".",""
"254200010","LELKOWO","2012","11","09",3.6,"","W",0,"9",0,"8","","8",".",""
"254200010","LELKOWO","2012","11","11",5.1,"","W",0,"9",0,"8","","8",".",""
"254200010","LELKOWO","2012","11","18",.1,"","W",0,"9",0,"8","","8",".",""
"254200010","LELKOWO","2012","11","22",.3,"","W",0,"9",0,"8","","8",".",""
"254200010","LELKOWO","2012","11","24",3.4,"","W",0,"9",0,"8","","8",".",""
"254200010","LELKOWO","2012","11","25",1.0,"","W",0,"9",0,"8","","8",".",""
"254200010","LELKOWO","2012","11","26",1.2,"","W",0,"9",0,"8","","8",".",""
"254200010","LELKOWO","2012","11","28",12.0,"","W",0,"9",0,"8","","8",".",""
"254200010","LELKOWO","2012","11","29",12.2,"","W",0,"9",0,"8","","8",".",""
"254200010","LELKOWO","2012","11","30",3.1,"","S",0,"9",0,"8","","8",".",""
"254200020","JUDYTY","2012","11","01",1.1,"","W",0,"9",0,"8","","8",".",""
"254200020","JUDYTY","2012","11","03",2.4,"","W",0,"9",0,"8","","8",".",""
"254200020","JUDYTY","2012","11","04",9.5,"","W",0,"9",0,"8","","8",".",""
"254200020","JUDYTY","2012","11","05",2.9,"","W",0,"9",0,"8","","8",".",""
"254200020","JUDYTY","2012","11","06",13.3,"","W",0,"9",0,"8","","8",".",""
"254200020","JUDYTY","2012","11","07",3.7,"","W",0,"9",0,"8","","8",".",""
"254200020","JUDYTY","2012","11","08",2.6,"","W",0,"9",0,"8","","8",".",""
"254200020","JUDYTY","2012","11","09",.4,"","W",0,"9",0,"8","","8",".",""
"254200020","JUDYTY","2012","11","11",1.6,"","W",0,"9",0,"8","","8",".",""
"254200020","JUDYTY","2012","11","12",.4,"","W",0,"9",0,"8","","8",".",""
"254200020","JUDYTY","2012","11","22",.3,"","W",0,"9",0,"8","","8",".",""
"254200020","JUDYTY","2012","11","24",3.5,"","W",0,"9",0,"8","","8",".",""
"254200020","JUDYTY","2012","11","25",.5,"","W",0,"9",0,"8","","8",".",""
"254200020","JUDYTY","2012","11","26",1.1,"","W",0,"9",0,"8","","8",".",""
"254200020","JUDYTY","2012","11","27",1.6,"","W",0,"9",0,"8","","8",".",""
"254200020","JUDYTY","2012","11","28",12.5,"","W",0,"9",0,"8","","8",".",""
"254200020","JUDYTY","2012","11","29",13.2,"","W",0,"9",0,"8","","8",".",""
"254200020","JUDYTY","2012","11","30",2.1,"","W",0,"9",0,"8","","8",".",""
"254200030","G”ROWO I£AWECKIE","2012","11","01",2.4,"","W",0,"9",0,"8","","8",".",""
"254200030","G”ROWO I£AWECKIE","2012","11","03",4.5,"","W",0,"9",0,"8","","8",".",""
"254200030","G”ROWO I£AWECKIE","2012","11","04",8.8,"","W",0,"9",0,"8","","8",".",""
"254200030","G”ROWO I£AWECKIE","2012","11","05",4.9,"","W",0,"9",0,"8","","8",".",""
"254200030","G”ROWO I£AWECKIE","2012","11","06",14.0,"","W",0,"9",0,"8","","8",".",""
"254200030","G”ROWO I£AWECKIE","2012","11","07",4.4,"","W",0,"9",0,"8","","8",".",""
"254200030","G”ROWO I£AWECKIE","2012","11","08",6.1,"","W",0,"9",0,"8","","8",".",""
"254200030","G”ROWO I£AWECKIE","2012","11","09",4.9,"","W",0,"9",0,"8","","8",".",""
"254200030","G”ROWO I£AWECKIE","2012","11","11",3.0,"","W",0,"9",0,"8","","8",".",""
"254200030","G”ROWO I£AWECKIE","2012","11","19",.3,"","W",0,"9",0,"8","","8",".",""
"254200030","G”ROWO I£AWECKIE","2012","11","24",4.3,"","W",0,"9",0,"8","","8",".",""
"254200030","G”ROWO I£AWECKIE","2012","11","25",1.1,"","W",0,"9",0,"8","","8",".",""
"254200030","G”ROWO I£AWECKIE","2012","11","26",1.2,"","W",0,"9",0,"8","","8",".",""
"254200030","G”ROWO I£AWECKIE","2012","11","27",1.3,"","W",0,"9",0,"8","","8",".",""
"254200030","G”ROWO I£AWECKIE","2012","11","28",9.0,"","W",0,"9",0,"8","","8",".",""
"254200030","G”ROWO I£AWECKIE","2012","11","29",15.1,"","W",0,"9",0,"8","","8",".",""
"254200030","G”ROWO I£AWECKIE","2012","11","30",1.2,"","W",0,"9",0,"8","","8",".",""
"254200040","BARTOSZYCE","2012","11","01",1.5,"","W",0,"9",0,"8","","8",".",""
"254200040","BARTOSZYCE","2012","11","02",.1,"","W",0,"9",0,"8","","8",".",""
"254200040","BARTOSZYCE","2012","11","03",2.5,"","W",0,"9",0,"8","","8",".",""
"254200040","BARTOSZYCE","2012","11","04",10.5,"","W",0,"9",0,"8","","8",".",""
"254200040","BARTOSZYCE","2012","11","05",3.7,"","W",0,"9",0,"8","","8",".",""
"254200040","BARTOSZYCE","2012","11","06",14.6,"","W",0,"9",0,"8","","8",".",""
"254200040","BARTOSZYCE","2012","11","07",5.6,"","W",0,"9",0,"8","","8",".",""
"254200040","BARTOSZYCE","2012","11","08",2.8,"","W",0,"9",0,"8","","8",".",""
"254200040","BARTOSZYCE","2012","11","09",1.7,"","W",0,"9",0,"8","","8",".",""
"254200040","BARTOSZYCE","2012","11","11",2.3,"","W",0,"9",0,"8","","8",".",""
"254200040","BARTOSZYCE","2012","11","18",.3,"","W",0,"9",0,"8","","8",".",""
"254200040","BARTOSZYCE","2012","11","19",.1,"","W",0,"9",0,"8","","8",".",""
"254200040","BARTOSZYCE","2012","11","23",.4,"","W",0,"9",0,"8","","8",".",""
"254200040","BARTOSZYCE","2012","11","24",2.4,"","W",0,"9",0,"8","","8",".",""
"254200040","BARTOSZYCE","2012","11","25",.6,"","W",0,"9",0,"8","","8",".",""
"254200040","BARTOSZYCE","2012","11","26",1.6,"","W",0,"9",0,"8","","8",".",""
"254200040","BARTOSZYCE","2012","11","27",1.9,"","W",0,"9",0,"8","","8",".",""
"254200040","BARTOSZYCE","2012","11","28",11.5,"","W",0,"9",0,"8","","8",".",""
"254200040","BARTOSZYCE","2012","11","29",18.1,"","W",0,"9",0,"8","","8",".",""
"254200040","BARTOSZYCE","2012","11","30",1.1,"","W",0,"9",0,"8","","8",".",""
"254200060","GALINY","2012","11","01",1.6,"","W",0,"9",0,"8","","8",".",""
"254200060","GALINY","2012","11","03",1.1,"","W",0,"9",0,"8","","8",".",""
"254200060","GALINY","2012","11","04",10.2,"","W",0,"9",0,"8","","8",".",""
"254200060","GALINY","2012","11","05",3.0,"","W",0,"9",0,"8","","8",".",""
"254200060","GALINY","2012","11","06",6.3,"","W",0,"9",0,"8","","8",".",""
"254200060","GALINY","2012","11","07",3.3,"","W",0,"9",0,"8","","8",".",""
"254200060","GALINY","2012","11","08",2.9,"","W",0,"9",0,"8","","8",".",""
"254200060","GALINY","2012","11","09",3.2,"","W",0,"9",0,"8","","8",".",""
"254200060","GALINY","2012","11","11",1.4,"","W",0,"9",0,"8","","8",".",""
"254200060","GALINY","2012","11","22",.9,"","W",0,"9",0,"8","","8",".",""
"254200060","GALINY","2012","11","24",1.8,"","W",0,"9",0,"8","","8",".",""
"254200060","GALINY","2012","11","26",1.4,"","W",0,"9",0,"8","","8",".",""
"254200060","GALINY","2012","11","27",1.7,"","W",0,"9",0,"8","","8",".",""
"254200060","GALINY","2012","11","28",9.5,"","W",0,"9",0,"8","","8",".",""
"254200060","GALINY","2012","11","29",16.1,"","W",0,"9",0,"8","","8",".",""
"254200070","KASZUNY","2012","11","01",2.3,"","S",0,"9",0,"8","","8",".",""
"254200070","KASZUNY","2012","11","03",1.3,"","W",0,"9",0,"8","","8",".",""
"254200070","KASZUNY","2012","11","04",7.3,"","W",0,"9",0,"8","","8",".",""
"254200070","KASZUNY","2012","11","05",1.8,"","W",0,"9",0,"8","","8",".",""
"254200070","KASZUNY","2012","11","06",13.4,"","W",0,"9",0,"8","","8",".",""
"254200070","KASZUNY","2012","11","07",.8,"","W",0,"9",0,"8","","8",".",""
"254200070","KASZUNY","2012","11","08",2.8,"","W",0,"9",0,"8","","8",".",""
"254200070","KASZUNY","2012","11","09",2.3,"","W",0,"9",0,"8","","8",".",""
"254200070","KASZUNY","2012","11","11",1.7,"","W",0,"9",0,"8","","8",".",""
"254200070","KASZUNY","2012","11","24",1.7,"","W",0,"9",0,"8","","8",".",""
"254200070","KASZUNY","2012","11","25",.6,"","W",0,"9",0,"8","","8",".",""
"254200070","KASZUNY","2012","11","26",.9,"","W",0,"9",0,"8","","8",".",""
"254200070","KASZUNY","2012","11","27",1.2,"","W",0,"9",0,"8","","8",".",""
"254200070","KASZUNY","2012","11","28",8.2,"","W",0,"9",0,"8","","8",".",""
"254200070","KASZUNY","2012","11","29",14.0,"","W",0,"9",0,"8","","8",".",""
"254200070","KASZUNY","2012","11","30",1.3,"","S",0,"9",0,"8","","8",".",""
"254200090","LUBOMINO","2012","11","01",3.5,"","W",0,"9",0,"8","","8",".",""
"254200090","LUBOMINO","2012","11","03",1.1,"","W",0,"9",0,"8","","8",".",""
"254200090","LUBOMINO","2012","11","04",7.5,"","W",0,"9",0,"8","","8",".",""
"254200090","LUBOMINO","2012","11","05",3.9,"","W",0,"9",0,"8","","8",".",""
"254200090","LUBOMINO","2012","11","06",10.6,"","W",0,"9",0,"8","","8",".",""
"254200090","LUBOMINO","2012","11","07",1.1,"","W",0,"9",0,"8","","8",".",""
"254200090","LUBOMINO","2012","11","08",2.8,"","W",0,"9",0,"8","","8",".",""
"254200090","LUBOMINO","2012","11","09",2.1,"","W",0,"9",0,"8","","8",".",""
"254200090","LUBOMINO","2012","11","11",1.5,"","W",0,"9",0,"8","","8",".",""
"254200090","LUBOMINO","2012","11","24",4.1,"","W",0,"9",0,"8","","8",".",""
"254200090","LUBOMINO","2012","11","25",1.3,"","W",0,"9",0,"8","","8",".",""
"254200090","LUBOMINO","2012","11","26",.2,"","W",0,"9",0,"8","","8",".",""
"254200090","LUBOMINO","2012","11","27",1.8,"","W",0,"9",0,"8","","8",".",""
"254200090","LUBOMINO","2012","11","28",9.2,"","W",0,"9",0,"8","","8",".",""
"254200090","LUBOMINO","2012","11","29",15.8,"","W",0,"9",0,"8","","8",".",""
"254200090","LUBOMINO","2012","11","30",1.5,"","W",0,"9",0,"8","","8",".",""
"254200110","WICHROWO","2012","11","01",2.2,"","W",0,"9",0,"8","","8",".",""
"254200110","WICHROWO","2012","11","02",.1,"","W",0,"9",0,"8","","8",".",""
"254200110","WICHROWO","2012","11","03",1.0,"","W",0,"9",0,"8","","8",".",""
"254200110","WICHROWO","2012","11","04",6.4,"","W",0,"9",0,"8","","8",".",""
"254200110","WICHROWO","2012","11","05",1.8,"","W",0,"9",0,"8","","8",".",""
"254200110","WICHROWO","2012","11","06",12.3,"","W",0,"9",0,"8","","8",".",""
"254200110","WICHROWO","2012","11","07",.9,"","W",0,"9",0,"8","","8",".",""
"254200110","WICHROWO","2012","11","08",2.9,"","W",0,"9",0,"8","","8",".",""
"254200110","WICHROWO","2012","11","09",2.0,"","W",0,"9",0,"8","","8",".",""
"254200110","WICHROWO","2012","11","11",.8,"","W",0,"9",0,"8","","8",".",""
"254200110","WICHROWO","2012","11","24",3.3,"","W",0,"9",0,"8","","8",".",""
"254200110","WICHROWO","2012","11","27",2.9,"","W",0,"9",0,"8","","8",".",""
"254200110","WICHROWO","2012","11","28",6.9,"","W",0,"9",0,"8","","8",".",""
"254200110","WICHROWO","2012","11","29",19.2,"","W",0,"9",0,"8","","8",".",""
"254200110","WICHROWO","2012","11","30",1.1,"","W",0,"9",0,"8","","8",".",""
"254210010","BARCIANY","2012","11","01",2.2,"","W",0,"9",0,"8","","8",".",""
"254210010","BARCIANY","2012","11","03",1.1,"","W",0,"9",0,"8","","8",".",""
"254210010","BARCIANY","2012","11","04",10.4,"","W",0,"9",0,"8","","8",".",""
"254210010","BARCIANY","2012","11","05",2.6,"","W",0,"9",0,"8","","8",".",""
"254210010","BARCIANY","2012","11","06",5.3,"","W",0,"9",0,"8","","8",".",""
"254210010","BARCIANY","2012","11","07",3.3,"","W",0,"9",0,"8","","8",".",""
"254210010","BARCIANY","2012","11","08",1.2,"","W",0,"9",0,"8","","8",".",""
"254210010","BARCIANY","2012","11","09",1.1,"","W",0,"9",0,"8","","8",".",""
"254210010","BARCIANY","2012","11","11",2.2,"","W",0,"9",0,"8","","8",".",""
"254210010","BARCIANY","2012","11","22",.7,"","W",0,"9",0,"8","","8",".",""
"254210010","BARCIANY","2012","11","24",3.6,"","W",0,"9",0,"8","","8",".",""
"254210010","BARCIANY","2012","11","26",1.2,"","W",0,"9",0,"8","","8",".",""
"254210010","BARCIANY","2012","11","27",3.1,"","W",0,"9",0,"8","","8",".",""
"254210010","BARCIANY","2012","11","28",6.6,"","W",0,"9",0,"8","","8",".",""
"254210010","BARCIANY","2012","11","29",13.0,"","W",0,"9",0,"8","","8",".",""
"254210010","BARCIANY","2012","11","30",1.0,"","W",0,"9",0,"8","","8",".",""
"254210020","W GORZEWO","2012","11","01",1.4,"","W",0,"9",0,"8","","8",".",""
"254210020","W GORZEWO","2012","11","02",.2,"","W",0,"9",0,"8","","8",".",""
"254210020","W GORZEWO","2012","11","03",.8,"","W",0,"9",0,"8","","8",".",""
"254210020","W GORZEWO","2012","11","04",3.3,"","W",0,"9",0,"8","","8",".",""
"254210020","W GORZEWO","2012","11","05",6.2,"","W",0,"9",0,"8","","8",".",""
"254210020","W GORZEWO","2012","11","06",3.6,"","W",0,"9",0,"8","","8",".",""
"254210020","W GORZEWO","2012","11","07",2.2,"","W",0,"9",0,"8","","8",".",""
"254210020","W GORZEWO","2012","11","08",1.5,"","W",0,"9",0,"8","","8",".",""
"254210020","W GORZEWO","2012","11","09",2.6,"","W",0,"9",0,"8","","8",".",""
"254210020","W GORZEWO","2012","11","11",1.5,"","W",0,"9",0,"8","","8",".",""
"254210020","W GORZEWO","2012","11","12",.7,"","W",0,"9",0,"8","","8",".",""
"254210020","W GORZEWO","2012","11","13",.1,"","W",0,"9",0,"8","","8",".",""
"254210020","W GORZEWO","2012","11","22",.5,"","W",0,"9",0,"8","","8",".",""
"254210020","W GORZEWO","2012","11","24",5.1,"","W",0,"9",0,"8","","8",".",""
"254210020","W GORZEWO","2012","11","25",.3,"","W",0,"9",0,"8","","8",".",""
"254210020","W GORZEWO","2012","11","27",3.3,"","W",0,"9",0,"8","","8",".",""
"254210020","W GORZEWO","2012","11","28",5.7,"","W",0,"9",0,"8","","8",".",""
"254210020","W GORZEWO","2012","11","29",7.7,"","W",0,"9",0,"8","","8",".",""
"254210020","W GORZEWO","2012","11","30",1.4,"","W",0,"9",0,"8","","8",".",""
"254210030","G£OWBITY","2012","11","01",1.7,"","W",0,"9",0,"8","","8",".",""
"254210030","G£OWBITY","2012","11","03",1.3,"","W",0,"9",0,"8","","8",".",""
"254210030","G£OWBITY","2012","11","04",10.4,"","W",0,"9",0,"8","","8",".",""
"254210030","G£OWBITY","2012","11","05",4.6,"","W",0,"9",0,"8","","8",".",""
"254210030","G£OWBITY","2012","11","06",3.2,"","W",0,"9",0,"8","","8",".",""
"254210030","G£OWBITY","2012","11","07",2.1,"","W",0,"9",0,"8","","8",".",""
"254210030","G£OWBITY","2012","11","08",1.3,"","W",0,"9",0,"8","","8",".",""
"254210030","G£OWBITY","2012","11","09",3.1,"","W",0,"9",0,"8","","8",".",""
"254210030","G£OWBITY","2012","11","11",2.3,"","W",0,"9",0,"8","","8",".",""
"254210030","G£OWBITY","2012","11","22",.9,"","W",0,"9",0,"8","","8",".",""
"254210030","G£OWBITY","2012","11","24",2.7,"","W",0,"9",0,"8","","8",".",""
"254210030","G£OWBITY","2012","11","26",1.3,"","W",0,"9",0,"8","","8",".",""
"254210030","G£OWBITY","2012","11","27",3.7,"","W",0,"9",0,"8","","8",".",""
"254210030","G£OWBITY","2012","11","28",7.4,"","W",0,"9",0,"8","","8",".",""
"254210030","G£OWBITY","2012","11","29",17.6,"","W",0,"9",0,"8","","8",".",""
"254210050","PRZERWANKI","2012","11","01",2.8,"","W",0,"9",0,"8","","8",".",""
"254210050","PRZERWANKI","2012","11","02",.8,"","W",0,"9",0,"8","","8",".",""
"254210050","PRZERWANKI","2012","11","03",2.6,"","W",0,"9",0,"8","","8",".",""
"254210050","PRZERWANKI","2012","11","04",2.0,"","W",0,"9",0,"8","","8",".",""
"254210050","PRZERWANKI","2012","11","05",8.0,"","W",0,"9",0,"8","","8",".",""
"254210050","PRZERWANKI","2012","11","06",10.5,"","W",0,"9",0,"8","","8",".",""
"254210050","PRZERWANKI","2012","11","07",3.0,"","W",0,"9",0,"8","","8",".",""
"254210050","PRZERWANKI","2012","11","08",2.8,"","W",0,"9",0,"8","","8",".",""
"254210050","PRZERWANKI","2012","11","09",2.1,"","W",0,"9",0,"8","","8",".",""
"254210050","PRZERWANKI","2012","11","11",1.0,"","W",0,"9",0,"8","","8",".",""
"254210050","PRZERWANKI","2012","11","12",.4,"","W",0,"9",0,"8","","8",".",""
"254210050","PRZERWANKI","2012","11","18",.3,"","W",0,"9",0,"8","","8",".",""
"254210050","PRZERWANKI","2012","11","22",1.9,"","W",0,"9",0,"8","","8",".",""
"254210050","PRZERWANKI","2012","11","24",4.0,"","W",0,"9",0,"8","","8",".",""
"254210050","PRZERWANKI","2012","11","25",.7,"","W",0,"9",0,"8","","8",".",""
"254210050","PRZERWANKI","2012","11","26",.4,"","W",0,"9",0,"8","","8",".",""
"254210050","PRZERWANKI","2012","11","27",3.4,"","W",0,"9",0,"8","","8",".",""
"254210050","PRZERWANKI","2012","11","28",4.2,"","W",0,"9",0,"8","","8",".",""
"254210050","PRZERWANKI","2012","11","29",7.1,"","W",0,"9",0,"8","","8",".",""
"254210050","PRZERWANKI","2012","11","30",1.3,"","W",0,"9",0,"8","","8",".",""
"254210060","WILKOWO","2012","11","01",1.7,"","W",0,"9",0,"8","","8",".",""
"254210060","WILKOWO","2012","11","03",.2,"","W",0,"9",0,"8","","8",".",""
"254210060","WILKOWO","2012","11","04",4.5,"","W",0,"9",0,"8","","8",".",""
"254210060","WILKOWO","2012","11","05",4.0,"","W",0,"9",0,"8","","8",".",""
"254210060","WILKOWO","2012","11","06",5.7,"","W",0,"9",0,"8","","8",".",""
"254210060","WILKOWO","2012","11","07",2.6,"","W",0,"9",0,"8","","8",".",""
"254210060","WILKOWO","2012","11","08",1.0,"","W",0,"9",0,"8","","8",".",""
"254210060","WILKOWO","2012","11","09",2.1,"","W",0,"9",0,"8","","8",".",""
"254210060","WILKOWO","2012","11","13",.9,"","W",0,"9",0,"8","","8",".",""
"254210060","WILKOWO","2012","11","19",.5,"","W",0,"9",0,"8","","8",".",""
"254210060","WILKOWO","2012","11","24",1.6,"","W",0,"9",0,"8","","8",".",""
"254210060","WILKOWO","2012","11","26",1.1,"","W",0,"9",0,"8","","8",".",""
"254210060","WILKOWO","2012","11","27",3.0,"","W",0,"9",0,"8","","8",".",""
"254210060","WILKOWO","2012","11","28",3.7,"","W",0,"9",0,"8","","8",".",""
"254210060","WILKOWO","2012","11","29",10.7,"","W",0,"9",0,"8","","8",".",""
"254210060","WILKOWO","2012","11","30",.3,"","W",0,"9",0,"8","","8",".",""
"254220010","ØYTKIEJMY","2012","11","01",3.6,"","W",0,"9",0,"8","","8",".",""
"254220010","ØYTKIEJMY","2012","11","02",1.7,"","W",0,"9",0,"8","","8",".",""
"254220010","ØYTKIEJMY","2012","11","03",2.3,"","W",0,"9",0,"8","","8",".",""
"254220010","ØYTKIEJMY","2012","11","04",.0,"","W",0,"9",0,"8","","8",".",""
"254220010","ØYTKIEJMY","2012","11","05",5.2,"","W",0,"9",0,"8","","8",".",""
"254220010","ØYTKIEJMY","2012","11","06",6.3,"","W",0,"9",0,"8","","8",".",""
"254220010","ØYTKIEJMY","2012","11","07",7.8,"","W",0,"9",0,"8","","8",".",""
"254220010","ØYTKIEJMY","2012","11","08",2.7,"","W",0,"9",0,"8","","8",".",""
"254220010","ØYTKIEJMY","2012","11","09",.7,"","W",0,"9",0,"8","","8",".",""
"254220010","ØYTKIEJMY","2012","11","11",1.8,"","W",0,"9",0,"8","","8",".",""
"254220010","ØYTKIEJMY","2012","11","15",3.4,"","W",0,"9",0,"8","","8",".",""
"254220010","ØYTKIEJMY","2012","11","20",1.2,"","W",0,"9",0,"8","","8",".",""
"254220010","ØYTKIEJMY","2012","11","22",.3,"","W",0,"9",0,"8","","8",".",""
"254220010","ØYTKIEJMY","2012","11","23",.3,"","W",0,"9",0,"8","","8",".",""
"254220010","ØYTKIEJMY","2012","11","24",4.2,"","W",0,"9",0,"8","","8",".",""
"254220010","ØYTKIEJMY","2012","11","25",.6,"","W",0,"9",0,"8","","8",".",""
"254220010","ØYTKIEJMY","2012","11","26",.2,"","W",0,"9",0,"8","","8",".",""
"254220010","ØYTKIEJMY","2012","11","27",4.5,"","W",0,"9",0,"8","","8",".",""
"254220010","ØYTKIEJMY","2012","11","28",2.1,"","W",0,"9",0,"8","","8",".",""
"254220010","ØYTKIEJMY","2012","11","29",5.5,"","W",0,"9",0,"8","","8",".",""
"254220010","ØYTKIEJMY","2012","11","30",.4,"","S",0,"9",0,"8","","8",".",""
"254220020","ØABIN","2012","11","01",1.3,"","W",0,"9",0,"8","","8",".",""
"254220020","ØABIN","2012","11","02",.4,"","W",0,"9",0,"8","","8",".",""
"254220020","ØABIN","2012","11","03",2.2,"","W",0,"9",0,"8","","8",".",""
"254220020","ØABIN","2012","11","04",1.9,"","W",0,"9",0,"8","","8",".",""
"254220020","ØABIN","2012","11","05",6.1,"","W",0,"9",0,"8","","8",".",""
"254220020","ØABIN","2012","11","06",6.3,"","W",0,"9",0,"8","","8",".",""
"254220020","ØABIN","2012","11","07",2.2,"","W",0,"9",0,"8","","8",".",""
"254220020","ØABIN","2012","11","08",1.6,"","W",0,"9",0,"8","","8",".",""
"254220020","ØABIN","2012","11","09",1.5,"","W",0,"9",0,"8","","8",".",""
"254220020","ØABIN","2012","11","11",1.2,"","W",0,"9",0,"8","","8",".",""
"254220020","ØABIN","2012","11","12",.8,"","W",0,"9",0,"8","","8",".",""
"254220020","ØABIN","2012","11","22",.7,"","W",0,"9",0,"8","","8",".",""
"254220020","ØABIN","2012","11","24",4.2,"","W",0,"9",0,"8","","8",".",""
"254220020","ØABIN","2012","11","25",.4,"","W",0,"9",0,"8","","8",".",""
"254220020","ØABIN","2012","11","27",3.0,"","W",0,"9",0,"8","","8",".",""
"254220020","ØABIN","2012","11","28",4.5,"","W",0,"9",0,"8","","8",".",""
"254220020","ØABIN","2012","11","29",10.4,"","W",0,"9",0,"8","","8",".",""
"254220020","ØABIN","2012","11","30",1.2,"","W",0,"9",0,"8","","8",".",""
"254220040","DUBENINKI","2012","11","01",2.5,"","W",0,"9",0,"8","","8",".",""
"254220040","DUBENINKI","2012","11","02",4.4,"","W",0,"9",0,"8","","8",".",""
"254220040","DUBENINKI","2012","11","03",2.6,"","W",0,"9",0,"8","","8",".",""
"254220040","DUBENINKI","2012","11","04",.4,"","W",0,"9",0,"8","","8",".",""
"254220040","DUBENINKI","2012","11","05",6.2,"","W",0,"9",0,"8","","8",".",""
"254220040","DUBENINKI","2012","11","06",6.5,"","W",0,"9",0,"8","","8",".",""
"254220040","DUBENINKI","2012","11","07",5.5,"","W",0,"9",0,"8","","8",".",""
"254220040","DUBENINKI","2012","11","08",4.1,"","W",0,"9",0,"8","","8",".",""
"254220040","DUBENINKI","2012","11","09",1.8,"","W",0,"9",0,"8","","8",".",""
"254220040","DUBENINKI","2012","11","11",1.5,"","W",0,"9",0,"8","","8",".",""
"254220040","DUBENINKI","2012","11","22",.2,"","W",0,"9",0,"8","","8",".",""
"254220040","DUBENINKI","2012","11","24",4.5,"","W",0,"9",0,"8","","8",".",""
"254220040","DUBENINKI","2012","11","25",.6,"","W",0,"9",0,"8","","8",".",""
"254220040","DUBENINKI","2012","11","26",.2,"","W",0,"9",0,"8","","8",".",""
"254220040","DUBENINKI","2012","11","27",4.5,"","W",0,"9",0,"8","","8",".",""
"254220040","DUBENINKI","2012","11","28",3.5,"","W",0,"9",0,"8","","8",".",""
"254220040","DUBENINKI","2012","11","29",6.1,"","W",0,"9",0,"8","","8",".",""
"254220040","DUBENINKI","2012","11","30",1.0,"","S",0,"9",0,"8","","8",".",""
"254220050","SIDORY","2012","11","01",2.3,"","W",0,"9",0,"8","","8",".",""
"254220050","SIDORY","2012","11","02",3.1,"","W",0,"9",0,"8","","8",".",""
"254220050","SIDORY","2012","11","03",2.1,"","W",0,"9",0,"8","","8",".",""
"254220050","SIDORY","2012","11","04",.5,"","W",0,"9",0,"8","","8",".",""
"254220050","SIDORY","2012","11","05",5.7,"","W",0,"9",0,"8","","8",".",""
"254220050","SIDORY","2012","11","06",6.3,"","W",0,"9",0,"8","","8",".",""
"254220050","SIDORY","2012","11","07",6.1,"","W",0,"9",0,"8","","8",".",""
"254220050","SIDORY","2012","11","08",3.5,"","W",0,"9",0,"8","","8",".",""
"254220050","SIDORY","2012","11","09",2.7,"","W",0,"9",0,"8","","8",".",""
"254220050","SIDORY","2012","11","11",2.3,"","W",0,"9",0,"8","","8",".",""
"254220050","SIDORY","2012","11","18",.0,"","W",0,"9",0,"8","","8",".",""
"254220050","SIDORY","2012","11","19",.2,"","W",0,"9",0,"8","","8",".",""
"254220050","SIDORY","2012","11","20",.0,"","W",0,"9",0,"8","","8",".",""
"254220050","SIDORY","2012","11","22",.1,"","W",0,"9",0,"8","","8",".",""
"254220050","SIDORY","2012","11","23",.2,"","W",0,"9",0,"8","","8",".",""
"254220050","SIDORY","2012","11","24",3.0,"","W",0,"9",0,"8","","8",".",""
"254220050","SIDORY","2012","11","25",.7,"","W",0,"9",0,"8","","8",".",""
"254220050","SIDORY","2012","11","26",.1,"","W",0,"9",0,"8","","8",".",""
"254220050","SIDORY","2012","11","27",4.5,"","W",0,"9",0,"8","","8",".",""
"254220050","SIDORY","2012","11","28",2.4,"","W",0,"9",0,"8","","8",".",""
"254220050","SIDORY","2012","11","29",5.0,"","W",0,"9",0,"8","","8",".",""
"254220050","SIDORY","2012","11","30",.3,"","S",0,"9",0,"8","","8",".",""
"254220060","BANIE MAZURSKIE","2012","11","01",2.2,"","W",0,"9",0,"8","","8",".",""
"254220060","BANIE MAZURSKIE","2012","11","02",1.0,"","W",0,"9",0,"8","","8",".",""
"254220060","BANIE MAZURSKIE","2012","11","03",3.2,"","W",0,"9",0,"8","","8",".",""
"254220060","BANIE MAZURSKIE","2012","11","04",2.0,"","W",0,"9",0,"8","","8",".",""
"254220060","BANIE MAZURSKIE","2012","11","05",7.5,"","W",0,"9",0,"8","","8",".",""
"254220060","BANIE MAZURSKIE","2012","11","06",4.7,"","W",0,"9",0,"8","","8",".",""
"254220060","BANIE MAZURSKIE","2012","11","07",3.7,"","W",0,"9",0,"8","","8",".",""
"254220060","BANIE MAZURSKIE","2012","11","08",1.5,"","W",0,"9",0,"8","","8",".",""
"254220060","BANIE MAZURSKIE","2012","11","09",.9,"","W",0,"9",0,"8","","8",".",""
"254220060","BANIE MAZURSKIE","2012","11","10",.0,"","W",0,"9",0,"8","","8",".",""
"254220060","BANIE MAZURSKIE","2012","11","11",.9,"","W",0,"9",0,"8","","8",".",""
"254220060","BANIE MAZURSKIE","2012","11","12",.4,"","W",0,"9",0,"8","","8",".",""
"254220060","BANIE MAZURSKIE","2012","11","13",.1,"","W",0,"9",0,"8","","8",".",""
"254220060","BANIE MAZURSKIE","2012","11","15",.0,"","W",0,"9",0,"8","","8",".",""
"254220060","BANIE MAZURSKIE","2012","11","16",.0,"","W",0,"9",0,"8","","8",".",""
"254220060","BANIE MAZURSKIE","2012","11","17",.0,"","W",0,"9",0,"8","","8",".",""
"254220060","BANIE MAZURSKIE","2012","11","21",.0,"","W",0,"9",0,"8","","8",".",""
"254220060","BANIE MAZURSKIE","2012","11","22",.4,"","W",0,"9",0,"8","","8",".",""
"254220060","BANIE MAZURSKIE","2012","11","23",.3,"","W",0,"9",0,"8","","8",".",""
"254220060","BANIE MAZURSKIE","2012","11","24",4.0,"","W",0,"9",0,"8","","8",".",""
"254220060","BANIE MAZURSKIE","2012","11","25",.4,"","W",0,"9",0,"8","","8",".",""
"254220060","BANIE MAZURSKIE","2012","11","26",.1,"","W",0,"9",0,"8","","8",".",""
"254220060","BANIE MAZURSKIE","2012","11","27",3.6,"","W",0,"9",0,"8","","8",".",""
"254220060","BANIE MAZURSKIE","2012","11","28",3.3,"","W",0,"9",0,"8","","8",".",""
"254220060","BANIE MAZURSKIE","2012","11","29",8.5,"","W",0,"9",0,"8","","8",".",""
"254220060","BANIE MAZURSKIE","2012","11","30",1.6,"","S",0,"9",0,"8","","8",".",""
"254220070","KOWALE OLECKIE","2012","11","01",4.5,"","W",0,"9",0,"8","","8",".",""
"254220070","KOWALE OLECKIE","2012","11","02",3.1,"","W",0,"9",0,"8","","8",".",""
"254220070","KOWALE OLECKIE","2012","11","03",2.6,"","W",0,"9",0,"8","","8",".",""
"254220070","KOWALE OLECKIE","2012","11","04",3.4,"","W",0,"9",0,"8","","8",".",""
"254220070","KOWALE OLECKIE","2012","11","05",6.1,"","W",0,"9",0,"8","","8",".",""
"254220070","KOWALE OLECKIE","2012","11","06",8.2,"","W",0,"9",0,"8","","8",".",""
"254220070","KOWALE OLECKIE","2012","11","07",4.5,"","W",0,"9",0,"8","","8",".",""
"254220070","KOWALE OLECKIE","2012","11","08",2.3,"","W",0,"9",0,"8","","8",".",""
"254220070","KOWALE OLECKIE","2012","11","09",2.9,"","W",0,"9",0,"8","","8",".",""
"254220070","KOWALE OLECKIE","2012","11","11",2.5,"","W",0,"9",0,"8","","8",".",""
"254220070","KOWALE OLECKIE","2012","11","12",2.0,"","W",0,"9",0,"8","","8",".",""
"254220070","KOWALE OLECKIE","2012","11","18",.3,"","W",0,"9",0,"8","","8",".",""
"254220070","KOWALE OLECKIE","2012","11","24",3.1,"","W",0,"9",0,"8","","8",".",""
"254220070","KOWALE OLECKIE","2012","11","25",.4,"","W",0,"9",0,"8","","8",".",""
"254220070","KOWALE OLECKIE","2012","11","27",2.4,"","W",0,"9",0,"8","","8",".",""
"254220070","KOWALE OLECKIE","2012","11","28",4.3,"","W",0,"9",0,"8","","8",".",""
"254220070","KOWALE OLECKIE","2012","11","29",6.4,"","W",0,"9",0,"8","","8",".",""
"254220070","KOWALE OLECKIE","2012","11","30",.7,"","W",0,"9",0,"8","","8",".",""
"254220080","BAKA£ARZEWO","2012","11","01",2.8,"","W",0,"9",0,"8","","8",".",""
"254220080","BAKA£ARZEWO","2012","11","02",2.6,"","W",0,"9",0,"8","","8",".",""
"254220080","BAKA£ARZEWO","2012","11","03",2.1,"","W",0,"9",0,"8","","8",".",""
"254220080","BAKA£ARZEWO","2012","11","04",3.2,"","W",0,"9",0,"8","","8",".",""
"254220080","BAKA£ARZEWO","2012","11","05",5.4,"","W",0,"9",0,"8","","8",".",""
"254220080","BAKA£ARZEWO","2012","11","06",3.1,"","W",0,"9",0,"8","","8",".",""
"254220080","BAKA£ARZEWO","2012","11","07",2.6,"","W",0,"9",0,"8","","8",".",""
"254220080","BAKA£ARZEWO","2012","11","08",2.6,"","W",0,"9",0,"8","","8",".",""
"254220080","BAKA£ARZEWO","2012","11","09",1.5,"","W",0,"9",0,"8","","8",".",""
"254220080","BAKA£ARZEWO","2012","11","11",1.7,"","W",0,"9",0,"8","","8",".",""
"254220080","BAKA£ARZEWO","2012","11","12",.3,"","W",0,"9",0,"8","","8",".",""
"254220080","BAKA£ARZEWO","2012","11","20",.3,"","W",0,"9",0,"8","","8",".",""
"254220080","BAKA£ARZEWO","2012","11","22",.2,"","W",0,"9",0,"8","","8",".",""
"254220080","BAKA£ARZEWO","2012","11","24",5.0,"","W",0,"9",0,"8","","8",".",""
"254220080","BAKA£ARZEWO","2012","11","25",1.0,"","W",0,"9",0,"8","","8",".",""
"254220080","BAKA£ARZEWO","2012","11","27",6.6,"","W",0,"9",0,"8","","8",".",""
"254220080","BAKA£ARZEWO","2012","11","28",2.6,"","W",0,"9",0,"8","","8",".",""
"254220080","BAKA£ARZEWO","2012","11","29",4.7,"","W",0,"9",0,"8","","8",".",""
"254220080","BAKA£ARZEWO","2012","11","30",1.2,"","W",0,"9",0,"8","","8",".",""
"254230010","ALEKSANDR”WKA","2012","11","01",2.9,"","W",0,"9",0,"8","","8",".",""
"254230010","ALEKSANDR”WKA","2012","11","02",1.7,"","W",0,"9",0,"8","","8",".",""
"254230010","ALEKSANDR”WKA","2012","11","03",2.1,"","W",0,"9",0,"8","","8",".",""
"254230010","ALEKSANDR”WKA","2012","11","04",.9,"","W",0,"9",0,"8","","8",".",""
"254230010","ALEKSANDR”WKA","2012","11","05",6.2,"","W",0,"9",0,"8","","8",".",""
"254230010","ALEKSANDR”WKA","2012","11","06",7.8,"","W",0,"9",0,"8","","8",".",""
"254230010","ALEKSANDR”WKA","2012","11","07",6.4,"","W",0,"9",0,"8","","8",".",""
"254230010","ALEKSANDR”WKA","2012","11","08",3.4,"","W",0,"9",0,"8","","8",".",""
"254230010","ALEKSANDR”WKA","2012","11","09",1.0,"","W",0,"9",0,"8","","8",".",""
"254230010","ALEKSANDR”WKA","2012","11","11",1.8,"","W",0,"9",0,"8","","8",".",""
"254230010","ALEKSANDR”WKA","2012","11","15",2.5,"","W",0,"9",0,"8","","8",".",""
"254230010","ALEKSANDR”WKA","2012","11","21",.0,"","W",0,"9",0,"8","","8",".",""
"254230010","ALEKSANDR”WKA","2012","11","22",.3,"","W",0,"9",0,"8","","8",".",""
"254230010","ALEKSANDR”WKA","2012","11","24",3.0,"","W",0,"9",0,"8","","8",".",""
"254230010","ALEKSANDR”WKA","2012","11","25",.6,"","W",0,"9",0,"8","","8",".",""
"254230010","ALEKSANDR”WKA","2012","11","27",6.5,"","W",0,"9",0,"8","","8",".",""
"254230010","ALEKSANDR”WKA","2012","11","28",3.2,"","W",0,"9",0,"8","","8",".",""
"254230010","ALEKSANDR”WKA","2012","11","29",5.5,"","W",0,"9",0,"8","","8",".",""
"254230010","ALEKSANDR”WKA","2012","11","30",.3,"","W",0,"9",0,"8","","8",".",""
"254230020","SEJNY","2012","11","01",3.1,"","W",0,"9",0,"8","","8",".",""
"254230020","SEJNY","2012","11","02",5.2,"","W",0,"9",0,"8","","8",".",""
"254230020","SEJNY","2012","11","03",1.7,"","W",0,"9",0,"8","","8",".",""
"254230020","SEJNY","2012","11","04",.4,"","W",0,"9",0,"8","","8",".",""
"254230020","SEJNY","2012","11","05",7.9,"","W",0,"9",0,"8","","8",".",""
"254230020","SEJNY","2012","11","06",3.2,"","W",0,"9",0,"8","","8",".",""
"254230020","SEJNY","2012","11","07",3.8,"","W",0,"9",0,"8","","8",".",""
"254230020","SEJNY","2012","11","08",1.1,"","W",0,"9",0,"8","","8",".",""
"254230020","SEJNY","2012","11","09",.5,"","W",0,"9",0,"8","","8",".",""
"254230020","SEJNY","2012","11","11",.2,"","W",0,"9",0,"8","","8",".",""
"254230020","SEJNY","2012","11","24",2.3,"","W",0,"9",0,"8","","8",".",""
"254230020","SEJNY","2012","11","25",.6,"","W",0,"9",0,"8","","8",".",""
"254230020","SEJNY","2012","11","26",.2,"","W",0,"9",0,"8","","8",".",""
"254230020","SEJNY","2012","11","27",7.7,"","W",0,"9",0,"8","","8",".",""
"254230020","SEJNY","2012","11","28",1.3,"","W",0,"9",0,"8","","8",".",""
"254230020","SEJNY","2012","11","29",2.9,"","W",0,"9",0,"8","","8",".",""
"254230020","SEJNY","2012","11","30",.7,"","S",0,"9",0,"8","","8",".",""
"254230030","STARY FOLWARK","2012","11","01",.6,"","W",0,"9",0,"8","","8",".",""
"254230030","STARY FOLWARK","2012","11","02",4.3,"","W",0,"9",0,"8","","8",".",""
"254230030","STARY FOLWARK","2012","11","03",1.7,"","W",0,"9",0,"8","","8",".",""
"254230030","STARY FOLWARK","2012","11","04",.7,"","W",0,"9",0,"8","","8",".",""
"254230030","STARY FOLWARK","2012","11","05",6.6,"","W",0,"9",0,"8","","8",".",""
"254230030","STARY FOLWARK","2012","11","06",4.4,"","W",0,"9",0,"8","","8",".",""
"254230030","STARY FOLWARK","2012","11","07",2.9,"","W",0,"9",0,"8","","8",".",""
"254230030","STARY FOLWARK","2012","11","08",2.1,"","W",0,"9",0,"8","","8",".",""
"254230030","STARY FOLWARK","2012","11","09",.4,"","W",0,"9",0,"8","","8",".",""
"254230030","STARY FOLWARK","2012","11","11",.2,"","W",0,"9",0,"8","","8",".",""
"254230030","STARY FOLWARK","2012","11","24",3.1,"","W",0,"9",0,"8","","8",".",""
"254230030","STARY FOLWARK","2012","11","25",.3,"","W",0,"9",0,"8","","8",".",""
"254230030","STARY FOLWARK","2012","11","27",8.7,"","W",0,"9",0,"8","","8",".",""
"254230030","STARY FOLWARK","2012","11","28",1.0,"","W",0,"9",0,"8","","8",".",""
"254230030","STARY FOLWARK","2012","11","29",2.6,"","W",0,"9",0,"8","","8",".",""
"254230030","STARY FOLWARK","2012","11","30",.1,"","W",0,"9",0,"8","","8",".",""
